0.0 0.0 0.146032918424940372
0.0 1.0 0.130054038032465791
0.0 2.0 0.160490849871874841
0.0 3.0 0.190608810911038429
0.0 4.0 0.139767969241177487
1.0 0.0 0.143207027825855399
1.0 1.0 0.187086754902175467
1.0 2.0 0.157842892755327868
1.0 3.0 0.141403704290849752
1.0 4.0 0.133175197429906245
2.0 0.0 0.127818322075842983
2.0 1.0 0.163818240703780066
2.0 2.0 0.187827308506254759
2.0 3.0 0.155907784497197610
2.0 4.0 0.124695524996393164
3.0 0.0 0.157553170898165090
3.0 1.0 0.161012354801992885
3.0 2.0 0.138471504547256985
3.0 3.0 0.144845058949378991
3.0 4.0 0.145383076707235548
4.0 0.0 0.172148383778934710
4.0 1.0 0.095473881950065315
4.0 2.0 0.131429202920537058
4.0 3.0 0.128512413460859343
4.0 4.0 0.209688214237814641
5.0 0.0 0.124499911566925567
5.0 1.0 0.126724869497322146
5.0 2.0 0.194102258148496409
5.0 3.0 0.147255726095585349
5.0 4.0 0.175583802477781409
6.0 0.0 0.132555690332222753
6.0 1.0 0.192427980698216955
6.0 2.0 0.124552649000404636
6.0 3.0 0.182388450747240916
6.0 4.0 0.123414690989090151
7.0 0.0 0.100443725323112382
7.0 1.0 0.148308301691634975
7.0 2.0 0.150536297816561970
7.0 3.0 0.156812926209715015
7.0 4.0 0.198843327698466688
8.0 0.0 0.116630488639935609
8.0 1.0 0.148540967809988461
8.0 2.0 0.164958256867371256
8.0 3.0 0.209801726809300260
8.0 4.0 0.104266950572198897
9.0 0.0 0.136569611215185016
9.0 1.0 0.165809304003306346
9.0 2.0 0.153807310332987779
9.0 3.0 0.193186397259323128
9.0 4.0 0.114404123861169105
10.0 0.0 0.149053473430974165
10.0 1.0 0.134512592571833400
10.0 2.0 0.109814938170897436
10.0 3.0 0.164307329783333844
10.0 4.0 0.192859166722891356
11.0 0.0 0.187589100261041086
11.0 1.0 0.146740431171976299
11.0 2.0 0.151919118697720346
11.0 3.0 0.171260781977803117
11.0 4.0 0.128131279264401127
12.0 0.0 0.137474528339062541
12.0 1.0 0.145496878878115438
12.0 2.0 0.238426754140723590
12.0 3.0 0.089433927114646816
12.0 4.0 0.142607184563697642
13.0 0.0 0.143945313228424993
13.0 1.0 0.164069394206174113
13.0 2.0 0.169391167164561457
13.0 3.0 0.147519771044297587
13.0 4.0 0.135455235701602505
14.0 0.0 0.130509908732260760
14.0 1.0 0.154866650271979461
14.0 2.0 0.167520054005419083
14.0 3.0 0.168624457668443306
14.0 4.0 0.145234749295364451
15.0 0.0 0.151314745258903455
15.0 1.0 0.157281645807229947
15.0 2.0 0.151110247755000149
15.0 3.0 0.182931841088980474
15.0 4.0 0.129816508887562021
16.0 0.0 0.198452660052861940
16.0 1.0 0.110398966847320007
16.0 2.0 0.157578590216951142
16.0 3.0 0.150836363825146730
16.0 4.0 0.171326829270667808
17.0 0.0 0.098772829278001795
17.0 1.0 0.200339059801392994
17.0 2.0 0.147395563468021712
17.0 3.0 0.157457037182446052
17.0 4.0 0.172586996207189924
18.0 0.0 0.105595741920548075
18.0 1.0 0.160643350423798292
18.0 2.0 0.134115680137978754
18.0 3.0 0.153180860266904861
18.0 4.0 0.186360518647293166
19.0 0.0 0.062567678063483845
19.0 1.0 0.226947324874383849
19.0 2.0 0.160251439598649320
19.0 3.0 0.140238917910666228
19.0 4.0 0.134433600917667317
20.0 0.0 0.152630033412682192
20.0 1.0 0.183819809108771826
20.0 2.0 0.112884816220328532
20.0 3.0 0.181249682801938927
20.0 4.0 0.162401502237996653
21.0 0.0 0.173014880029749019
21.0 1.0 0.158522590066159652
21.0 2.0 0.124980926167272466
21.0 3.0 0.116925308303763437
21.0 4.0 0.191493450054793346
22.0 0.0 0.130314779561661709
22.0 1.0 0.114771108613015732
22.0 2.0 0.196101607823328361
22.0 3.0 0.139008326703105783
22.0 4.0 0.182277438772186245
23.0 0.0 0.140331132117686025
23.0 1.0 0.154386289367320739
23.0 2.0 0.146956495218646677
23.0 3.0 0.144669655353267812
23.0 4.0 0.208613199595511167
24.0 0.0 0.176668709441185096
24.0 1.0 0.099311435237044471
24.0 2.0 0.182163276181256301
24.0 3.0 0.177506984881294932
24.0 4.0 0.111658793778438389
25.0 0.0 0.160530307870827949
25.0 1.0 0.175143663639600239
25.0 2.0 0.196639648690228319
25.0 3.0 0.125964689223022397
25.0 4.0 0.126019016871431994
26.0 0.0 0.155856442553232249
26.0 1.0 0.188998998934922668
26.0 2.0 0.116619487265077454
26.0 3.0 0.146926317637953746
26.0 4.0 0.126149237515752494
27.0 0.0 0.176559193734063091
27.0 1.0 0.122608989976095373
27.0 2.0 0.132499200384515459
27.0 3.0 0.192328783255177160
27.0 4.0 0.152791790265415728
28.0 0.0 0.156861815007790090
28.0 1.0 0.080886882928989379
28.0 2.0 0.140347556016444219
28.0 3.0 0.197394018401215510
28.0 4.0 0.199880594725178051
29.0 0.0 0.145300021100367133
29.0 1.0 0.085038341867169714
29.0 2.0 0.180892329316742650
29.0 3.0 0.173133940358075500
29.0 4.0 0.219103409789237508
30.0 0.0 0.119064927277131194
30.0 1.0 0.161527604148392068
30.0 2.0 0.113075495511590227
30.0 3.0 0.155412856886802508
30.0 4.0 0.173126882965112472
31.0 0.0 0.132563264448009477
31.0 1.0 0.152368234506631783
31.0 2.0 0.193369000080529013
31.0 3.0 0.126606034350876973
31.0 4.0 0.170093057461447816
32.0 0.0 0.153970153241354185
32.0 1.0 0.166245777782216997
32.0 2.0 0.152902149491778938
32.0 3.0 0.125858724717631348
32.0 4.0 0.185157489585501350
33.0 0.0 0.151033694815400854
33.0 1.0 0.115561623801361368
33.0 2.0 0.160000103984273029
33.0 3.0 0.193167249130982904
33.0 4.0 0.166706647361891613
34.0 0.0 0.165503455132137600
34.0 1.0 0.190790172913468475
34.0 2.0 0.124181519598779835
34.0 3.0 0.194387166851411441
34.0 4.0 0.095478770938806121
35.0 0.0 0.125154117817202759
35.0 1.0 0.159661181875956099
35.0 2.0 0.170724730240121275
35.0 3.0 0.146213563238045546
35.0 4.0 0.180736525333829223
36.0 0.0 0.202928089271340401
36.0 1.0 0.127119368137496247
36.0 2.0 0.126789218121458186
36.0 3.0 0.143509615212042890
36.0 4.0 0.171104618315047918
37.0 0.0 0.147520570590635058
37.0 1.0 0.108142311782077602
37.0 2.0 0.160706645843668117
37.0 3.0 0.112798132691241559
37.0 4.0 0.204273021211727857
38.0 0.0 0.122282463000226604
38.0 1.0 0.142463597069534015
38.0 2.0 0.146342740273527006
38.0 3.0 0.127131238084659703
38.0 4.0 0.199435427208586563
39.0 0.0 0.129136569464142453
39.0 1.0 0.193198855946835002
39.0 2.0 0.116064494022027453
39.0 3.0 0.143134052287833075
39.0 4.0 0.152052206306606152
40.0 0.0 0.173855553032779914
40.0 1.0 0.157115114593244731
40.0 2.0 0.197520667205068029
40.0 3.0 0.142806086939122778
40.0 4.0 0.158223317283866155
41.0 0.0 0.130333128215033622
41.0 1.0 0.150134604957426337
41.0 2.0 0.165548375747679499
41.0 3.0 0.148101432091732099
41.0 4.0 0.166285144964617548
42.0 0.0 0.175299517495127316
42.0 1.0 0.116256096708067996
42.0 2.0 0.200672815154442685
42.0 3.0 0.125268520704725994
42.0 4.0 0.157788795130978876
43.0 0.0 0.133215507728192128
43.0 1.0 0.153780512848064599
43.0 2.0 0.195617905684576876
43.0 3.0 0.190097879861503949
43.0 4.0 0.120810108368820279
44.0 0.0 0.152165510069167675
44.0 1.0 0.156700134903009686
44.0 2.0 0.096367025515500720
44.0 3.0 0.156204120742929081
44.0 4.0 0.187452330343781115
45.0 0.0 0.125960685386988264
45.0 1.0 0.159367006020507740
45.0 2.0 0.132994990026333498
45.0 3.0 0.173435023845959574
45.0 4.0 0.179420548957597348
46.0 0.0 0.129317061952856638
46.0 1.0 0.153148360868767791
46.0 2.0 0.193686237634018488
46.0 3.0 0.127739899679498142
46.0 4.0 0.182143221240683995
47.0 0.0 0.176310298112148905
47.0 1.0 0.180617933878681858
47.0 2.0 0.132341272619028449
47.0 3.0 0.125536443319375302
47.0 4.0 0.161846024438353525
48.0 0.0 0.133209394099519818
48.0 1.0 0.134881590089140663
48.0 2.0 0.178876886012277886
48.0 3.0 0.181604123020216668
48.0 4.0 0.148661239251065835
49.0 0.0 0.147203689639389734
49.0 1.0 0.088976291870832752
49.0 2.0 0.190816091822039652
49.0 3.0 0.198068004456596780
49.0 4.0 0.132236317238303092
50.0 0.0 0.092257478783119740
50.0 1.0 0.141534874357861884
50.0 2.0 0.214982470473819132
50.0 3.0 0.167217980860832782
50.0 4.0 0.141579783704951417
51.0 0.0 0.188545052497729598
51.0 1.0 0.142361579110953901
51.0 2.0 0.175346247609417083
51.0 3.0 0.159359144482093928
51.0 4.0 0.140592868129238435
52.0 0.0 0.144026956659085686
52.0 1.0 0.171836493531338758
52.0 2.0 0.112905074909482581
52.0 3.0 0.115684540398176328
52.0 4.0 0.214133935910092194
53.0 0.0 0.195446913259086669
53.0 1.0 0.160501182056984437
53.0 2.0 0.108292909602138582
53.0 3.0 0.187504405707855620
53.0 4.0 0.129921557338634586
54.0 0.0 0.127815133053538726
54.0 1.0 0.173035192639416219
54.0 2.0 0.166216988036036795
54.0 3.0 0.140616749733451674
54.0 4.0 0.170485502545346224
55.0 0.0 0.173092824866681178
55.0 1.0 0.118660506510201325
55.0 2.0 0.163621000080813261
55.0 3.0 0.166330159892748963
55.0 4.0 0.154450580542930926
56.0 0.0 0.157781987095993392
56.0 1.0 0.162688402409199989
56.0 2.0 0.199625833951056125
56.0 3.0 0.114171008516160438
56.0 4.0 0.157607792083410081
57.0 0.0 0.178816855576739042
57.0 1.0 0.165788178520401924
57.0 2.0 0.147924283187866157
57.0 3.0 0.124665915909340508
57.0 4.0 0.158177939126859374
58.0 0.0 0.199570239435882174
58.0 1.0 0.148927411970806223
58.0 2.0 0.139768109271243390
58.0 3.0 0.130428243582032782
58.0 4.0 0.153690979224554380
59.0 0.0 0.168944361386035496
59.0 1.0 0.117517424711870003
59.0 2.0 0.117860721568803395
59.0 3.0 0.169249451010052565
59.0 4.0 0.188551313509833562
60.0 0.0 0.186292728114113126
60.0 1.0 0.133878724267076199
60.0 2.0 0.157940193053959232
60.0 3.0 0.123203561746379864
60.0 4.0 0.178607967148623425
61.0 0.0 0.141963638770377071
61.0 1.0 0.135202910121085151
61.0 2.0 0.158293563489469935
61.0 3.0 0.170070498857803898
61.0 4.0 0.176379417734583210
62.0 0.0 0.176918748805149073
62.0 1.0 0.102496825420703597
62.0 2.0 0.171129301662111044
62.0 3.0 0.144730777843265296
62.0 4.0 0.146503748173355819
63.0 0.0 0.138293044494464779
63.0 1.0 0.187077612856786590
63.0 2.0 0.128683663126596348
63.0 3.0 0.163776869152686966
63.0 4.0 0.135953948632505095
64.0 0.0 0.222925823830670056
64.0 1.0 0.165485962741892312
64.0 2.0 0.141966098058782741
64.0 3.0 0.137804679199972413
64.0 4.0 0.124963669226823587
65.0 0.0 0.152314953161914513
65.0 1.0 0.155152514717794066
65.0 2.0 0.122025996763967692
65.0 3.0 0.145818329543499658
65.0 4.0 0.167877011365092560
66.0 0.0 0.181572846086142825
66.0 1.0 0.130961117095691026
66.0 2.0 0.120777151133375116
66.0 3.0 0.165748098944559885
66.0 4.0 0.169131412295600914
67.0 0.0 0.239493213220759948
67.0 1.0 0.145663960128274372
67.0 2.0 0.125422575232643135
67.0 3.0 0.135054793216589974
67.0 4.0 0.146255107363356673
68.0 0.0 0.133064082269990280
68.0 1.0 0.141898644350820502
68.0 2.0 0.130466322227524772
68.0 3.0 0.165138699445853965
68.0 4.0 0.201675984696845417
69.0 0.0 0.129468784346516819
69.0 1.0 0.164364872312841165
69.0 2.0 0.113230334390230253
69.0 3.0 0.187579173002219129
69.0 4.0 0.128306913854900118
70.0 0.0 0.203882964650982490
70.0 1.0 0.152298950218922147
70.0 2.0 0.162154913861825567
70.0 3.0 0.164104626953011506
70.0 4.0 0.091023676785213170
71.0 0.0 0.192301631437427401
71.0 1.0 0.163350501955238342
71.0 2.0 0.138594684350753783
71.0 3.0 0.139299196164602790
71.0 4.0 0.163206401973436360
72.0 0.0 0.180393447998895284
72.0 1.0 0.166073985764964821
72.0 2.0 0.160991533347597499
72.0 3.0 0.159304512892927241
72.0 4.0 0.092977549649376892
73.0 0.0 0.147953189128080087
73.0 1.0 0.172188101077645844
73.0 2.0 0.176949429641372113
73.0 3.0 0.107013970163487959
73.0 4.0 0.169127279484161563
74.0 0.0 0.218414786514662340
74.0 1.0 0.142128172088904103
74.0 2.0 0.113188706817754614
74.0 3.0 0.118961853625608849
74.0 4.0 0.155537102310413178
75.0 0.0 0.187479078980383324
75.0 1.0 0.149834024700415652
75.0 2.0 0.094987092560235561
75.0 3.0 0.142713818982142443
75.0 4.0 0.174774635215847879
76.0 0.0 0.153624260732429269
76.0 1.0 0.160239145584555875
76.0 2.0 0.140301470034517956
76.0 3.0 0.157651553378831633
76.0 4.0 0.163370088441667893
77.0 0.0 0.145981460896213722
77.0 1.0 0.202761289146428464
77.0 2.0 0.157957538457719371
77.0 3.0 0.120305377084292731
77.0 4.0 0.171901774574213684
78.0 0.0 0.112500231160230946
78.0 1.0 0.136450062547014694
78.0 2.0 0.166887685750525483
78.0 3.0 0.136330284737234464
78.0 4.0 0.203025337882257823
79.0 0.0 0.151687752360733341
79.0 1.0 0.176814005023716136
79.0 2.0 0.082258257022228332
79.0 3.0 0.175265803739127979
79.0 4.0 0.168109127818107745
80.0 0.0 0.131182631449967058
80.0 1.0 0.099686180292350338
80.0 2.0 0.231568981243389344
80.0 3.0 0.208679724881414175
80.0 4.0 0.110203609932708224
81.0 0.0 0.124735377864122976
81.0 1.0 0.161135940284661161
81.0 2.0 0.101274056284963748
81.0 3.0 0.154259801599466062
81.0 4.0 0.208435681594567823
82.0 0.0 0.171210123312737772
82.0 1.0 0.076699340184162274
82.0 2.0 0.179433148696952732
82.0 3.0 0.180885603983378135
82.0 4.0 0.156156676907657443
83.0 0.0 0.166722283444964925
83.0 1.0 0.143422990142737350
83.0 2.0 0.157645398610607668
83.0 3.0 0.144461323690283749
83.0 4.0 0.148373726753200597
84.0 0.0 0.143818138028481257
84.0 1.0 0.130561595926095730
84.0 2.0 0.153932017256527887
84.0 3.0 0.229220384608174094
84.0 4.0 0.123412122808131269
85.0 0.0 0.187571057298714816
85.0 1.0 0.143990651072520182
85.0 2.0 0.127467332457034538
85.0 3.0 0.135872474803499121
85.0 4.0 0.162751720753303158
86.0 0.0 0.117669202910004989
86.0 1.0 0.117618218583177947
86.0 2.0 0.115957937830428529
86.0 3.0 0.185977570832940253
86.0 4.0 0.183009188413237461
87.0 0.0 0.153261766726933008
87.0 1.0 0.183420562551668442
87.0 2.0 0.117359020236558642
87.0 3.0 0.141230127556148971
87.0 4.0 0.210921012161088550
88.0 0.0 0.115582614032809450
88.0 1.0 0.144137949980999713
88.0 2.0 0.157328903695060751
88.0 3.0 0.202303994551713162
88.0 4.0 0.157909255381327884
89.0 0.0 0.189384635027979475
89.0 1.0 0.109845423395847575
89.0 2.0 0.093772632483477170
89.0 3.0 0.174108461528805214
89.0 4.0 0.183991399383136467
90.0 0.0 0.163864417097089488
90.0 1.0 0.119038310410746639
90.0 2.0 0.190326657626116752
90.0 3.0 0.132916324820386622
90.0 4.0 0.124458248195673082
91.0 0.0 0.145556056357642238
91.0 1.0 0.173854985264109974
91.0 2.0 0.126357909539536684
91.0 3.0 0.121900126439643389
91.0 4.0 0.200072252570011100
92.0 0.0 0.107905593404436603
92.0 1.0 0.216480057214028077
92.0 2.0 0.164175422979691676
92.0 3.0 0.168958356236185436
92.0 4.0 0.105552056959599322
93.0 0.0 0.153296940137668813
93.0 1.0 0.213448293788344456
93.0 2.0 0.129386852882004716
93.0 3.0 0.162413311483644490
93.0 4.0 0.093275109635340220
94.0 0.0 0.199416745640550785
94.0 1.0 0.102571307023795688
94.0 2.0 0.199112244911319014
94.0 3.0 0.122556161677725706
94.0 4.0 0.134074359996428777
95.0 0.0 0.124478520769713163
95.0 1.0 0.128963140650531050
95.0 2.0 0.181198156107444885
95.0 3.0 0.156527463190416521
95.0 4.0 0.167083979222924089
96.0 0.0 0.155349926682332690
96.0 1.0 0.191778293419505058
96.0 2.0 0.156644631559538311
96.0 3.0 0.158818869884163855
96.0 4.0 0.113882407717555853
97.0 0.0 0.180612126687937802
97.0 1.0 0.164313079962996711
97.0 2.0 0.180678321240128503
97.0 3.0 0.136789583098626155
97.0 4.0 0.142683677178904122
98.0 0.0 0.178723348150501948
98.0 1.0 0.163156828040816909
98.0 2.0 0.128196545433676534
98.0 3.0 0.091344116957845306
98.0 4.0 0.175833535985582379
99.0 0.0 0.147985672648204752
99.0 1.0 0.187308052488664722
99.0 2.0 0.177835992764189710
99.0 3.0 0.139431372763397204
99.0 4.0 0.112942799752351539
