0.000000000000000000e+00 0.000000000000000000e+00 1.691961870711055360e-01
0.000000000000000000e+00 1.000000000000000000e+00 1.694356408330020269e-01
0.000000000000000000e+00 2.000000000000000000e+00 1.120034490618118800e-01
0.000000000000000000e+00 3.000000000000000000e+00 1.794176522819594943e-01
0.000000000000000000e+00 4.000000000000000000e+00 1.098443302391259035e-01
1.000000000000000000e+00 0.000000000000000000e+00 2.002100902497412904e-01
1.000000000000000000e+00 1.000000000000000000e+00 1.621574083033607561e-01
1.000000000000000000e+00 2.000000000000000000e+00 1.007091417059077232e-01
1.000000000000000000e+00 3.000000000000000000e+00 1.303190364693052050e-01
1.000000000000000000e+00 4.000000000000000000e+00 1.713561162857271947e-01
2.000000000000000000e+00 0.000000000000000000e+00 1.049435630707657441e-01
2.000000000000000000e+00 1.000000000000000000e+00 1.815512743579810462e-01
2.000000000000000000e+00 2.000000000000000000e+00 1.692675073089007498e-01
2.000000000000000000e+00 3.000000000000000000e+00 1.378739788717120440e-01
2.000000000000000000e+00 4.000000000000000000e+00 1.285762415829029837e-01
3.000000000000000000e+00 0.000000000000000000e+00 1.031611489848218433e-01
3.000000000000000000e+00 1.000000000000000000e+00 1.355078465630481788e-01
3.000000000000000000e+00 2.000000000000000000e+00 1.757108466924958146e-01
3.000000000000000000e+00 3.000000000000000000e+00 1.674239869505229350e-01
3.000000000000000000e+00 4.000000000000000000e+00 1.319504504337902784e-01
4.000000000000000000e+00 0.000000000000000000e+00 1.063118989269582343e-01
4.000000000000000000e+00 1.000000000000000000e+00 1.487097058888620926e-01
4.000000000000000000e+00 2.000000000000000000e+00 1.693855915571554349e-01
4.000000000000000000e+00 3.000000000000000000e+00 1.406809783876450670e-01
4.000000000000000000e+00 4.000000000000000000e+00 8.805246593700231938e-02
5.000000000000000000e+00 0.000000000000000000e+00 1.442387447198679451e-01
5.000000000000000000e+00 1.000000000000000000e+00 1.702999899776756476e-01
5.000000000000000000e+00 2.000000000000000000e+00 1.269644217532060748e-01
5.000000000000000000e+00 3.000000000000000000e+00 9.808897053317372494e-02
5.000000000000000000e+00 4.000000000000000000e+00 1.330653325476659210e-01
6.000000000000000000e+00 0.000000000000000000e+00 1.640668132137301782e-01
6.000000000000000000e+00 1.000000000000000000e+00 1.574278456374493818e-01
6.000000000000000000e+00 2.000000000000000000e+00 8.968821647199966274e-02
6.000000000000000000e+00 3.000000000000000000e+00 1.261334365565504878e-01
6.000000000000000000e+00 4.000000000000000000e+00 1.679361915815597017e-01
7.000000000000000000e+00 0.000000000000000000e+00 1.873376472520168479e-01
7.000000000000000000e+00 1.000000000000000000e+00 1.368586248000997485e-01
7.000000000000000000e+00 2.000000000000000000e+00 8.948983874502150493e-02
7.000000000000000000e+00 3.000000000000000000e+00 7.970428142295077345e-02
7.000000000000000000e+00 4.000000000000000000e+00 2.188704608596533929e-01
8.000000000000000000e+00 0.000000000000000000e+00 1.213241520859254657e-01
8.000000000000000000e+00 1.000000000000000000e+00 1.900001633502744480e-01
8.000000000000000000e+00 2.000000000000000000e+00 1.128936632666832363e-01
8.000000000000000000e+00 3.000000000000000000e+00 1.500971518172224684e-01
8.000000000000000000e+00 4.000000000000000000e+00 1.123080472772460675e-01
9.000000000000000000e+00 0.000000000000000000e+00 1.362216005896638160e-01
9.000000000000000000e+00 1.000000000000000000e+00 1.483607887978306006e-01
9.000000000000000000e+00 2.000000000000000000e+00 1.007089020973325061e-01
9.000000000000000000e+00 3.000000000000000000e+00 1.385077362226185826e-01
9.000000000000000000e+00 4.000000000000000000e+00 1.425398556262973404e-01
1.000000000000000000e+01 0.000000000000000000e+00 1.353556782637872213e-01
1.000000000000000000e+01 1.000000000000000000e+00 1.508282658649948982e-01
1.000000000000000000e+01 2.000000000000000000e+00 1.561970683172841934e-01
1.000000000000000000e+01 3.000000000000000000e+00 1.136920137147710286e-01
1.000000000000000000e+01 4.000000000000000000e+00 1.494726580249407244e-01
1.100000000000000000e+01 0.000000000000000000e+00 1.283065959808571965e-01
1.100000000000000000e+01 1.000000000000000000e+00 1.145898431585534172e-01
1.100000000000000000e+01 2.000000000000000000e+00 1.965458372983569513e-01
1.100000000000000000e+01 3.000000000000000000e+00 1.245185159289748517e-01
1.100000000000000000e+01 4.000000000000000000e+00 1.259756403757021914e-01
1.200000000000000000e+01 0.000000000000000000e+00 1.567942765513696268e-01
1.200000000000000000e+01 1.000000000000000000e+00 1.538070653378145469e-01
1.200000000000000000e+01 2.000000000000000000e+00 1.053545544041857573e-01
1.200000000000000000e+01 3.000000000000000000e+00 1.515561914074948502e-01
1.200000000000000000e+01 4.000000000000000000e+00 1.122787790702042959e-01
1.300000000000000000e+01 0.000000000000000000e+00 8.658563841695562924e-02
1.300000000000000000e+01 1.000000000000000000e+00 1.160462975246085854e-01
1.300000000000000000e+01 2.000000000000000000e+00 1.429690557425927766e-01
1.300000000000000000e+01 3.000000000000000000e+00 2.034389131590857991e-01
1.300000000000000000e+01 4.000000000000000000e+00 1.242790057906851403e-01
1.400000000000000000e+01 0.000000000000000000e+00 1.698454736801175147e-01
1.400000000000000000e+01 1.000000000000000000e+00 1.535345459155183223e-01
1.400000000000000000e+01 2.000000000000000000e+00 1.263213176138875127e-01
1.400000000000000000e+01 3.000000000000000000e+00 1.597398577192437052e-01
1.400000000000000000e+01 4.000000000000000000e+00 1.150057845774139081e-01
1.500000000000000000e+01 0.000000000000000000e+00 1.154492637177817055e-01
1.500000000000000000e+01 1.000000000000000000e+00 1.452892986852150070e-01
1.500000000000000000e+01 2.000000000000000000e+00 1.853220529144175843e-01
1.500000000000000000e+01 3.000000000000000000e+00 1.170649172032479507e-01
1.500000000000000000e+01 4.000000000000000000e+00 1.252706042320420599e-01
1.600000000000000000e+01 0.000000000000000000e+00 1.801462809743525351e-01
1.600000000000000000e+01 1.000000000000000000e+00 1.427869267065622894e-01
1.600000000000000000e+01 2.000000000000000000e+00 8.503722830500602681e-02
1.600000000000000000e+01 3.000000000000000000e+00 1.431654836531335573e-01
1.600000000000000000e+01 4.000000000000000000e+00 1.343602418162379297e-01
1.700000000000000000e+01 0.000000000000000000e+00 1.540480279949069664e-01
1.700000000000000000e+01 1.000000000000000000e+00 1.520408226354555414e-01
1.700000000000000000e+01 2.000000000000000000e+00 1.011347445697714509e-01
1.700000000000000000e+01 3.000000000000000000e+00 1.699538131906945249e-01
1.700000000000000000e+01 4.000000000000000000e+00 1.416593313118129915e-01
1.800000000000000000e+01 0.000000000000000000e+00 1.339987057985457253e-01
1.800000000000000000e+01 1.000000000000000000e+00 1.380726564590026573e-01
1.800000000000000000e+01 2.000000000000000000e+00 1.471281792733994398e-01
1.800000000000000000e+01 3.000000000000000000e+00 1.834198426314936348e-01
1.800000000000000000e+01 4.000000000000000000e+00 9.525995967908668094e-02
1.900000000000000000e+01 0.000000000000000000e+00 1.603209116045756499e-01
1.900000000000000000e+01 1.000000000000000000e+00 1.549752876419274172e-01
1.900000000000000000e+01 2.000000000000000000e+00 1.209427643634619215e-01
1.900000000000000000e+01 3.000000000000000000e+00 1.393385546694114741e-01
1.900000000000000000e+01 4.000000000000000000e+00 1.600223714744940795e-01
2.000000000000000000e+01 0.000000000000000000e+00 1.431207579742654334e-01
2.000000000000000000e+01 1.000000000000000000e+00 1.304268493466346490e-01
2.000000000000000000e+01 2.000000000000000000e+00 1.391376608211604138e-01
2.000000000000000000e+01 3.000000000000000000e+00 1.186349098560690318e-01
2.000000000000000000e+01 4.000000000000000000e+00 1.406333523968927024e-01
2.100000000000000000e+01 0.000000000000000000e+00 1.435202426813050602e-01
2.100000000000000000e+01 1.000000000000000000e+00 1.526760463671453516e-01
2.100000000000000000e+01 2.000000000000000000e+00 1.250161250960502013e-01
2.100000000000000000e+01 3.000000000000000000e+00 1.496821583280421308e-01
2.100000000000000000e+01 4.000000000000000000e+00 1.369624304712628859e-01
2.200000000000000000e+01 0.000000000000000000e+00 8.144148826343752812e-02
2.200000000000000000e+01 1.000000000000000000e+00 1.529136886841786780e-01
2.200000000000000000e+01 2.000000000000000000e+00 1.886244248761473896e-01
2.200000000000000000e+01 3.000000000000000000e+00 1.239205841914257644e-01
2.200000000000000000e+01 4.000000000000000000e+00 1.177102439530953865e-01
2.300000000000000000e+01 0.000000000000000000e+00 1.611290048121481189e-01
2.300000000000000000e+01 1.000000000000000000e+00 1.276511110779184610e-01
2.300000000000000000e+01 2.000000000000000000e+00 1.260071296702683363e-01
2.300000000000000000e+01 3.000000000000000000e+00 8.048750771405988047e-02
2.300000000000000000e+01 4.000000000000000000e+00 2.128437170593705241e-01
2.400000000000000000e+01 0.000000000000000000e+00 1.078846293061160450e-01
2.400000000000000000e+01 1.000000000000000000e+00 1.655379592967954339e-01
2.400000000000000000e+01 2.000000000000000000e+00 1.036556406045324730e-01
2.400000000000000000e+01 3.000000000000000000e+00 1.114771037814524801e-01
2.400000000000000000e+01 4.000000000000000000e+00 1.912102508764990660e-01
2.500000000000000000e+01 0.000000000000000000e+00 1.683124353085052038e-01
2.500000000000000000e+01 1.000000000000000000e+00 1.830570061023368000e-01
2.500000000000000000e+01 2.000000000000000000e+00 1.995970626699963002e-01
2.500000000000000000e+01 3.000000000000000000e+00 1.162915022648778329e-01
2.500000000000000000e+01 4.000000000000000000e+00 8.839494334587567892e-02
2.600000000000000000e+01 0.000000000000000000e+00 2.135956842411216028e-01
2.600000000000000000e+01 1.000000000000000000e+00 1.873443626650034832e-01
2.600000000000000000e+01 2.000000000000000000e+00 1.181480552878475671e-01
2.600000000000000000e+01 3.000000000000000000e+00 8.913515968435267722e-02
2.600000000000000000e+01 4.000000000000000000e+00 1.134129681695193875e-01
2.700000000000000000e+01 0.000000000000000000e+00 1.457676441976839266e-01
2.700000000000000000e+01 1.000000000000000000e+00 1.235695147659221088e-01
2.700000000000000000e+01 2.000000000000000000e+00 1.425405930056660719e-01
2.700000000000000000e+01 3.000000000000000000e+00 1.358760997681738580e-01
2.700000000000000000e+01 4.000000000000000000e+00 1.110257067459321789e-01
2.800000000000000000e+01 0.000000000000000000e+00 9.617385074343258455e-02
2.800000000000000000e+01 1.000000000000000000e+00 1.488304695594649396e-01
2.800000000000000000e+01 2.000000000000000000e+00 1.299261407110957334e-01
2.800000000000000000e+01 3.000000000000000000e+00 1.856312003490094842e-01
2.800000000000000000e+01 4.000000000000000000e+00 1.224774435791225885e-01
2.900000000000000000e+01 0.000000000000000000e+00 1.434627282009673932e-01
2.900000000000000000e+01 1.000000000000000000e+00 1.534029608261939792e-01
2.900000000000000000e+01 2.000000000000000000e+00 7.161222671408658258e-02
2.900000000000000000e+01 3.000000000000000000e+00 2.184604892313271041e-01
2.900000000000000000e+01 4.000000000000000000e+00 1.013805422545156210e-01
3.000000000000000000e+01 0.000000000000000000e+00 1.436376572258627471e-01
3.000000000000000000e+01 1.000000000000000000e+00 1.827893573109969916e-01
3.000000000000000000e+01 2.000000000000000000e+00 1.360236762430566959e-01
3.000000000000000000e+01 3.000000000000000000e+00 1.253368872913065424e-01
3.000000000000000000e+01 4.000000000000000000e+00 1.448206253359961282e-01
3.100000000000000000e+01 0.000000000000000000e+00 1.225468715482044835e-01
3.100000000000000000e+01 1.000000000000000000e+00 1.653432134670320963e-01
3.100000000000000000e+01 2.000000000000000000e+00 1.889722412023940867e-01
3.100000000000000000e+01 3.000000000000000000e+00 1.354592709752841795e-01
3.100000000000000000e+01 4.000000000000000000e+00 1.879318881334588465e-01
3.200000000000000000e+01 0.000000000000000000e+00 1.333914528262315491e-01
3.200000000000000000e+01 1.000000000000000000e+00 9.529951620404485124e-02
3.200000000000000000e+01 2.000000000000000000e+00 1.489512721250523808e-01
3.200000000000000000e+01 3.000000000000000000e+00 1.092624234904945035e-01
3.200000000000000000e+01 4.000000000000000000e+00 1.791768417235319044e-01
3.300000000000000000e+01 0.000000000000000000e+00 1.273226132182228021e-01
3.300000000000000000e+01 1.000000000000000000e+00 1.520891109838280186e-01
3.300000000000000000e+01 2.000000000000000000e+00 1.441090014587242396e-01
3.300000000000000000e+01 3.000000000000000000e+00 1.296109584291502970e-01
3.300000000000000000e+01 4.000000000000000000e+00 1.178532969386630602e-01
3.400000000000000000e+01 0.000000000000000000e+00 1.447281986716440205e-01
3.400000000000000000e+01 1.000000000000000000e+00 9.488971057876426085e-02
3.400000000000000000e+01 2.000000000000000000e+00 1.572039784965528486e-01
3.400000000000000000e+01 3.000000000000000000e+00 1.706687922788123757e-01
3.400000000000000000e+01 4.000000000000000000e+00 1.448686093519430673e-01
3.500000000000000000e+01 0.000000000000000000e+00 1.410990857043732394e-01
3.500000000000000000e+01 1.000000000000000000e+00 1.388209530291729665e-01
3.500000000000000000e+01 2.000000000000000000e+00 1.347424272272785828e-01
3.500000000000000000e+01 3.000000000000000000e+00 1.212628604215024442e-01
3.500000000000000000e+01 4.000000000000000000e+00 1.169374126198398645e-01
3.600000000000000000e+01 0.000000000000000000e+00 1.350251381504117276e-01
3.600000000000000000e+01 1.000000000000000000e+00 9.273097926613318998e-02
3.600000000000000000e+01 2.000000000000000000e+00 1.856393182177197565e-01
3.600000000000000000e+01 3.000000000000000000e+00 1.268342637641063919e-01
3.600000000000000000e+01 4.000000000000000000e+00 1.546814050327110779e-01
3.700000000000000000e+01 0.000000000000000000e+00 1.466704873435204226e-01
3.700000000000000000e+01 1.000000000000000000e+00 1.601285036960831687e-01
3.700000000000000000e+01 2.000000000000000000e+00 9.747271745785576758e-02
3.700000000000000000e+01 3.000000000000000000e+00 2.035946745611951214e-01
3.700000000000000000e+01 4.000000000000000000e+00 1.339648402534837912e-01
3.800000000000000000e+01 0.000000000000000000e+00 1.933792101573519606e-01
3.800000000000000000e+01 1.000000000000000000e+00 1.046363292851773541e-01
3.800000000000000000e+01 2.000000000000000000e+00 1.185654240433552387e-01
3.800000000000000000e+01 3.000000000000000000e+00 1.107461953319580777e-01
3.800000000000000000e+01 4.000000000000000000e+00 1.482867850479474559e-01
3.900000000000000000e+01 0.000000000000000000e+00 1.636841235753301871e-01
3.900000000000000000e+01 1.000000000000000000e+00 1.129145025016526638e-01
3.900000000000000000e+01 2.000000000000000000e+00 1.305590014399680143e-01
3.900000000000000000e+01 3.000000000000000000e+00 1.670358352484954678e-01
3.900000000000000000e+01 4.000000000000000000e+00 1.264869187043821952e-01
4.000000000000000000e+01 0.000000000000000000e+00 1.075103830382834608e-01
4.000000000000000000e+01 1.000000000000000000e+00 1.644502863260551839e-01
4.000000000000000000e+01 2.000000000000000000e+00 1.710306200478112215e-01
4.000000000000000000e+01 3.000000000000000000e+00 1.210494211939029674e-01
4.000000000000000000e+01 4.000000000000000000e+00 1.135098917629325244e-01
4.100000000000000000e+01 0.000000000000000000e+00 1.351107008968809864e-01
4.100000000000000000e+01 1.000000000000000000e+00 1.457369994471668651e-01
4.100000000000000000e+01 2.000000000000000000e+00 1.315410376341009102e-01
4.100000000000000000e+01 3.000000000000000000e+00 1.391169742544363097e-01
4.100000000000000000e+01 4.000000000000000000e+00 1.256711600255171202e-01
4.200000000000000000e+01 0.000000000000000000e+00 1.456425857332771245e-01
4.200000000000000000e+01 1.000000000000000000e+00 1.715056809348533828e-01
4.200000000000000000e+01 2.000000000000000000e+00 1.865696767588947425e-01
4.200000000000000000e+01 3.000000000000000000e+00 1.200397486434495314e-01
4.200000000000000000e+01 4.000000000000000000e+00 1.259348087769782965e-01
4.300000000000000000e+01 0.000000000000000000e+00 1.165886197192358975e-01
4.300000000000000000e+01 1.000000000000000000e+00 1.007219570641701839e-01
4.300000000000000000e+01 2.000000000000000000e+00 1.735364672328661706e-01
4.300000000000000000e+01 3.000000000000000000e+00 1.594035415937799238e-01
4.300000000000000000e+01 4.000000000000000000e+00 1.570552874588407588e-01
4.400000000000000000e+01 0.000000000000000000e+00 1.633234057945171513e-01
4.400000000000000000e+01 1.000000000000000000e+00 1.213697785068095503e-01
4.400000000000000000e+01 2.000000000000000000e+00 1.278981805371008085e-01
4.400000000000000000e+01 3.000000000000000000e+00 1.491034561702691552e-01
4.400000000000000000e+01 4.000000000000000000e+00 1.426037266330615894e-01
4.500000000000000000e+01 0.000000000000000000e+00 1.642292777726909458e-01
4.500000000000000000e+01 1.000000000000000000e+00 9.897558479602752701e-02
4.500000000000000000e+01 2.000000000000000000e+00 1.260164611831910975e-01
4.500000000000000000e+01 3.000000000000000000e+00 1.917515229414946953e-01
4.500000000000000000e+01 4.000000000000000000e+00 1.051213810888628336e-01
4.600000000000000000e+01 0.000000000000000000e+00 1.557120553327129564e-01
4.600000000000000000e+01 1.000000000000000000e+00 1.280154031952881466e-01
4.600000000000000000e+01 2.000000000000000000e+00 1.735260718580482753e-01
4.600000000000000000e+01 3.000000000000000000e+00 1.103094528079216763e-01
4.600000000000000000e+01 4.000000000000000000e+00 1.391307228341140678e-01
4.700000000000000000e+01 0.000000000000000000e+00 1.607227522771077777e-01
4.700000000000000000e+01 1.000000000000000000e+00 1.520512601249887907e-01
4.700000000000000000e+01 2.000000000000000000e+00 1.027506787588090137e-01
4.700000000000000000e+01 3.000000000000000000e+00 1.955345836076171906e-01
4.700000000000000000e+01 4.000000000000000000e+00 9.454311254104708073e-02
4.800000000000000000e+01 0.000000000000000000e+00 1.609715435428432651e-01
4.800000000000000000e+01 1.000000000000000000e+00 1.339966052021465959e-01
4.800000000000000000e+01 2.000000000000000000e+00 8.148849150783513129e-02
4.800000000000000000e+01 3.000000000000000000e+00 1.295011866028550063e-01
4.800000000000000000e+01 4.000000000000000000e+00 1.525960594578532337e-01
4.900000000000000000e+01 0.000000000000000000e+00 1.444933957179625472e-01
4.900000000000000000e+01 1.000000000000000000e+00 1.149301350031095154e-01
4.900000000000000000e+01 2.000000000000000000e+00 1.572869421065212492e-01
4.900000000000000000e+01 3.000000000000000000e+00 1.410026250750416321e-01
4.900000000000000000e+01 4.000000000000000000e+00 1.750568788878658910e-01
5.000000000000000000e+01 0.000000000000000000e+00 8.187265305841753826e-02
5.000000000000000000e+01 1.000000000000000000e+00 1.851649185004983489e-01
5.000000000000000000e+01 2.000000000000000000e+00 1.380644440885219204e-01
5.000000000000000000e+01 3.000000000000000000e+00 1.667539825371609219e-01
5.000000000000000000e+01 4.000000000000000000e+00 1.634345375325389205e-01
5.100000000000000000e+01 0.000000000000000000e+00 1.716769291262456587e-01
5.100000000000000000e+01 1.000000000000000000e+00 1.654977169663479630e-01
5.100000000000000000e+01 2.000000000000000000e+00 7.888145619783071272e-02
5.100000000000000000e+01 3.000000000000000000e+00 1.367035092423679321e-01
5.100000000000000000e+01 4.000000000000000000e+00 1.355009707754639414e-01
5.200000000000000000e+01 0.000000000000000000e+00 1.285132212726782797e-01
5.200000000000000000e+01 1.000000000000000000e+00 1.091637710151884405e-01
5.200000000000000000e+01 2.000000000000000000e+00 1.670680687433357958e-01
5.200000000000000000e+01 3.000000000000000000e+00 1.608745135879838528e-01
5.200000000000000000e+01 4.000000000000000000e+00 1.044754387254160366e-01
5.300000000000000000e+01 0.000000000000000000e+00 1.096746002499287415e-01
5.300000000000000000e+01 1.000000000000000000e+00 9.231837997935953000e-02
5.300000000000000000e+01 2.000000000000000000e+00 1.437361926488968655e-01
5.300000000000000000e+01 3.000000000000000000e+00 1.426665824998222531e-01
5.300000000000000000e+01 4.000000000000000000e+00 1.746234325890775874e-01
5.400000000000000000e+01 0.000000000000000000e+00 1.594506865756732117e-01
5.400000000000000000e+01 1.000000000000000000e+00 1.094393589386408322e-01
5.400000000000000000e+01 2.000000000000000000e+00 1.236444634426495937e-01
5.400000000000000000e+01 3.000000000000000000e+00 1.385267945493910136e-01
5.400000000000000000e+01 4.000000000000000000e+00 1.711328834608897842e-01
5.500000000000000000e+01 0.000000000000000000e+00 1.912364423179254980e-01
5.500000000000000000e+01 1.000000000000000000e+00 1.071266267307054848e-01
5.500000000000000000e+01 2.000000000000000000e+00 1.509753430524840290e-01
5.500000000000000000e+01 3.000000000000000000e+00 1.085250268140611901e-01
5.500000000000000000e+01 4.000000000000000000e+00 1.549309192584761852e-01
5.600000000000000000e+01 0.000000000000000000e+00 1.270976403125133325e-01
5.600000000000000000e+01 1.000000000000000000e+00 7.658517241112963725e-02
5.600000000000000000e+01 2.000000000000000000e+00 1.686855580656945741e-01
5.600000000000000000e+01 3.000000000000000000e+00 2.071002783686716198e-01
5.600000000000000000e+01 4.000000000000000000e+00 1.191012305979086278e-01
5.700000000000000000e+01 0.000000000000000000e+00 1.309328560671078334e-01
5.700000000000000000e+01 1.000000000000000000e+00 1.227403909873140131e-01
5.700000000000000000e+01 2.000000000000000000e+00 1.369062263651551481e-01
5.700000000000000000e+01 3.000000000000000000e+00 2.049928565470788555e-01
5.700000000000000000e+01 4.000000000000000000e+00 1.261964833346258252e-01
5.800000000000000000e+01 0.000000000000000000e+00 1.346164740395329185e-01
5.800000000000000000e+01 1.000000000000000000e+00 1.402212585516959542e-01
5.800000000000000000e+01 2.000000000000000000e+00 1.713325415955612163e-01
5.800000000000000000e+01 3.000000000000000000e+00 1.214434483912885665e-01
5.800000000000000000e+01 4.000000000000000000e+00 1.115185421104706170e-01
5.900000000000000000e+01 0.000000000000000000e+00 1.156348192634988892e-01
5.900000000000000000e+01 1.000000000000000000e+00 8.451726507050823234e-02
5.900000000000000000e+01 2.000000000000000000e+00 1.442716123175894483e-01
5.900000000000000000e+01 3.000000000000000000e+00 1.096774833116175435e-01
5.900000000000000000e+01 4.000000000000000000e+00 2.389685990857907394e-01
6.000000000000000000e+01 0.000000000000000000e+00 9.727103401491224433e-02
6.000000000000000000e+01 1.000000000000000000e+00 1.739865016320402136e-01
6.000000000000000000e+01 2.000000000000000000e+00 1.890060447163564583e-01
6.000000000000000000e+01 3.000000000000000000e+00 1.282701106511429934e-01
6.000000000000000000e+01 4.000000000000000000e+00 1.310586981265885187e-01
6.100000000000000000e+01 0.000000000000000000e+00 1.484906184904570270e-01
6.100000000000000000e+01 1.000000000000000000e+00 1.206142063466152797e-01
6.100000000000000000e+01 2.000000000000000000e+00 1.581384587598647917e-01
6.100000000000000000e+01 3.000000000000000000e+00 1.591332085721966771e-01
6.100000000000000000e+01 4.000000000000000000e+00 1.308422007665624165e-01
6.200000000000000000e+01 0.000000000000000000e+00 6.757017857552957696e-02
6.200000000000000000e+01 1.000000000000000000e+00 1.476618995585242122e-01
6.200000000000000000e+01 2.000000000000000000e+00 1.066583078671597268e-01
6.200000000000000000e+01 3.000000000000000000e+00 1.514526405531529119e-01
6.200000000000000000e+01 4.000000000000000000e+00 2.381978391082547608e-01
6.300000000000000000e+01 0.000000000000000000e+00 9.284846590970967373e-02
6.300000000000000000e+01 1.000000000000000000e+00 1.245683756299412331e-01
6.300000000000000000e+01 2.000000000000000000e+00 1.627977401789298673e-01
6.300000000000000000e+01 3.000000000000000000e+00 1.654942928929627466e-01
6.300000000000000000e+01 4.000000000000000000e+00 1.355269043911479510e-01
6.400000000000000000e+01 0.000000000000000000e+00 1.426030936288681106e-01
6.400000000000000000e+01 1.000000000000000000e+00 1.187835120452259141e-01
6.400000000000000000e+01 2.000000000000000000e+00 1.791172631599284304e-01
6.400000000000000000e+01 3.000000000000000000e+00 1.058478752606518830e-01
6.400000000000000000e+01 4.000000000000000000e+00 1.066256001595446423e-01
6.500000000000000000e+01 0.000000000000000000e+00 1.435826699265995710e-01
6.500000000000000000e+01 1.000000000000000000e+00 1.881390249729003594e-01
6.500000000000000000e+01 2.000000000000000000e+00 1.885263506977127856e-01
6.500000000000000000e+01 3.000000000000000000e+00 6.605111254819250044e-02
6.500000000000000000e+01 4.000000000000000000e+00 1.111497290544039146e-01
6.600000000000000000e+01 0.000000000000000000e+00 1.281851307927130701e-01
6.600000000000000000e+01 1.000000000000000000e+00 1.586780351095701813e-01
6.600000000000000000e+01 2.000000000000000000e+00 1.451488585586762081e-01
6.600000000000000000e+01 3.000000000000000000e+00 1.763911588005655229e-01
6.600000000000000000e+01 4.000000000000000000e+00 1.346094835472440021e-01
6.700000000000000000e+01 0.000000000000000000e+00 1.547286044490613910e-01
6.700000000000000000e+01 1.000000000000000000e+00 2.003450355542316652e-01
6.700000000000000000e+01 2.000000000000000000e+00 1.055594171157800965e-01
6.700000000000000000e+01 3.000000000000000000e+00 8.295129893944951094e-02
6.700000000000000000e+01 4.000000000000000000e+00 1.512066539921623487e-01
6.800000000000000000e+01 0.000000000000000000e+00 1.340939959877532894e-01
6.800000000000000000e+01 1.000000000000000000e+00 1.473714641606720666e-01
6.800000000000000000e+01 2.000000000000000000e+00 1.080672133308835658e-01
6.800000000000000000e+01 3.000000000000000000e+00 1.570469061675210387e-01
6.800000000000000000e+01 4.000000000000000000e+00 1.156325765393858007e-01
6.900000000000000000e+01 0.000000000000000000e+00 1.472900765443552473e-01
6.900000000000000000e+01 1.000000000000000000e+00 7.597520199430260468e-02
6.900000000000000000e+01 2.000000000000000000e+00 1.467437780211603982e-01
6.900000000000000000e+01 3.000000000000000000e+00 1.476811710816663958e-01
6.900000000000000000e+01 4.000000000000000000e+00 1.633673884769306361e-01
7.000000000000000000e+01 0.000000000000000000e+00 1.227438208143210308e-01
7.000000000000000000e+01 1.000000000000000000e+00 1.415693603440982273e-01
7.000000000000000000e+01 2.000000000000000000e+00 1.347551172071871917e-01
7.000000000000000000e+01 3.000000000000000000e+00 1.195125676562887457e-01
7.000000000000000000e+01 4.000000000000000000e+00 1.916613552012343680e-01
7.100000000000000000e+01 0.000000000000000000e+00 1.583717427391695964e-01
7.100000000000000000e+01 1.000000000000000000e+00 1.067196033592797133e-01
7.100000000000000000e+01 2.000000000000000000e+00 1.672663875456358584e-01
7.100000000000000000e+01 3.000000000000000000e+00 1.114639752263329175e-01
7.100000000000000000e+01 4.000000000000000000e+00 1.760133340610534058e-01
7.200000000000000000e+01 0.000000000000000000e+00 2.029940397552899567e-01
7.200000000000000000e+01 1.000000000000000000e+00 1.125670391686241917e-01
7.200000000000000000e+01 2.000000000000000000e+00 1.137867012801330319e-01
7.200000000000000000e+01 3.000000000000000000e+00 1.179094138489452659e-01
7.200000000000000000e+01 4.000000000000000000e+00 1.614877444024649666e-01
7.300000000000000000e+01 0.000000000000000000e+00 1.189307013965304610e-01
7.300000000000000000e+01 1.000000000000000000e+00 1.324872556925730527e-01
7.300000000000000000e+01 2.000000000000000000e+00 1.520708888386450297e-01
7.300000000000000000e+01 3.000000000000000000e+00 1.969144940599065197e-01
7.300000000000000000e+01 4.000000000000000000e+00 1.107637072031576742e-01
7.400000000000000000e+01 0.000000000000000000e+00 9.984767699815252917e-02
7.400000000000000000e+01 1.000000000000000000e+00 1.327267621676443410e-01
7.400000000000000000e+01 2.000000000000000000e+00 1.461130327328102052e-01
7.400000000000000000e+01 3.000000000000000000e+00 1.781098170552458115e-01
7.400000000000000000e+01 4.000000000000000000e+00 1.782158651899863333e-01
7.500000000000000000e+01 0.000000000000000000e+00 1.465638845082143371e-01
7.500000000000000000e+01 1.000000000000000000e+00 1.580004223050521239e-01
7.500000000000000000e+01 2.000000000000000000e+00 1.301474051364868434e-01
7.500000000000000000e+01 3.000000000000000000e+00 1.229174670038791356e-01
7.500000000000000000e+01 4.000000000000000000e+00 9.805901306010091079e-02
7.600000000000000000e+01 0.000000000000000000e+00 1.788968805949215923e-01
7.600000000000000000e+01 1.000000000000000000e+00 1.566441519156912543e-01
7.600000000000000000e+01 2.000000000000000000e+00 1.856238434290972961e-01
7.600000000000000000e+01 3.000000000000000000e+00 8.847056048838533582e-02
7.600000000000000000e+01 4.000000000000000000e+00 1.057882029496957366e-01
7.700000000000000000e+01 0.000000000000000000e+00 1.585739809224604724e-01
7.700000000000000000e+01 1.000000000000000000e+00 1.216194145046342323e-01
7.700000000000000000e+01 2.000000000000000000e+00 9.991677388168238028e-02
7.700000000000000000e+01 3.000000000000000000e+00 1.966469161880441963e-01
7.700000000000000000e+01 4.000000000000000000e+00 1.275402306292482968e-01
7.800000000000000000e+01 0.000000000000000000e+00 1.153810241653165369e-01
7.800000000000000000e+01 1.000000000000000000e+00 1.070487155946183988e-01
7.800000000000000000e+01 2.000000000000000000e+00 1.963415327087338347e-01
7.800000000000000000e+01 3.000000000000000000e+00 1.478735848408652687e-01
7.800000000000000000e+01 4.000000000000000000e+00 1.528359330702976082e-01
7.900000000000000000e+01 0.000000000000000000e+00 1.343413688974059994e-01
7.900000000000000000e+01 1.000000000000000000e+00 2.026953838869557933e-01
7.900000000000000000e+01 2.000000000000000000e+00 1.396610614079521751e-01
7.900000000000000000e+01 3.000000000000000000e+00 1.375666178410561158e-01
7.900000000000000000e+01 4.000000000000000000e+00 1.200021317049386194e-01
8.000000000000000000e+01 0.000000000000000000e+00 1.950530037973623454e-01
8.000000000000000000e+01 1.000000000000000000e+00 1.205639622402392835e-01
8.000000000000000000e+01 2.000000000000000000e+00 1.036258907636383869e-01
8.000000000000000000e+01 3.000000000000000000e+00 1.234749105501055516e-01
8.000000000000000000e+01 4.000000000000000000e+00 1.484254869530217957e-01
8.100000000000000000e+01 0.000000000000000000e+00 1.761810854615846189e-01
8.100000000000000000e+01 1.000000000000000000e+00 1.147592774606364385e-01
8.100000000000000000e+01 2.000000000000000000e+00 1.638989228131819409e-01
8.100000000000000000e+01 3.000000000000000000e+00 1.319059372935270369e-01
8.100000000000000000e+01 4.000000000000000000e+00 1.411201839334350061e-01
8.200000000000000000e+01 0.000000000000000000e+00 1.146770884264928791e-01
8.200000000000000000e+01 1.000000000000000000e+00 1.264032915995433604e-01
8.200000000000000000e+01 2.000000000000000000e+00 1.681257736112680146e-01
8.200000000000000000e+01 3.000000000000000000e+00 1.423271387294153256e-01
8.200000000000000000e+01 4.000000000000000000e+00 1.188884474058542889e-01
8.300000000000000000e+01 0.000000000000000000e+00 1.208451560892468274e-01
8.300000000000000000e+01 1.000000000000000000e+00 1.673922734571145210e-01
8.300000000000000000e+01 2.000000000000000000e+00 1.254751939591454979e-01
8.300000000000000000e+01 3.000000000000000000e+00 1.932970773535410691e-01
8.300000000000000000e+01 4.000000000000000000e+00 1.208539980398125463e-01
8.400000000000000000e+01 0.000000000000000000e+00 2.367599980149373007e-01
8.400000000000000000e+01 1.000000000000000000e+00 1.205013651065122704e-01
8.400000000000000000e+01 2.000000000000000000e+00 1.672021127968254250e-01
8.400000000000000000e+01 3.000000000000000000e+00 1.042314135481774012e-01
8.400000000000000000e+01 4.000000000000000000e+00 1.166293774865741761e-01
8.500000000000000000e+01 0.000000000000000000e+00 2.046063779344538258e-01
8.500000000000000000e+01 1.000000000000000000e+00 1.457367554752154459e-01
8.500000000000000000e+01 2.000000000000000000e+00 1.078322328050749374e-01
8.500000000000000000e+01 3.000000000000000000e+00 1.895038169150370377e-01
8.500000000000000000e+01 4.000000000000000000e+00 1.068641247962928281e-01
8.600000000000000000e+01 0.000000000000000000e+00 1.943633029942183066e-01
8.600000000000000000e+01 1.000000000000000000e+00 1.207045541319368004e-01
8.600000000000000000e+01 2.000000000000000000e+00 9.344533180783561044e-02
8.600000000000000000e+01 3.000000000000000000e+00 1.230976103504873853e-01
8.600000000000000000e+01 4.000000000000000000e+00 1.576668185633996466e-01
8.700000000000000000e+01 0.000000000000000000e+00 1.250100358069854423e-01
8.700000000000000000e+01 1.000000000000000000e+00 1.498608420915709949e-01
8.700000000000000000e+01 2.000000000000000000e+00 8.239617859361976493e-02
8.700000000000000000e+01 3.000000000000000000e+00 1.902592148971807839e-01
8.700000000000000000e+01 4.000000000000000000e+00 1.239533169724885281e-01
8.800000000000000000e+01 0.000000000000000000e+00 1.671476782599401190e-01
8.800000000000000000e+01 1.000000000000000000e+00 1.580447581161794623e-01
8.800000000000000000e+01 2.000000000000000000e+00 1.052768116161990758e-01
8.800000000000000000e+01 3.000000000000000000e+00 1.341806936917758486e-01
8.800000000000000000e+01 4.000000000000000000e+00 1.910680801285106756e-01
8.900000000000000000e+01 0.000000000000000000e+00 1.543026633265396907e-01
8.900000000000000000e+01 1.000000000000000000e+00 1.575615420864406591e-01
8.900000000000000000e+01 2.000000000000000000e+00 1.443682656109442353e-01
8.900000000000000000e+01 3.000000000000000000e+00 1.417650623723944736e-01
8.900000000000000000e+01 4.000000000000000000e+00 1.161354421057225195e-01
9.000000000000000000e+01 0.000000000000000000e+00 1.875388670467330599e-01
9.000000000000000000e+01 1.000000000000000000e+00 9.918892082310028224e-02
9.000000000000000000e+01 2.000000000000000000e+00 1.561905061022947072e-01
9.000000000000000000e+01 3.000000000000000000e+00 1.283385956314903875e-01
9.000000000000000000e+01 4.000000000000000000e+00 1.348524218763071381e-01
9.100000000000000000e+01 0.000000000000000000e+00 1.766557264925898429e-01
9.100000000000000000e+01 1.000000000000000000e+00 1.280783922633189631e-01
9.100000000000000000e+01 2.000000000000000000e+00 1.183756896741412767e-01
9.100000000000000000e+01 3.000000000000000000e+00 1.397230420025289688e-01
9.100000000000000000e+01 4.000000000000000000e+00 1.746705882895087103e-01
9.200000000000000000e+01 0.000000000000000000e+00 1.522416041840611856e-01
9.200000000000000000e+01 1.000000000000000000e+00 1.264022649639103824e-01
9.200000000000000000e+01 2.000000000000000000e+00 1.436490170458327720e-01
9.200000000000000000e+01 3.000000000000000000e+00 1.958066625553145645e-01
9.200000000000000000e+01 4.000000000000000000e+00 1.059071852708627498e-01
9.300000000000000000e+01 0.000000000000000000e+00 1.579053946085453852e-01
9.300000000000000000e+01 1.000000000000000000e+00 9.198670680688077195e-02
9.300000000000000000e+01 2.000000000000000000e+00 1.222697241459511641e-01
9.300000000000000000e+01 3.000000000000000000e+00 1.641375431446354949e-01
9.300000000000000000e+01 4.000000000000000000e+00 1.281744572723989284e-01
9.400000000000000000e+01 0.000000000000000000e+00 1.912764371339958358e-01
9.400000000000000000e+01 1.000000000000000000e+00 1.060718492097349336e-01
9.400000000000000000e+01 2.000000000000000000e+00 1.331904182298042638e-01
9.400000000000000000e+01 3.000000000000000000e+00 1.091512103903415631e-01
9.400000000000000000e+01 4.000000000000000000e+00 1.840042447569089079e-01
9.500000000000000000e+01 0.000000000000000000e+00 1.437426516379927688e-01
9.500000000000000000e+01 1.000000000000000000e+00 1.065030339784402841e-01
9.500000000000000000e+01 2.000000000000000000e+00 1.469366183960471861e-01
9.500000000000000000e+01 3.000000000000000000e+00 1.704647512169161216e-01
9.500000000000000000e+01 4.000000000000000000e+00 1.485598234830524389e-01
9.600000000000000000e+01 0.000000000000000000e+00 1.771816389456163654e-01
9.600000000000000000e+01 1.000000000000000000e+00 1.801011605527782222e-01
9.600000000000000000e+01 2.000000000000000000e+00 9.647550225351209097e-02
9.600000000000000000e+01 3.000000000000000000e+00 1.264745565651329839e-01
9.600000000000000000e+01 4.000000000000000000e+00 1.267941241084309389e-01
9.700000000000000000e+01 0.000000000000000000e+00 1.793469712830311757e-01
9.700000000000000000e+01 1.000000000000000000e+00 1.824076661979680269e-01
9.700000000000000000e+01 2.000000000000000000e+00 1.081669291607203487e-01
9.700000000000000000e+01 3.000000000000000000e+00 1.467108738046182248e-01
9.700000000000000000e+01 4.000000000000000000e+00 8.268110549195345493e-02
9.800000000000000000e+01 0.000000000000000000e+00 1.722825467457530790e-01
9.800000000000000000e+01 1.000000000000000000e+00 1.454274337444306509e-01
9.800000000000000000e+01 2.000000000000000000e+00 1.565750905453186792e-01
9.800000000000000000e+01 3.000000000000000000e+00 1.266880612513005544e-01
9.800000000000000000e+01 4.000000000000000000e+00 1.243295539220926338e-01
9.900000000000000000e+01 0.000000000000000000e+00 1.261599423886927418e-01
9.900000000000000000e+01 1.000000000000000000e+00 1.350844080850178985e-01
9.900000000000000000e+01 2.000000000000000000e+00 1.501630674032167212e-01
9.900000000000000000e+01 3.000000000000000000e+00 1.446709541760309303e-01
9.900000000000000000e+01 4.000000000000000000e+00 1.575020324930941351e-01
