0.000000000000000000e+00 0.000000000000000000e+00 7.562236225887868091e-02
0.000000000000000000e+00 1.000000000000000000e+00 2.217096966302523064e-02
0.000000000000000000e+00 2.000000000000000000e+00 7.273805010856743136e-02
0.000000000000000000e+00 3.000000000000000000e+00 5.500571057535878078e-02
0.000000000000000000e+00 4.000000000000000000e+00 1.468055000710992986e-01
1.000000000000000000e+00 0.000000000000000000e+00 3.433633562008293200e-02
1.000000000000000000e+00 1.000000000000000000e+00 8.212000533603806829e-02
1.000000000000000000e+00 2.000000000000000000e+00 8.044964851005782791e-02
1.000000000000000000e+00 3.000000000000000000e+00 3.437866146035398196e-02
1.000000000000000000e+00 4.000000000000000000e+00 1.322558483346629732e-01
2.000000000000000000e+00 0.000000000000000000e+00 7.140610684228007599e-02
2.000000000000000000e+00 1.000000000000000000e+00 9.453369807663004887e-02
2.000000000000000000e+00 2.000000000000000000e+00 6.701705694591653106e-02
2.000000000000000000e+00 3.000000000000000000e+00 2.082789138159003850e-02
2.000000000000000000e+00 4.000000000000000000e+00 9.970291895882760214e-02
3.000000000000000000e+00 0.000000000000000000e+00 7.231227064510963032e-02
3.000000000000000000e+00 1.000000000000000000e+00 7.891353687372296144e-02
3.000000000000000000e+00 2.000000000000000000e+00 1.169947239079852236e-01
3.000000000000000000e+00 3.000000000000000000e+00 2.354013402910533001e-02
3.000000000000000000e+00 4.000000000000000000e+00 1.322123953158634013e-01
4.000000000000000000e+00 0.000000000000000000e+00 7.459065135488188170e-02
4.000000000000000000e+00 1.000000000000000000e+00 9.693922409141918217e-02
4.000000000000000000e+00 2.000000000000000000e+00 1.128559497847920895e-01
4.000000000000000000e+00 3.000000000000000000e+00 5.148172216232527881e-02
4.000000000000000000e+00 4.000000000000000000e+00 5.807017594441145347e-02
5.000000000000000000e+00 0.000000000000000000e+00 6.668654925603349770e-02
5.000000000000000000e+00 1.000000000000000000e+00 1.096422947609012877e-01
5.000000000000000000e+00 2.000000000000000000e+00 8.879776690952484453e-02
5.000000000000000000e+00 3.000000000000000000e+00 9.395975411717674697e-02
5.000000000000000000e+00 4.000000000000000000e+00 3.615163056492375765e-02
6.000000000000000000e+00 0.000000000000000000e+00 4.185081613531534822e-02
6.000000000000000000e+00 1.000000000000000000e+00 5.792695295105603631e-02
6.000000000000000000e+00 2.000000000000000000e+00 4.420105543362265466e-02
6.000000000000000000e+00 3.000000000000000000e+00 7.500494238273706926e-02
6.000000000000000000e+00 4.000000000000000000e+00 1.388456502623866551e-01
7.000000000000000000e+00 0.000000000000000000e+00 9.253471450388535413e-02
7.000000000000000000e+00 1.000000000000000000e+00 6.411140951641357277e-02
7.000000000000000000e+00 2.000000000000000000e+00 9.487633761719245495e-02
7.000000000000000000e+00 3.000000000000000000e+00 5.390865091636474343e-02
7.000000000000000000e+00 4.000000000000000000e+00 6.624695662500997007e-02
8.000000000000000000e+00 0.000000000000000000e+00 1.023010868353907143e-01
8.000000000000000000e+00 1.000000000000000000e+00 6.169234942497771323e-02
8.000000000000000000e+00 2.000000000000000000e+00 4.408434804917174543e-02
8.000000000000000000e+00 3.000000000000000000e+00 1.030561374410369629e-01
8.000000000000000000e+00 4.000000000000000000e+00 8.244320233039058310e-02
9.000000000000000000e+00 0.000000000000000000e+00 7.247266933255903931e-02
9.000000000000000000e+00 1.000000000000000000e+00 6.732578563323057819e-02
9.000000000000000000e+00 2.000000000000000000e+00 1.418053504480860927e-01
9.000000000000000000e+00 3.000000000000000000e+00 8.019984304248006790e-02
9.000000000000000000e+00 4.000000000000000000e+00 4.799334131329623804e-02
1.000000000000000000e+01 0.000000000000000000e+00 1.380764056207751389e-01
1.000000000000000000e+01 1.000000000000000000e+00 6.172284386780187149e-02
1.000000000000000000e+01 2.000000000000000000e+00 1.186323375964322968e-01
1.000000000000000000e+01 3.000000000000000000e+00 5.973554159432552246e-02
1.000000000000000000e+01 4.000000000000000000e+00 4.903313575288432979e-02
1.100000000000000000e+01 0.000000000000000000e+00 2.400440305722496837e-02
1.100000000000000000e+01 1.000000000000000000e+00 2.707540237559556001e-02
1.100000000000000000e+01 2.000000000000000000e+00 8.061450882578290178e-02
1.100000000000000000e+01 3.000000000000000000e+00 9.381368563942237004e-02
1.100000000000000000e+01 4.000000000000000000e+00 1.127413104854679410e-01
1.200000000000000000e+01 0.000000000000000000e+00 1.080784531769393708e-01
1.200000000000000000e+01 1.000000000000000000e+00 2.768014979505300371e-02
1.200000000000000000e+01 2.000000000000000000e+00 1.133119961733458914e-01
1.200000000000000000e+01 3.000000000000000000e+00 1.351694186427546129e-01
1.200000000000000000e+01 4.000000000000000000e+00 1.318846331025888552e-02
1.300000000000000000e+01 0.000000000000000000e+00 8.020465026678984255e-02
1.300000000000000000e+01 1.000000000000000000e+00 9.891938827807650325e-02
1.300000000000000000e+01 2.000000000000000000e+00 6.319634808983846941e-02
1.300000000000000000e+01 3.000000000000000000e+00 6.656284280388052865e-02
1.300000000000000000e+01 4.000000000000000000e+00 9.050383386737055613e-02
1.400000000000000000e+01 0.000000000000000000e+00 6.838394283458497369e-02
1.400000000000000000e+01 1.000000000000000000e+00 9.202123406731073374e-02
1.400000000000000000e+01 2.000000000000000000e+00 6.007190388211804122e-02
1.400000000000000000e+01 3.000000000000000000e+00 4.622788836863701151e-02
1.400000000000000000e+01 4.000000000000000000e+00 1.392056163899612065e-01
1.500000000000000000e+01 0.000000000000000000e+00 5.439096200319853275e-02
1.500000000000000000e+01 1.000000000000000000e+00 8.598088074279101878e-02
1.500000000000000000e+01 2.000000000000000000e+00 7.854067153869481732e-02
1.500000000000000000e+01 3.000000000000000000e+00 7.433042133564807252e-02
1.500000000000000000e+01 4.000000000000000000e+00 8.061610124342677430e-02
1.600000000000000000e+01 0.000000000000000000e+00 7.579752950336196560e-02
1.600000000000000000e+01 1.000000000000000000e+00 1.187011568134757056e-01
1.600000000000000000e+01 2.000000000000000000e+00 1.122855329729859769e-01
1.600000000000000000e+01 3.000000000000000000e+00 7.694381436938106666e-02
1.600000000000000000e+01 4.000000000000000000e+00 5.517682313778704550e-02
1.700000000000000000e+01 0.000000000000000000e+00 1.093544087269329446e-01
1.700000000000000000e+01 1.000000000000000000e+00 7.531128146272951518e-02
1.700000000000000000e+01 2.000000000000000000e+00 1.012999489209510107e-01
1.700000000000000000e+01 3.000000000000000000e+00 6.164394909462068278e-02
1.700000000000000000e+01 4.000000000000000000e+00 5.778327785491471635e-02
1.800000000000000000e+01 0.000000000000000000e+00 6.076656035574772713e-02
1.800000000000000000e+01 1.000000000000000000e+00 8.026609652227548186e-02
1.800000000000000000e+01 2.000000000000000000e+00 4.830035566444275397e-02
1.800000000000000000e+01 3.000000000000000000e+00 8.843586248910273451e-02
1.800000000000000000e+01 4.000000000000000000e+00 1.178764584901679929e-01
1.900000000000000000e+01 0.000000000000000000e+00 1.239220334226556058e-01
1.900000000000000000e+01 1.000000000000000000e+00 7.243582598278332230e-02
1.900000000000000000e+01 2.000000000000000000e+00 1.063079408771266110e-01
1.900000000000000000e+01 3.000000000000000000e+00 3.136128068226529120e-02
1.900000000000000000e+01 4.000000000000000000e+00 7.005115465768882443e-02
2.000000000000000000e+01 0.000000000000000000e+00 7.096053028395293838e-02
2.000000000000000000e+01 1.000000000000000000e+00 7.682396164206702072e-02
2.000000000000000000e+01 2.000000000000000000e+00 9.983682458197166987e-02
2.000000000000000000e+01 3.000000000000000000e+00 1.021373024803450269e-01
2.000000000000000000e+01 4.000000000000000000e+00 5.648333568140587180e-02
2.100000000000000000e+01 0.000000000000000000e+00 8.181522297089069418e-02
2.100000000000000000e+01 1.000000000000000000e+00 5.994272947212399977e-02
2.100000000000000000e+01 2.000000000000000000e+00 9.017558543656800651e-02
2.100000000000000000e+01 3.000000000000000000e+00 8.349702931779034998e-02
2.100000000000000000e+01 4.000000000000000000e+00 1.020320721417184162e-01
2.200000000000000000e+01 0.000000000000000000e+00 9.348440335661790945e-02
2.200000000000000000e+01 1.000000000000000000e+00 1.088305136135994111e-01
2.200000000000000000e+01 2.000000000000000000e+00 8.434481900869053583e-02
2.200000000000000000e+01 3.000000000000000000e+00 7.341627253633602190e-02
2.200000000000000000e+01 4.000000000000000000e+00 5.729843879514241733e-02
2.300000000000000000e+01 0.000000000000000000e+00 6.353964722851315750e-02
2.300000000000000000e+01 1.000000000000000000e+00 1.460172865065308967e-01
2.300000000000000000e+01 2.000000000000000000e+00 4.563005223528276283e-02
2.300000000000000000e+01 3.000000000000000000e+00 6.260169233437287706e-02
2.300000000000000000e+01 4.000000000000000000e+00 6.502255750429423997e-02
2.400000000000000000e+01 0.000000000000000000e+00 8.945427467776415065e-02
2.400000000000000000e+01 1.000000000000000000e+00 9.002089082291667155e-02
2.400000000000000000e+01 2.000000000000000000e+00 1.200025625116982186e-01
2.400000000000000000e+01 3.000000000000000000e+00 4.243207137714248567e-02
2.400000000000000000e+01 4.000000000000000000e+00 5.725943391348491812e-02
2.500000000000000000e+01 0.000000000000000000e+00 1.468739827537330345e-01
2.500000000000000000e+01 1.000000000000000000e+00 2.274674665407354010e-02
2.500000000000000000e+01 2.000000000000000000e+00 6.725374520876002682e-02
2.500000000000000000e+01 3.000000000000000000e+00 6.188673163187684290e-02
2.500000000000000000e+01 4.000000000000000000e+00 7.829332461106033869e-02
2.600000000000000000e+01 0.000000000000000000e+00 1.142387843534944103e-01
2.600000000000000000e+01 1.000000000000000000e+00 5.093182447815874925e-02
2.600000000000000000e+01 2.000000000000000000e+00 8.702508305775837061e-02
2.600000000000000000e+01 3.000000000000000000e+00 5.252188758289064868e-02
2.600000000000000000e+01 4.000000000000000000e+00 1.150014981470678932e-01
2.700000000000000000e+01 0.000000000000000000e+00 8.026619416689710629e-02
2.700000000000000000e+01 1.000000000000000000e+00 1.012529532680393335e-01
2.700000000000000000e+01 2.000000000000000000e+00 9.560145729214197807e-02
2.700000000000000000e+01 3.000000000000000000e+00 6.556751370923557046e-03
2.700000000000000000e+01 4.000000000000000000e+00 1.202292814544428101e-01
2.800000000000000000e+01 0.000000000000000000e+00 7.909282606977452446e-02
2.800000000000000000e+01 1.000000000000000000e+00 8.272514852535459151e-02
2.800000000000000000e+01 2.000000000000000000e+00 1.843758090954259604e-02
2.800000000000000000e+01 3.000000000000000000e+00 6.119574882078166606e-02
2.800000000000000000e+01 4.000000000000000000e+00 1.410269770247169763e-01
2.900000000000000000e+01 0.000000000000000000e+00 1.604689303075050311e-01
2.900000000000000000e+01 1.000000000000000000e+00 1.036231205547192280e-01
2.900000000000000000e+01 2.000000000000000000e+00 4.615892310182743985e-02
2.900000000000000000e+01 3.000000000000000000e+00 9.520642208459672434e-03
2.900000000000000000e+01 4.000000000000000000e+00 4.748965218110012126e-02
3.000000000000000000e+01 0.000000000000000000e+00 1.086240446458960340e-01
3.000000000000000000e+01 1.000000000000000000e+00 9.823602897948813251e-02
3.000000000000000000e+01 2.000000000000000000e+00 5.627886360465373522e-02
3.000000000000000000e+01 3.000000000000000000e+00 3.488234890971143171e-02
3.000000000000000000e+01 4.000000000000000000e+00 5.619319935488212292e-02
3.100000000000000000e+01 0.000000000000000000e+00 7.540054623615305429e-02
3.100000000000000000e+01 1.000000000000000000e+00 1.201436594076140257e-01
3.100000000000000000e+01 2.000000000000000000e+00 6.773349125206728355e-03
3.100000000000000000e+01 3.000000000000000000e+00 8.062011138584045111e-02
3.100000000000000000e+01 4.000000000000000000e+00 9.309439328616196663e-02
3.200000000000000000e+01 0.000000000000000000e+00 4.872851910264527214e-02
3.200000000000000000e+01 1.000000000000000000e+00 1.012317675224382318e-01
3.200000000000000000e+01 2.000000000000000000e+00 1.146975531761326855e-01
3.200000000000000000e+01 3.000000000000000000e+00 5.740153804575220953e-02
3.200000000000000000e+01 4.000000000000000000e+00 4.718550116412905532e-02
3.300000000000000000e+01 0.000000000000000000e+00 6.592457202482324141e-02
3.300000000000000000e+01 1.000000000000000000e+00 6.154019719572560027e-02
3.300000000000000000e+01 2.000000000000000000e+00 1.012904882661284645e-01
3.300000000000000000e+01 3.000000000000000000e+00 8.838101246701754454e-02
3.300000000000000000e+01 4.000000000000000000e+00 5.780369038926619352e-02
3.400000000000000000e+01 0.000000000000000000e+00 6.595900510599876643e-02
3.400000000000000000e+01 1.000000000000000000e+00 8.943702671340755805e-02
3.400000000000000000e+01 2.000000000000000000e+00 7.375114368343434201e-02
3.400000000000000000e+01 3.000000000000000000e+00 6.945159426749393516e-02
3.400000000000000000e+01 4.000000000000000000e+00 9.559603997740934167e-02
3.500000000000000000e+01 0.000000000000000000e+00 1.296026020515850252e-01
3.500000000000000000e+01 1.000000000000000000e+00 4.189184938622471377e-02
3.500000000000000000e+01 2.000000000000000000e+00 6.211880523530022985e-02
3.500000000000000000e+01 3.000000000000000000e+00 6.830145955196571805e-02
3.500000000000000000e+01 4.000000000000000000e+00 7.423376444946067076e-02
3.600000000000000000e+01 0.000000000000000000e+00 1.147313286057072140e-01
3.600000000000000000e+01 1.000000000000000000e+00 9.897239603848434486e-02
3.600000000000000000e+01 2.000000000000000000e+00 2.564604730089099088e-02
3.600000000000000000e+01 3.000000000000000000e+00 8.211267765607266345e-02
3.600000000000000000e+01 4.000000000000000000e+00 1.086278533173230115e-01
3.700000000000000000e+01 0.000000000000000000e+00 6.742111716335076610e-02
3.700000000000000000e+01 1.000000000000000000e+00 5.788225826813283431e-02
3.700000000000000000e+01 2.000000000000000000e+00 7.715757855223465134e-02
3.700000000000000000e+01 3.000000000000000000e+00 8.232153866856838087e-02
3.700000000000000000e+01 4.000000000000000000e+00 8.355881418988761467e-02
3.800000000000000000e+01 0.000000000000000000e+00 9.697621258162392177e-02
3.800000000000000000e+01 1.000000000000000000e+00 6.402830997042613381e-02
3.800000000000000000e+01 2.000000000000000000e+00 4.234007500569079985e-02
3.800000000000000000e+01 3.000000000000000000e+00 6.957637504702193776e-02
3.800000000000000000e+01 4.000000000000000000e+00 1.229322021110723917e-01
3.900000000000000000e+01 0.000000000000000000e+00 1.004015931904775893e-01
3.900000000000000000e+01 1.000000000000000000e+00 7.877818335963991669e-02
3.900000000000000000e+01 2.000000000000000000e+00 5.536804392040267642e-02
3.900000000000000000e+01 3.000000000000000000e+00 1.133962892691177671e-01
3.900000000000000000e+01 4.000000000000000000e+00 4.263614696284426936e-02
4.000000000000000000e+01 0.000000000000000000e+00 1.146308796396082463e-01
4.000000000000000000e+01 1.000000000000000000e+00 5.547775596502651368e-02
4.000000000000000000e+01 2.000000000000000000e+00 6.231519110229852970e-02
4.000000000000000000e+01 3.000000000000000000e+00 8.501213608721210069e-02
4.000000000000000000e+01 4.000000000000000000e+00 7.522540472119049193e-02
4.100000000000000000e+01 0.000000000000000000e+00 1.023670689698186892e-01
4.100000000000000000e+01 1.000000000000000000e+00 1.187569008641199131e-01
4.100000000000000000e+01 2.000000000000000000e+00 3.551389336309952044e-02
4.100000000000000000e+01 3.000000000000000000e+00 8.437575390168505773e-02
4.100000000000000000e+01 4.000000000000000000e+00 6.442680529029669312e-02
4.200000000000000000e+01 0.000000000000000000e+00 4.289635028537037292e-02
4.200000000000000000e+01 1.000000000000000000e+00 8.068046914713929152e-02
4.200000000000000000e+01 2.000000000000000000e+00 9.521876783625264629e-02
4.200000000000000000e+01 3.000000000000000000e+00 3.943592662402012339e-02
4.200000000000000000e+01 4.000000000000000000e+00 1.112500762269091337e-01
4.300000000000000000e+01 0.000000000000000000e+00 8.653598880039459207e-02
4.300000000000000000e+01 1.000000000000000000e+00 3.712065306846279444e-02
4.300000000000000000e+01 2.000000000000000000e+00 8.611843172517615053e-02
4.300000000000000000e+01 3.000000000000000000e+00 1.303396755749110236e-01
4.300000000000000000e+01 4.000000000000000000e+00 4.811958781025869186e-02
4.400000000000000000e+01 0.000000000000000000e+00 8.834842728606191742e-02
4.400000000000000000e+01 1.000000000000000000e+00 1.300098111774643517e-01
4.400000000000000000e+01 2.000000000000000000e+00 6.205431166279256477e-02
4.400000000000000000e+01 3.000000000000000000e+00 2.944554637100152417e-02
4.400000000000000000e+01 4.000000000000000000e+00 7.588497825853744716e-02
4.500000000000000000e+01 0.000000000000000000e+00 4.944046290571602054e-02
4.500000000000000000e+01 1.000000000000000000e+00 6.322766606112181775e-02
4.500000000000000000e+01 2.000000000000000000e+00 1.467710280243721965e-01
4.500000000000000000e+01 3.000000000000000000e+00 4.890286669991054935e-02
4.500000000000000000e+01 4.000000000000000000e+00 5.570748395454756807e-02
4.600000000000000000e+01 0.000000000000000000e+00 5.486219447609486100e-02
4.600000000000000000e+01 1.000000000000000000e+00 6.282842917749516254e-02
4.600000000000000000e+01 2.000000000000000000e+00 1.264200842415822978e-01
4.600000000000000000e+01 3.000000000000000000e+00 7.904589299673328573e-02
4.600000000000000000e+01 4.000000000000000000e+00 5.165219875194818067e-02
4.700000000000000000e+01 0.000000000000000000e+00 8.971809843207957658e-02
4.700000000000000000e+01 1.000000000000000000e+00 5.363963158402146325e-02
4.700000000000000000e+01 2.000000000000000000e+00 7.051012581683556435e-02
4.700000000000000000e+01 3.000000000000000000e+00 8.456003135775670698e-02
4.700000000000000000e+01 4.000000000000000000e+00 8.729245029967942771e-02
4.800000000000000000e+01 0.000000000000000000e+00 5.700585081838560608e-02
4.800000000000000000e+01 1.000000000000000000e+00 8.280871498067587932e-02
4.800000000000000000e+01 2.000000000000000000e+00 5.889345524965117901e-02
4.800000000000000000e+01 3.000000000000000000e+00 3.255985390534699153e-02
4.800000000000000000e+01 4.000000000000000000e+00 1.563505359601598810e-01
4.900000000000000000e+01 0.000000000000000000e+00 3.189964574090056737e-02
4.900000000000000000e+01 1.000000000000000000e+00 8.859820838171840462e-02
4.900000000000000000e+01 2.000000000000000000e+00 7.850024768563178268e-02
4.900000000000000000e+01 3.000000000000000000e+00 1.213135242812338060e-01
4.900000000000000000e+01 4.000000000000000000e+00 5.596197948150154200e-02
5.000000000000000000e+01 0.000000000000000000e+00 3.002548265486313511e-02
5.000000000000000000e+01 1.000000000000000000e+00 6.345383330293233315e-02
5.000000000000000000e+01 2.000000000000000000e+00 7.378113587756930658e-02
5.000000000000000000e+01 3.000000000000000000e+00 1.277793581274111467e-01
5.000000000000000000e+01 4.000000000000000000e+00 1.148611611700596086e-01
5.100000000000000000e+01 0.000000000000000000e+00 5.554484949037287456e-02
5.100000000000000000e+01 1.000000000000000000e+00 5.886761329327869219e-02
5.100000000000000000e+01 2.000000000000000000e+00 2.322757250456574871e-02
5.100000000000000000e+01 3.000000000000000000e+00 1.606317186320180279e-01
5.100000000000000000e+01 4.000000000000000000e+00 8.555309832009698467e-02
5.200000000000000000e+01 0.000000000000000000e+00 7.653910652268848536e-02
5.200000000000000000e+01 1.000000000000000000e+00 7.892891617143281413e-02
5.200000000000000000e+01 2.000000000000000000e+00 1.230788797379415989e-01
5.200000000000000000e+01 3.000000000000000000e+00 4.490606205250574634e-02
5.200000000000000000e+01 4.000000000000000000e+00 9.379359522316384201e-02
5.300000000000000000e+01 0.000000000000000000e+00 8.495622866216269442e-02
5.300000000000000000e+01 1.000000000000000000e+00 5.051662443658495871e-02
5.300000000000000000e+01 2.000000000000000000e+00 5.888802607434283354e-02
5.300000000000000000e+01 3.000000000000000000e+00 8.633822939434983301e-02
5.300000000000000000e+01 4.000000000000000000e+00 7.599364019945319126e-02
5.400000000000000000e+01 0.000000000000000000e+00 6.893697682884626643e-02
5.400000000000000000e+01 1.000000000000000000e+00 6.888460381846026048e-02
5.400000000000000000e+01 2.000000000000000000e+00 7.378650214406987096e-02
5.400000000000000000e+01 3.000000000000000000e+00 7.570710013335224531e-02
5.400000000000000000e+01 4.000000000000000000e+00 7.904985587499521738e-02
5.500000000000000000e+01 0.000000000000000000e+00 4.973846659221581312e-02
5.500000000000000000e+01 1.000000000000000000e+00 9.324008634400426931e-02
5.500000000000000000e+01 2.000000000000000000e+00 5.135847321815155408e-02
5.500000000000000000e+01 3.000000000000000000e+00 2.948418060876494690e-02
5.500000000000000000e+01 4.000000000000000000e+00 1.500354989264501282e-01
5.600000000000000000e+01 0.000000000000000000e+00 1.181127299770778627e-01
5.600000000000000000e+01 1.000000000000000000e+00 7.872036194382457663e-02
5.600000000000000000e+01 2.000000000000000000e+00 4.451618379241975565e-02
5.600000000000000000e+01 3.000000000000000000e+00 7.824602382748424567e-02
5.600000000000000000e+01 4.000000000000000000e+00 7.381743817029970400e-02
5.700000000000000000e+01 0.000000000000000000e+00 7.585493714200206017e-02
5.700000000000000000e+01 1.000000000000000000e+00 5.963942367949814916e-02
5.700000000000000000e+01 2.000000000000000000e+00 4.807350109406428873e-02
5.700000000000000000e+01 3.000000000000000000e+00 7.813486702833907782e-02
5.700000000000000000e+01 4.000000000000000000e+00 1.040701769661903642e-01
5.800000000000000000e+01 0.000000000000000000e+00 3.339191880387671479e-02
5.800000000000000000e+01 1.000000000000000000e+00 6.786972343083585990e-02
5.800000000000000000e+01 2.000000000000000000e+00 7.789615199527880063e-02
5.800000000000000000e+01 3.000000000000000000e+00 7.600521111523853013e-02
5.800000000000000000e+01 4.000000000000000000e+00 1.094383769104302906e-01
5.900000000000000000e+01 0.000000000000000000e+00 8.800566856594307930e-02
5.900000000000000000e+01 1.000000000000000000e+00 2.204555292655357990e-02
5.900000000000000000e+01 2.000000000000000000e+00 1.263293958616124313e-01
5.900000000000000000e+01 3.000000000000000000e+00 9.597632926331026160e-02
5.900000000000000000e+01 4.000000000000000000e+00 7.388852970627918237e-02
6.000000000000000000e+01 0.000000000000000000e+00 8.271042889574990731e-02
6.000000000000000000e+01 1.000000000000000000e+00 1.176878645828141196e-01
6.000000000000000000e+01 2.000000000000000000e+00 6.946229936606125588e-02
6.000000000000000000e+01 3.000000000000000000e+00 1.048926854648632098e-02
6.000000000000000000e+01 4.000000000000000000e+00 1.122418584566072242e-01
6.100000000000000000e+01 0.000000000000000000e+00 9.317019404199414212e-02
6.100000000000000000e+01 1.000000000000000000e+00 1.042229789711434512e-01
6.100000000000000000e+01 2.000000000000000000e+00 6.008533325112655477e-02
6.100000000000000000e+01 3.000000000000000000e+00 7.515673100804380613e-02
6.100000000000000000e+01 4.000000000000000000e+00 4.380690486865165822e-02
6.200000000000000000e+01 0.000000000000000000e+00 7.971180201844307867e-02
6.200000000000000000e+01 1.000000000000000000e+00 8.550575661124736049e-02
6.200000000000000000e+01 2.000000000000000000e+00 4.254070432647129307e-02
6.200000000000000000e+01 3.000000000000000000e+00 1.353569266797003956e-01
6.200000000000000000e+01 4.000000000000000000e+00 6.869531234307815759e-02
6.300000000000000000e+01 0.000000000000000000e+00 7.867020078304255704e-02
6.300000000000000000e+01 1.000000000000000000e+00 6.956092977311438552e-02
6.300000000000000000e+01 2.000000000000000000e+00 3.669731516682765010e-02
6.300000000000000000e+01 3.000000000000000000e+00 1.169123691934068482e-01
6.300000000000000000e+01 4.000000000000000000e+00 7.860922184691369885e-02
6.400000000000000000e+01 0.000000000000000000e+00 1.023421747340170079e-01
6.400000000000000000e+01 1.000000000000000000e+00 1.161633868599565994e-01
6.400000000000000000e+01 2.000000000000000000e+00 6.318990043844236425e-03
6.400000000000000000e+01 3.000000000000000000e+00 6.605723802947566226e-02
6.400000000000000000e+01 4.000000000000000000e+00 6.658023406138782740e-02
6.500000000000000000e+01 0.000000000000000000e+00 7.025847785646445465e-02
6.500000000000000000e+01 1.000000000000000000e+00 8.123619385589139763e-02
6.500000000000000000e+01 2.000000000000000000e+00 7.656224108013523488e-02
6.500000000000000000e+01 3.000000000000000000e+00 9.107993018764527771e-02
6.500000000000000000e+01 4.000000000000000000e+00 4.062370489456403749e-02
6.600000000000000000e+01 0.000000000000000000e+00 9.982101540302906750e-02
6.600000000000000000e+01 1.000000000000000000e+00 8.843269724578024793e-02
6.600000000000000000e+01 2.000000000000000000e+00 1.094640201916452227e-01
6.600000000000000000e+01 3.000000000000000000e+00 4.597976379883463721e-02
6.600000000000000000e+01 4.000000000000000000e+00 3.872414849421530747e-02
6.700000000000000000e+01 0.000000000000000000e+00 9.833577803162356357e-02
6.700000000000000000e+01 1.000000000000000000e+00 4.928620176889779436e-02
6.700000000000000000e+01 2.000000000000000000e+00 8.647157531377216988e-02
6.700000000000000000e+01 3.000000000000000000e+00 7.063744096032052722e-02
6.700000000000000000e+01 4.000000000000000000e+00 1.099111838619294679e-01
6.800000000000000000e+01 0.000000000000000000e+00 7.449021117966128647e-02
6.800000000000000000e+01 1.000000000000000000e+00 1.368351555297058209e-01
6.800000000000000000e+01 2.000000000000000000e+00 4.126029581476906016e-02
6.800000000000000000e+01 3.000000000000000000e+00 2.415802282499230833e-02
6.800000000000000000e+01 4.000000000000000000e+00 1.129780280604932297e-01
6.900000000000000000e+01 0.000000000000000000e+00 8.563716944641283635e-02
6.900000000000000000e+01 1.000000000000000000e+00 9.823656607920785988e-02
6.900000000000000000e+01 2.000000000000000000e+00 9.799511571095383122e-02
6.900000000000000000e+01 3.000000000000000000e+00 6.897095745375927955e-02
6.900000000000000000e+01 4.000000000000000000e+00 4.701045850744307170e-02
7.000000000000000000e+01 0.000000000000000000e+00 8.650999599942015006e-02
7.000000000000000000e+01 1.000000000000000000e+00 4.271901035033903032e-02
7.000000000000000000e+01 2.000000000000000000e+00 4.924937630012853063e-02
7.000000000000000000e+01 3.000000000000000000e+00 1.345542229647793964e-01
7.000000000000000000e+01 4.000000000000000000e+00 4.835767626515836970e-02
7.100000000000000000e+01 0.000000000000000000e+00 8.163776206124494228e-02
7.100000000000000000e+01 1.000000000000000000e+00 1.192652442941846413e-01
7.100000000000000000e+01 2.000000000000000000e+00 1.146863235562263911e-01
7.100000000000000000e+01 3.000000000000000000e+00 3.594150439692547772e-02
7.100000000000000000e+01 4.000000000000000000e+00 6.306709885746379640e-02
7.200000000000000000e+01 0.000000000000000000e+00 7.698979381309067893e-02
7.200000000000000000e+01 1.000000000000000000e+00 7.177001413398390040e-02
7.200000000000000000e+01 2.000000000000000000e+00 6.768898069404731543e-02
7.200000000000000000e+01 3.000000000000000000e+00 9.433733727956522541e-02
7.200000000000000000e+01 4.000000000000000000e+00 6.011101933529609809e-02
7.300000000000000000e+01 0.000000000000000000e+00 6.235032292668586662e-02
7.300000000000000000e+01 1.000000000000000000e+00 5.817355307759749378e-02
7.300000000000000000e+01 2.000000000000000000e+00 1.035893166518323943e-01
7.300000000000000000e+01 3.000000000000000000e+00 8.614077050763696564e-02
7.300000000000000000e+01 4.000000000000000000e+00 9.624888986787721867e-02
7.400000000000000000e+01 0.000000000000000000e+00 6.395861596202645494e-02
7.400000000000000000e+01 1.000000000000000000e+00 1.369710569953631607e-01
7.400000000000000000e+01 2.000000000000000000e+00 6.921961497367501437e-02
7.400000000000000000e+01 3.000000000000000000e+00 1.054159444846870797e-01
7.400000000000000000e+01 4.000000000000000000e+00 5.027715647358253076e-02
7.500000000000000000e+01 0.000000000000000000e+00 1.208407734659179139e-01
7.500000000000000000e+01 1.000000000000000000e+00 7.398350092061756200e-02
7.500000000000000000e+01 2.000000000000000000e+00 5.163730494581186825e-02
7.500000000000000000e+01 3.000000000000000000e+00 5.565992942409325739e-02
7.500000000000000000e+01 4.000000000000000000e+00 9.646145413830943538e-02
7.600000000000000000e+01 0.000000000000000000e+00 7.212047119743740520e-02
7.600000000000000000e+01 1.000000000000000000e+00 5.004317444573219698e-02
7.600000000000000000e+01 2.000000000000000000e+00 8.512154489311059280e-02
7.600000000000000000e+01 3.000000000000000000e+00 8.639750392048788086e-02
7.600000000000000000e+01 4.000000000000000000e+00 7.282957636477162267e-02
7.700000000000000000e+01 0.000000000000000000e+00 6.112473410478037883e-02
7.700000000000000000e+01 1.000000000000000000e+00 8.782772421748327729e-02
7.700000000000000000e+01 2.000000000000000000e+00 9.009072312541306637e-02
7.700000000000000000e+01 3.000000000000000000e+00 7.527670864220520341e-02
7.700000000000000000e+01 4.000000000000000000e+00 1.133364090719425621e-01
7.800000000000000000e+01 0.000000000000000000e+00 6.170437481161737681e-02
7.800000000000000000e+01 1.000000000000000000e+00 8.798067926669254912e-02
7.800000000000000000e+01 2.000000000000000000e+00 6.751626120806052123e-02
7.800000000000000000e+01 3.000000000000000000e+00 7.246877402207055341e-02
7.800000000000000000e+01 4.000000000000000000e+00 1.122754372604851530e-01
7.900000000000000000e+01 0.000000000000000000e+00 7.534646187247370785e-02
7.900000000000000000e+01 1.000000000000000000e+00 6.981347888254671452e-02
7.900000000000000000e+01 2.000000000000000000e+00 6.895268897381384710e-02
7.900000000000000000e+01 3.000000000000000000e+00 6.912465912184367900e-02
7.900000000000000000e+01 4.000000000000000000e+00 1.266106099628371284e-01
8.000000000000000000e+01 0.000000000000000000e+00 8.080012347532355976e-02
8.000000000000000000e+01 1.000000000000000000e+00 4.746330648716010070e-02
8.000000000000000000e+01 2.000000000000000000e+00 7.857242152134956414e-02
8.000000000000000000e+01 3.000000000000000000e+00 1.050874095589902912e-01
8.000000000000000000e+01 4.000000000000000000e+00 4.990375775284235094e-02
8.100000000000000000e+01 0.000000000000000000e+00 8.069636786742349910e-02
8.100000000000000000e+01 1.000000000000000000e+00 7.100889990684970676e-02
8.100000000000000000e+01 2.000000000000000000e+00 4.282359568074046996e-02
8.100000000000000000e+01 3.000000000000000000e+00 1.221232172347723882e-01
8.100000000000000000e+01 4.000000000000000000e+00 1.208810676378494348e-01
8.200000000000000000e+01 0.000000000000000000e+00 7.352399054755723307e-02
8.200000000000000000e+01 1.000000000000000000e+00 5.591571791461889124e-02
8.200000000000000000e+01 2.000000000000000000e+00 8.399156597070005226e-02
8.200000000000000000e+01 3.000000000000000000e+00 6.593115368023687306e-02
8.200000000000000000e+01 4.000000000000000000e+00 7.005819520259488897e-02
8.300000000000000000e+01 0.000000000000000000e+00 1.055022396560299919e-01
8.300000000000000000e+01 1.000000000000000000e+00 4.328662371096722583e-02
8.300000000000000000e+01 2.000000000000000000e+00 5.481336516507613610e-02
8.300000000000000000e+01 3.000000000000000000e+00 6.675705815120043518e-02
8.300000000000000000e+01 4.000000000000000000e+00 7.124467685566730768e-02
8.400000000000000000e+01 0.000000000000000000e+00 1.141137145256291702e-01
8.400000000000000000e+01 1.000000000000000000e+00 4.440295051780313723e-02
8.400000000000000000e+01 2.000000000000000000e+00 9.687030807369706453e-02
8.400000000000000000e+01 3.000000000000000000e+00 6.299394501160883453e-02
8.400000000000000000e+01 4.000000000000000000e+00 8.846171284617135311e-02
8.500000000000000000e+01 0.000000000000000000e+00 8.671786073265567996e-02
8.500000000000000000e+01 1.000000000000000000e+00 4.015476066916733727e-02
8.500000000000000000e+01 2.000000000000000000e+00 2.308327652138566013e-02
8.500000000000000000e+01 3.000000000000000000e+00 1.240236025273964704e-01
8.500000000000000000e+01 4.000000000000000000e+00 1.092600965403790064e-01
8.600000000000000000e+01 0.000000000000000000e+00 9.440936801377329546e-02
8.600000000000000000e+01 1.000000000000000000e+00 6.370173573195689332e-02
8.600000000000000000e+01 2.000000000000000000e+00 4.111636948677752784e-02
8.600000000000000000e+01 3.000000000000000000e+00 3.470854065126326854e-02
8.600000000000000000e+01 4.000000000000000000e+00 1.063645862716273427e-01
8.700000000000000000e+01 0.000000000000000000e+00 3.091395144538812423e-02
8.700000000000000000e+01 1.000000000000000000e+00 4.914430157659133158e-02
8.700000000000000000e+01 2.000000000000000000e+00 1.179380985786968455e-01
8.700000000000000000e+01 3.000000000000000000e+00 9.752325536118608418e-02
8.700000000000000000e+01 4.000000000000000000e+00 6.904286297371227399e-02
8.800000000000000000e+01 0.000000000000000000e+00 1.310444101748996226e-01
8.800000000000000000e+01 1.000000000000000000e+00 9.355408553705005237e-02
8.800000000000000000e+01 2.000000000000000000e+00 6.875655278388202729e-02
8.800000000000000000e+01 3.000000000000000000e+00 7.205632063785080699e-02
8.800000000000000000e+01 4.000000000000000000e+00 3.739099922781947277e-02
8.900000000000000000e+01 0.000000000000000000e+00 8.371371993582434057e-02
8.900000000000000000e+01 1.000000000000000000e+00 7.248842401953925485e-02
8.900000000000000000e+01 2.000000000000000000e+00 1.726630417019073618e-02
8.900000000000000000e+01 3.000000000000000000e+00 4.346427170157379088e-02
8.900000000000000000e+01 4.000000000000000000e+00 1.342424553568057066e-01
9.000000000000000000e+01 0.000000000000000000e+00 4.491697317528724198e-02
9.000000000000000000e+01 1.000000000000000000e+00 8.969947014900242488e-02
9.000000000000000000e+01 2.000000000000000000e+00 7.150322339224686463e-02
9.000000000000000000e+01 3.000000000000000000e+00 7.451314567381496501e-02
9.000000000000000000e+01 4.000000000000000000e+00 7.827729656617282705e-02
9.100000000000000000e+01 0.000000000000000000e+00 1.116051168838456259e-01
9.100000000000000000e+01 1.000000000000000000e+00 5.845192022177632396e-02
9.100000000000000000e+01 2.000000000000000000e+00 6.496207427662437084e-02
9.100000000000000000e+01 3.000000000000000000e+00 8.237588022593901604e-02
9.100000000000000000e+01 4.000000000000000000e+00 4.077539569330988767e-02
9.200000000000000000e+01 0.000000000000000000e+00 1.054060501408944223e-01
9.200000000000000000e+01 1.000000000000000000e+00 6.617149327712458506e-02
9.200000000000000000e+01 2.000000000000000000e+00 1.092633331385768763e-01
9.200000000000000000e+01 3.000000000000000000e+00 2.550264072872977794e-02
9.200000000000000000e+01 4.000000000000000000e+00 8.438405064187214089e-02
9.300000000000000000e+01 0.000000000000000000e+00 5.911919265330595197e-02
9.300000000000000000e+01 1.000000000000000000e+00 1.173482907440259460e-01
9.300000000000000000e+01 2.000000000000000000e+00 7.396143936864353619e-02
9.300000000000000000e+01 3.000000000000000000e+00 9.477749447844575903e-02
9.300000000000000000e+01 4.000000000000000000e+00 5.615058211093607726e-02
9.400000000000000000e+01 0.000000000000000000e+00 7.749529749563865977e-02
9.400000000000000000e+01 1.000000000000000000e+00 1.139030944770480225e-01
9.400000000000000000e+01 2.000000000000000000e+00 3.665317103023629092e-02
9.400000000000000000e+01 3.000000000000000000e+00 5.763307173900880653e-02
9.400000000000000000e+01 4.000000000000000000e+00 1.075224155399369941e-01
9.500000000000000000e+01 0.000000000000000000e+00 6.118526367255188586e-02
9.500000000000000000e+01 1.000000000000000000e+00 9.958874954361802978e-02
9.500000000000000000e+01 2.000000000000000000e+00 8.183497033473131899e-02
9.500000000000000000e+01 3.000000000000000000e+00 3.712164307604264718e-02
9.500000000000000000e+01 4.000000000000000000e+00 6.195884782598745644e-02
9.600000000000000000e+01 0.000000000000000000e+00 3.654408285809904178e-02
9.600000000000000000e+01 1.000000000000000000e+00 1.574931266763648363e-01
9.600000000000000000e+01 2.000000000000000000e+00 8.803770972908958603e-02
9.600000000000000000e+01 3.000000000000000000e+00 5.470590360718067396e-02
9.600000000000000000e+01 4.000000000000000000e+00 8.751217001318123412e-02
9.700000000000000000e+01 0.000000000000000000e+00 6.844396513202863352e-02
9.700000000000000000e+01 1.000000000000000000e+00 8.441305816159974662e-02
9.700000000000000000e+01 2.000000000000000000e+00 7.765567555621635809e-02
9.700000000000000000e+01 3.000000000000000000e+00 5.265549622197387980e-02
9.700000000000000000e+01 4.000000000000000000e+00 1.254773668690500887e-01
9.800000000000000000e+01 0.000000000000000000e+00 5.867596549805770972e-02
9.800000000000000000e+01 1.000000000000000000e+00 8.615536666705281288e-02
9.800000000000000000e+01 2.000000000000000000e+00 1.111437701502603903e-01
9.800000000000000000e+01 3.000000000000000000e+00 6.220377116105152426e-02
9.800000000000000000e+01 4.000000000000000000e+00 7.712588621455308824e-02
9.900000000000000000e+01 0.000000000000000000e+00 7.419316368935779948e-02
9.900000000000000000e+01 1.000000000000000000e+00 1.073853605746894618e-01
9.900000000000000000e+01 2.000000000000000000e+00 9.830550126192727500e-02
9.900000000000000000e+01 3.000000000000000000e+00 2.474352419579071982e-02
9.900000000000000000e+01 4.000000000000000000e+00 8.704954356412715477e-02
