6.026859811059802619e-01 -1.270703699624726957e+00
3.483585233591028896e-01 -9.463522928605050399e-01
-8.253674952525395271e-05 -1.588890077766234778e-04
-1.159804147769354504e-01 -7.197790081085403413e-01
3.833849634093194347e-01 -7.843197333087461587e-01
1.479574521235625384e-01 -1.279713650845781148e+00
6.501049442970846526e-01 -1.060280466498728869e+00
-4.016741960774532954e-05 -9.710670922171705502e-05
1.488487813671388223e-02 -5.377207311469893725e-01
3.439368343990812926e-01 -1.101827912832687550e+00
3.721302351843435163e-01 -9.268997157445331148e-01
-1.067216921982864792e-03 -7.123074847142663035e-01
4.563656693409582910e-01 -1.184527465727129414e+00
-2.673221423477222317e-02 -6.154045997033141813e-01
-2.238542963865221383e-05 -1.166487877890584867e-04
-1.218708541011144495e-05 -1.548307628152731396e-04
-7.291613691377167930e-05 -1.570474143468762024e-04
1.748744515672639999e-01 -1.208092385923924539e+00
3.408228072585482993e-01 -8.490578518833420407e-01
4.521308596314495554e-01 -1.164403524614988639e+00
4.415754495272227742e-01 -1.005604468174226662e+00
1.695934802431514343e-01 -9.813630788039396924e-01
-1.475732622692120305e-03 -8.177206746369933832e-01
3.834211414014697672e-01 -8.783459974703239359e-01
-3.876494750987369915e-05 -1.327464736158768155e-04
-8.538572412091176148e-05 -1.726757029359574439e-04
1.925947497086027693e-01 -1.136902860698796092e+00
3.508957414864696811e-01 -7.974862356421854592e-01
4.767058554976366103e-01 -1.035101860761207027e+00
5.362792658311469340e-01 -1.261511910901822242e+00
5.308230448848086924e-01 -1.041665713342000643e+00
3.393382340226290261e-01 -1.152382250326402069e+00
-5.893316051044030662e-05 -1.366160163493303854e-04
-1.116608237430920464e-04 -1.737322071651973871e-04
1.918653014529050627e-01 -7.335690472156729536e-01
-6.011483386677834995e-02 -1.740703034538023386e-01
-6.416187427167922841e-02 -6.143120070325962523e-01
-4.812421016389086995e-05 -1.403451784767811232e-04
-5.676926491763426176e-05 -1.229722852820902426e-04
9.721015707121312133e-01 -1.484122188572781331e+00
-7.397007451421670808e-05 -1.865784543589202402e-04
5.148482516184802460e-01 -1.442383067911721772e+00
2.372821239289263917e-01 -5.768425849511443770e-01
2.588797395841264115e-01 -1.149784596822164717e+00
2.658376361022661283e-01 -7.568016031928490595e-01
2.147987698658603839e-01 -9.500419453441685258e-01
5.882658822332638149e-01 -1.005846457582311393e+00
3.023570360962165582e-01 -9.092473168653225635e-01
-6.213082168724649856e-02 -1.598449278370175364e-01
2.531418480429900586e-01 -1.008177697990897848e+00
5.533960542090197166e-01 -9.718184733350160309e-01
-3.063009315324533022e-02 -1.280730544081149780e-01
2.901158921401582047e-01 -1.073571290191261962e+00
-3.531425105197673445e-05 -1.715464757166836160e-04
-1.277142607602524112e-04 -2.064695650825236386e-04
-1.222490688010634263e-04 -1.728004841237702868e-04
-3.761820246864669117e-05 -1.703448141481881100e-04
5.236497153001234972e-01 -1.456025808835216706e+00
4.750345475072186296e-01 -9.177644881817688116e-01
3.539749119895249097e-01 -9.382325860936601147e-01
5.642149636266368118e-01 -1.151761104804958968e+00
2.840395367576769581e-01 -1.136341882582920570e+00
-6.012766530629963752e-05 -1.548098522808664338e-04
-5.427935419044035037e-05 -1.776007945622057782e-04
-7.675447947090379384e-03 -5.326788567053915013e-01
-1.439923371880524059e-03 -4.233722059158017692e-01
4.857796799849135594e-01 -1.101449566946316461e+00
-8.076759940036854000e-05 -2.140965159483432581e-04
4.749869882568603097e-01 -1.260504318798942647e+00
2.296448740673840694e-01 -8.095254689926226765e-01
3.262849476602893151e-01 -1.205438273604277244e+00
1.072608672789020501e-01 -5.232018234493212017e-01
-9.194286064670997849e-02 -5.840294264431875604e-01
6.424684752546688804e-01 -1.454717544228273818e+00
-3.301313293917565607e-05 -8.830087947072506492e-05
2.786213579732419454e-01 -8.155644641375422443e-01
-1.295795403527297100e-02 -1.208825078857393848e-01
6.536787807222670934e-04 -7.458872628845326647e-01
-7.376269585308196930e-02 -1.336757557493623572e-01
-8.978392949017824365e-03 -1.584889266759297866e-01
5.941321754005702838e-01 -1.278531401745168106e+00
-7.264662176589073081e-03 -5.537820492020919527e-01
-6.874529184650633262e-05 -1.181203509240938074e-04
5.303420857752104700e-01 -1.280420883261163656e+00
2.631050412335411148e-01 -9.864841778560078378e-01
6.816032387032171513e-01 -1.120161003795244525e+00
2.198311570588636354e-01 -9.813561022025218961e-01
-7.065407141984659059e-05 -1.487941762376609382e-04
-1.016721626674882001e-01 -6.596530085908420826e-01
-6.381733622907385939e-03 -1.398691947339924246e-01
2.028617762358391474e-01 -7.834577408225238404e-01
-3.808820475696369362e-02 -1.739225874136664518e-01
-2.930008126708637597e-02 -1.464507873306084840e-01
-6.164153489167956156e-05 -2.063074611130402225e-04
-5.086777387291595721e-05 -1.424143529395131683e-04
2.526338709119730751e-03 -6.583750137910391320e-01
1.767020850614360247e-02 -6.688062972843226150e-01
4.429800364019980119e-01 -8.671382834730364531e-01
6.020583188312127201e-07 -1.393954292449119158e-04
9.194039589204726012e-03 -9.300876989476120071e-01
-9.469314433385382483e-05 -1.998916855222304537e-04
-8.692801654297862147e-05 -1.828402083510118222e-04
5.040121583043488673e-01 -1.018575056463071116e+00
-3.715688904268264737e-05 -1.830613131607520378e-04
4.041921546473571381e-01 -1.005871817028261450e+00
1.233819286111424995e-01 -6.078789145290459661e-01
3.740775049174625555e-01 -1.004190192775958446e+00
3.523390140160605200e-02 -6.679587670323677839e-01
2.675403599927550502e-01 -1.202939188013749883e+00
3.588238592744766309e-01 -9.373956435079999761e-01
1.577528378406600484e-01 -6.481355304381296589e-01
9.114167515404245545e-06 -1.347270103683585556e-04
5.503654627250342130e-02 -8.996584021837917833e-01
-5.587703562232367721e-02 -1.271523471706784147e-01
2.984059017808118330e-01 -1.042409827461381555e+00
-4.942697251007420467e-02 -1.717109434974526117e-01
-1.273434438478014218e-05 -1.300640138656381504e-04
5.901353159431917128e-02 -5.776801157789439589e-01
-2.466580293497247606e-05 -1.205059447662054802e-04
-6.176444769613786967e-02 -7.541163682992810813e-01
-7.633550875282752487e-05 -1.546657823374484968e-04
6.183815931569083268e-01 -1.162006275971297020e+00
-5.371835015825194524e-05 -1.532158955646929365e-04
-2.076199410477831678e-05 -1.498574484451669448e-04
1.264163029306867858e-01 -1.268157391134498768e+00
3.530639614892231437e-01 -1.110774249483123866e+00
6.859822792274524739e-01 -1.179788192051559825e+00
3.883086232012024075e-01 -1.341494849183660687e+00
-1.169921528195492317e-04 -1.591336311853757714e-04
1.258354318508186909e-01 -5.118751286621511243e-01
8.668384147739864876e-01 -1.648011051636765201e+00
-1.564855537315369314e-04 -2.550045890549136520e-04
-6.636026325215987984e-05 -1.578351004221133019e-04
1.841695634253650848e-01 -5.860677402177039141e-01
4.290596768465415600e-01 -7.947812988505812415e-01
-7.198769352290842701e-05 -2.235347022936183927e-04
-3.654524099695090756e-05 -1.845368841690641997e-04
3.806910771878154187e-01 -9.116555159708147338e-01
-7.907114681100192927e-05 -1.627330121840378247e-04
1.682578221500592996e-01 -8.481042361273199992e-01
4.371283758677537157e-01 -9.564882723111934881e-01
3.323175185600760750e-01 -1.064780711461602136e+00
-6.673385433657942623e-02 -5.536175429010705695e-01
3.441492688908582287e-01 -1.293198573867658130e+00
-2.308585797202326114e-05 -1.347023024254227568e-04
-1.359596214111997092e-04 -2.082437261058550670e-04
5.244118501025191170e-01 -9.552360467098476304e-01
-4.666539592182413550e-05 -1.059719311558518387e-04
6.720105144789616514e-01 -1.595248709583765301e+00
2.955365292531357269e-01 -8.668674433925104283e-01
-8.031010941407354029e-05 -1.734539366961895335e-04
3.136389346842807790e-02 -7.340544246756569580e-01
4.984053129298134932e-01 -1.028476457022650781e+00
3.745050541021874291e-01 -9.434276727824741915e-01
-6.125110892490689550e-05 -1.700086290621926385e-04
-4.528409363697565748e-05 -1.221414171691733732e-04
8.193622546259694828e-02 -6.690194414285322022e-01
-1.659309925438043690e-02 -5.052649550374705978e-01
5.926337937070427220e-01 -1.005951015858128628e+00
1.614253493544283991e-01 -1.235524772415935280e+00
1.864211028940586934e-01 -6.986369746751825982e-01
-9.325914759483211762e-05 -1.283186636115650730e-04
5.498207631985851940e-02 -6.903831180446969862e-01
-3.189684645752740970e-05 -1.273924201185823273e-04
4.288436030244225372e-01 -1.216658647885506150e+00
8.060550632597816845e-02 -6.550478681503634215e-01
-6.701983409894671229e-02 -1.732269920030924670e-01
-2.595734999760541389e-05 -1.927351927749022733e-04
5.497928332844927990e-01 -8.313258044097050492e-01
-1.074303446256186440e-04 -1.709838523668828715e-04
4.312476069396337791e-02 -6.978046810523077514e-01
-6.539378396665846587e-05 -1.427919040344363905e-04
5.341350101748324475e-01 -1.076605472025479404e+00
3.705253275177655681e-01 -9.389654622104757209e-01
-4.762411782613957395e-02 -1.645212768037537798e-01
-1.126408318394451504e-04 -1.701622526512916401e-04
-9.557807622970366027e-03 -1.998567372572675541e-02
4.207933264661696260e-01 -9.198843494773822904e-01
1.979432164100700664e-01 -6.297352104552336183e-01
1.401799513356210558e-01 -6.499410252864894488e-01
-4.316598899667815664e-05 -2.019530830468308825e-04
-4.141111347000055870e-02 -1.042668407378676138e-01
-3.249087106695378122e-03 -1.945703792691081194e-02
4.580055367659756349e-02 -4.658417907884336850e-01
-9.575356885127367867e-05 -1.991373098140752473e-04
-1.220197291740807016e-01 -5.228718440922621724e-01
7.551045103144760073e-01 -1.280943669568232357e+00
-9.877179521719249003e-05 -1.188267020156398102e-04
1.808731479203972148e-01 -8.164179891814727918e-01
8.841598518067393664e-02 -5.648218232438417807e-01
1.760947476191170868e-01 -1.180744297099004303e+00
-6.190178969530340082e-05 -1.553669484620447865e-04
-8.751055602022906612e-05 -1.765094960727818518e-04
5.863810252304607618e-01 -1.117671678377296862e+00
5.922598963319973819e-01 -1.062445939256222660e+00
-3.762306985512839375e-02 -1.694037579369001567e-01
2.067691373017766510e-01 -6.689935828875015478e-01
2.053389935130384703e-01 -8.751890314465611276e-01
-3.361926317574034928e-02 -1.949194462622810264e-01
6.417925501522669940e-02 -5.265460824541854379e-01
-6.835799029679500273e-05 -1.619925331887368857e-04
2.133203836311420576e-01 -1.073288270106346864e+00
6.301057261733420400e-01 -1.181102746931483427e+00
-4.916098727777336308e-02 -1.488473315909904782e-01
-3.642484618330193096e-05 -1.597096703356100302e-04
5.742166719391728069e-01 -9.883068645603024782e-01
-5.741253246903686019e-02 -1.722364033863210686e-01
-9.001403401467501059e-05 -1.860021033958772811e-04
3.939318198546542527e-01 -1.007700029695804300e+00
-6.302574010459675684e-03 -1.685126308509024215e-02
-4.914750722427654178e-02 -1.741920160699797215e-01
1.372774958730184625e-01 -6.666029809610395374e-01
6.621043866358200525e-01 -1.308896086708456696e+00
-2.744962350313354810e-02 -1.118190953165504320e-01
-9.349598687521602780e-03 -1.205696692067204784e-02
2.150048545182759174e-01 -9.588139632272200119e-01
-9.045912547993241633e-05 -1.491261122130520234e-04
3.414646499934647084e-01 -1.208166976454517538e+00
3.964086247786772210e-01 -1.087804501951926239e+00
7.324405636350234117e-01 -1.159488163302436758e+00
-8.563972178802967919e-05 -2.177670177309576837e-04
-5.035665988615529813e-05 -1.341097190203310266e-04
4.856614254112388562e-01 -9.273327441610903499e-01
1.472949096053211560e-01 -1.059934530275702391e+00
5.078814961073285783e-01 -1.098445029225175729e+00
-1.445155700774144666e-02 -6.216758980213987762e-01
-2.129562627187909368e-02 -5.332264213012762877e-01
-8.117471832161591281e-05 -1.901013488431006206e-04
7.763737242028333485e-01 -1.521387942490275647e+00
-2.741009108773435714e-05 -1.489178314547872197e-04
5.589026277436262569e-02 -7.493595341358623152e-01
-2.392354871510727116e-05 -1.283205120582808865e-04
4.797690145666414496e-01 -1.111952007136248977e+00
-6.120630477085682271e-05 -1.637685915542124425e-04
-9.480356377123440174e-05 -1.659036290172490003e-04
3.115580802130061804e-06 -1.663155366550403077e-04
3.905066678436077687e-01 -9.141177964390683197e-01
-7.086104677618799638e-05 -1.548197194493697315e-04
-1.245014861302126425e-04 -2.675270331818266865e-04
-5.914439344237105089e-05 -1.432899206588181197e-04
4.525479428579631813e-01 -1.077690508862129803e+00
1.618001713772936057e-01 -8.900221363336491276e-01
3.384499465490189984e-01 -7.491285479401862402e-01
8.462546389662510549e-02 -6.290617723560352204e-01
2.397249618057606113e-01 -1.227207536546360389e+00
4.489842003827815287e-02 -6.219480705239285312e-01
-7.042542641586797901e-05 -1.586272184192165217e-04
4.059697826100602258e-01 -9.407604458952341098e-01
1.110903255709930117e-03 -7.574163880360479384e-01
2.194177367125849931e-01 -7.501799539880956713e-01
-8.029581340266090305e-05 -1.147268618483670725e-04
2.813002559531527225e-01 -1.337554131320561446e+00
2.667041656001035155e-01 -9.084316190292297533e-01
1.102902445338077436e-01 -6.193280555422140399e-01
7.262129014204239397e-01 -1.253301258973164023e+00
1.286581261456867242e-01 -1.027861531666870887e+00
5.079897164760132089e-01 -1.157863496158185734e+00
4.508980732199919239e-01 -7.835838033413928816e-01
2.953930366517650841e-01 -9.332542539474971699e-01
-9.848976888891659127e-05 -2.068176311964304182e-04
2.660613614697793783e-01 -1.003783925296231949e+00
1.596082134540069142e-01 -8.405519539207922941e-01
1.996172855488368425e-01 -9.230058615748170103e-01
6.745280268044941963e-01 -1.256563532819544582e+00
-5.083857639738337264e-02 -4.776837037960680044e-01
-8.273109478501145507e-05 -1.646549784437171605e-04
-6.983882919174830880e-05 -1.316350654625972122e-04
-3.788060042903749992e-05 -1.956138393295140656e-04
1.887867101076052545e-01 -1.053247526839569126e+00
6.363663663700102058e-01 -1.190500487668444629e+00
1.543578254629755231e-01 -6.031892351188491430e-01
1.331035974582205628e-01 -8.480285170718891985e-01
-6.112776603024779043e-02 -5.106859522429378906e-01
-4.400589602207126693e-05 -1.583198239948758307e-04
5.195267643041155958e-01 -1.219633148450854687e+00
9.093790689858252674e-02 -1.149636406826475055e+00
-4.193175500566366292e-05 -1.028435035936193517e-04
5.703913506586050230e-01 -1.336701226346331151e+00
3.310560682782323627e-01 -7.251396428328362731e-01
-3.302295554840732617e-02 -1.655817878072812221e-01
-5.278249602435232662e-05 -1.730374162254611783e-04
-2.231292736638008806e-05 -1.174933637566622239e-04
2.059546390150931439e-01 -1.117863782182290100e+00
-1.296054165039816437e-04 -2.914743370391834087e-04
4.674837788338513933e-01 -6.882239951852902049e-01
-6.574315764844865457e-05 -1.811058155989092458e-04
-5.822396185836402230e-05 -1.909371718863794431e-04
3.433951293577000019e-01 -7.550870679961663168e-01
-1.682019530742420027e-02 -7.879409470322952247e-01
2.409073371959304932e-01 -8.285085208965354830e-01
-9.891868747094032693e-05 -1.739020569702592152e-04
5.447602157453088623e-01 -1.000542826664184703e+00
-6.645842568936839723e-02 -6.448522799266486194e-01
3.021667759897340155e-01 -9.903834909948244780e-01
5.789390459759159446e-01 -1.160127080619754114e+00
1.430521799551697226e-01 -6.406847652437185348e-01
-6.427549171318369659e-05 -1.304310437040820999e-04
-1.001368012657282379e-04 -1.922663216169247886e-04
-2.153737625917396807e-05 -1.070360823554569231e-04
6.660169146280836561e-01 -1.648329835159950907e+00
4.818826727167965784e-01 -9.387559619435382752e-01
1.593693569784614683e-01 -1.150633715757407582e+00
7.706637470094133135e-01 -1.361213578016350567e+00
-1.097642245859373325e-04 -1.672020956054114213e-04
-4.751307110621853281e-05 -1.545403933959643987e-04
5.502041126317889219e-01 -1.092012618320962414e+00
-4.989001165319863207e-02 -1.345399345285564763e-01
5.015353457732129039e-01 -1.166038764509369940e+00
-6.121513523307765825e-02 -6.525414333042621751e-01
1.504096882958540909e-02 -4.657127275309678183e-01
-1.835049597566607729e-05 -7.258243773481255334e-05
-1.197500991580557867e-04 -2.065973994321772353e-04
1.804080510885361088e-01 -6.472726935306986062e-01
4.597536497687194079e-01 -1.188807666713981082e+00
7.160562452727095017e-01 -1.762672258676283299e+00
6.119469670561816788e-02 -4.443703956682170109e-01
3.285899957379338487e-01 -9.124225529377755217e-01
6.071208282056617112e-01 -1.195035308331587887e+00
1.523297445278324891e-01 -1.075015258913236904e+00
-8.670826764324174069e-05 -1.940362852199822863e-04
4.706956972280006979e-01 -1.309518777814362434e+00
-6.661810167289104496e-05 -1.686332629949293109e-04
5.138468600078199833e-02 -7.367393517010213388e-01
4.659392821417880359e-01 -1.035430172492628476e+00
-4.193156379833318329e-05 -1.016157967621478042e-04
4.784502133726535322e-01 -1.012138079216363451e+00
4.158244897415500629e-01 -1.423079253186922521e+00
-4.406262758700532634e-02 -1.878018036635671351e-01
-6.465767186731705867e-05 -9.157467706667098617e-05
-2.993803311100110353e-05 -1.517076351748018639e-04
1.289139894240941275e-01 -8.386024370136184736e-01
-2.600381572129723332e-02 -1.531988539965314922e-01
3.885514906529775186e-02 -4.492971130763446785e-01
6.436352042859890821e-01 -1.227545675316332296e+00
-1.029189443236333068e-04 -2.003354929753042672e-04
-5.715400516136803083e-02 -4.709274240790440880e-01
6.482413796072129808e-02 -8.363922932572094293e-01
-3.020315965172439210e-05 -1.562719979279501359e-04
-5.240058421491831068e-05 -1.218939550863311014e-04
1.394707726733687425e-01 -6.553330416267224567e-01
9.660156048421561503e-02 -7.208375541328014835e-01
1.510320566267287223e-01 -4.783475050704779630e-01
4.075583349215166074e-01 -1.012379652187830770e+00
3.422145703372487247e-01 -1.165551689468858010e+00
-1.032555058577716458e-04 -1.633299718664754337e-04
5.984037150690829643e-01 -1.068357070002042830e+00
2.487294652737613576e-01 -4.909081890643536839e-01
-7.629449557394483495e-05 -2.231260496026206538e-04
5.117025029052953145e-02 -9.883499558165246279e-01
3.971033668181204318e-02 -6.941199517068206148e-01
2.359223735969407654e-01 -9.972800885811080596e-01
-1.584992795059830817e-02 -4.772227621538932540e-01
-4.408660028761123565e-05 -1.898169356070413178e-04
3.985937621118450513e-01 -7.187426455810552728e-01
1.160389572890706406e-01 -1.120239496972720072e+00
-1.290135172769232602e-04 -2.265359426890405016e-04
3.251716911474588634e-01 -8.170455491344106314e-01
-1.065302512438877532e-02 -1.611222106450261315e-01
2.582425590753287259e-01 -8.126137797520328609e-01
4.500730585060410682e-01 -1.117219057595161269e+00
4.937618497856587907e-01 -1.420583239947142973e+00
3.495418659559828001e-01 -7.256286297534149110e-01
-8.191453677703792731e-05 -1.706964271796270057e-04
-2.432416142567253497e-05 -1.365572906989717173e-04
2.328357559238731778e-01 -1.126424450911626352e+00
-4.525274742838210351e-02 -1.354125358573319837e-01
-8.805952854884624274e-05 -1.548581168077842434e-04
7.385105836526542067e-01 -1.107935776808634865e+00
9.338568388527039577e-02 -8.287258799849825941e-01
-7.690817896094224613e-05 -1.579606786465125338e-04
5.398850613807745086e-02 -4.224150242351863982e-01
-6.401208482467327099e-02 -1.574723036769726803e-01
3.573280724367045580e-01 -1.056474403531954431e+00
2.786018248185846424e-01 -1.260134839061606282e+00
7.933119230460318194e-01 -1.255106483913905446e+00
-8.822664746815727342e-05 -2.202894184808284995e-04
8.146311933963975571e-01 -1.220453908346739835e+00
5.818140347428865655e-02 -9.078733548256899821e-01
-7.181598403750470911e-05 -1.624867186088290610e-04
-4.299335361194248198e-05 -1.543231191227006558e-04
4.475128970245371152e-01 -1.022952489492596984e+00
-8.936478738787485485e-03 -6.651040474391034518e-01
5.280351488930410397e-01 -1.305705820567640618e+00
-6.108473558539019295e-05 -1.402783503187600585e-04
-5.660182584473582689e-05 -1.605968547873990577e-04
3.742205639066992773e-01 -1.131488873548458285e+00
4.834422414334679785e-01 -8.359777808085413486e-01
-3.854380668780541522e-05 -1.485327532965792692e-04
-7.866173977517437125e-05 -2.142623032647800717e-04
-9.827595351723956171e-05 -1.943078547371652500e-04
6.912115206615818130e-02 -4.496566355653375258e-01
-8.774558823513092798e-05 -1.614063640246499751e-04
5.175944873548248282e-01 -1.375827057459087843e+00
2.196713803303599888e-01 -5.890910550101071674e-01
1.111970724202050592e-01 -9.723568298799267762e-01
3.592304988317902570e-01 -1.158780191639261270e+00
1.836571232290307998e-01 -1.086126926937641457e+00
-1.123711055225281327e-04 -1.816842066435332757e-04
6.572259007380204521e-01 -1.070802015152086284e+00
4.539778930974552318e-01 -8.827318302453299736e-01
3.762499145214137641e-01 -1.408584925612571759e+00
-5.701560358697478262e-05 -1.766717742498642165e-04
-2.254683790662791053e-06 -9.919430102010032496e-05
1.727128240176975527e-01 -9.466401229756443714e-01
-5.149293450292569986e-05 -1.612115371667195783e-04
-1.332234488084611118e-02 -2.317539817798282623e-02
3.508196267081166164e-01 -7.404870150027594855e-01
2.803112709642265887e-01 -1.282980135040659109e+00
2.149814461405722410e-01 -8.977900489855180632e-01
7.730623343445962581e-01 -1.004282664512213152e+00
-9.779980537567817917e-05 -1.614843353279701041e-04
-8.387063702257045749e-05 -1.651931290870688087e-04
5.666065996937603710e-01 -1.466639422360263234e+00
6.009979442674490135e-01 -1.023233359449511770e+00
3.450610898246477820e-01 -9.627882791064603651e-01
3.759022455372654781e-01 -9.142604151241165988e-01
1.578442259030973516e-01 -7.202134016018171270e-01
-8.856768516839297702e-05 -1.723472105379858033e-04
4.424827317338829724e-01 -1.209127332760617346e+00
-5.738100471333573704e-02 -4.375695152958212208e-01
5.280363896547370928e-01 -1.449070730504319560e+00
-6.444867112431917899e-02 -1.439127434455361176e-01
8.207591092284475254e-01 -1.073812803227662815e+00
-4.385653683943840225e-02 -1.128881838588330216e-01
-1.032869396810209969e-04 -1.728651560863581321e-04
5.204001272981767512e-01 -1.436715579818957034e+00
-5.913113741163813244e-05 -1.780003811639552333e-04
-1.009579431451050266e-04 -1.533929104567498388e-04
1.884960523304176350e-01 -7.272942520222379637e-01
2.480262967524170803e-01 -5.836796462670278407e-01
5.500870613921594598e-01 -1.412416252808238903e+00
3.237761198865716228e-01 -8.378570681290793409e-01
-3.613761589705511367e-05 -1.364522307465418425e-04
-8.063446011792837803e-05 -1.567975841240311233e-04
-8.757133263885593234e-05 -2.118714625416146067e-04
3.696353803097437996e-01 -9.035911760695246597e-01
-1.133321178942260844e-04 -2.178911219090182583e-04
2.666761034002733122e-01 -5.693092370331507279e-01
2.610943732743870593e-01 -1.244163205182549969e+00
-1.955715634715274060e-03 -1.823660915013736866e-02
-6.700926464912460023e-02 -1.862521727404392591e-01
-1.220820834058952557e-04 -2.251441182251225743e-04
1.269203867979743217e-01 -3.933517908263494678e-01
4.940748952512544756e-01 -8.154308040384562473e-01
4.687862711014896822e-01 -1.205508415833270508e+00
1.073385517923531041e-01 -6.476031334338965273e-01
-1.085549562306638424e-04 -2.396375932194369344e-04
1.226989727387879786e-01 -8.829258582054110294e-01
4.498974024639145197e-01 -9.826775826364148037e-01
3.931713491687622297e-01 -8.120369227930984701e-01
4.417960283374064434e-01 -1.244371522467129454e+00
-4.119883828744431010e-05 -1.223889662635496906e-04
3.469965751361013262e-01 -1.046067483747023408e+00
2.863155781104057551e-01 -8.226733180050578298e-01
-9.682087788967935228e-05 -2.052669436153358351e-04
9.364618038180810844e-01 -1.175793484957817325e+00
-1.793758047186272409e-02 -1.294768963211105905e-01
-8.464063054838247193e-05 -1.226898136026074223e-04
-1.102840312419490809e-04 -2.104373220156781517e-04
-9.699439789456680929e-05 -2.607494609773597523e-04
-5.447092929976296089e-05 -1.364677367051403390e-04
5.503928861087588054e-01 -1.206595295432103754e+00
-6.940562652079282336e-05 -2.159051519675852853e-04
2.066333901567994347e-01 -1.179273851302085729e+00
-3.446068875836145979e-05 -1.110643893052960275e-04
1.754754148132004962e-02 -7.585471685083233773e-01
-4.313210400018315991e-05 -1.032924192593566291e-04
2.880128253342676206e-02 -5.365169198747891111e-01
5.979162717058535970e-01 -1.177704189313970584e+00
-4.528089061856221433e-03 -6.422703798415583254e-01
-1.163537894112834820e-04 -2.652111466330857792e-04
3.031491568400033337e-02 -4.480094099494020266e-01
5.290684880542090296e-01 -9.819131008211740008e-01
-7.242263101867671556e-05 -1.232868078335221476e-04
5.736970609473266425e-01 -1.338812064485076281e+00
-8.226409746750014591e-05 -1.480617250343312422e-04
-4.367618696769869774e-02 -1.320035145139290267e-01
-9.222004201417936158e-05 -2.063243605632260574e-04
5.050489921409307970e-01 -1.286824618740190163e+00
7.653254656319797844e-01 -1.144261295462135397e+00
6.745169357372808872e-01 -1.414202764750400076e+00
-6.851729919578664063e-02 -6.074242897465905733e-01
-8.632334449503646732e-05 -1.325519949917266908e-04
5.144303663677216587e-01 -9.694566073201839052e-01
3.657987209541698204e-01 -1.106231618972906894e+00
7.431224674638251537e-01 -1.427181725581589955e+00
-4.990562328407280313e-02 -1.860810266708036176e-01
-3.856681926136459014e-03 -1.617114958328738639e-02
1.993513006474109586e-03 -5.144436510380960836e-01
-7.556132662715546141e-05 -1.122707586862124811e-04
3.742154454256960694e-01 -1.274015233114275336e+00
5.875987245180910312e-01 -9.943928166397746349e-01
-6.640255307499710175e-05 -1.709653993763740945e-04
-7.171016766232787181e-05 -1.524058836414890429e-04
-2.859843571074906221e-02 -1.545615411309465836e-01
5.719529920035762993e-01 -9.467652535806844183e-01
-7.562770329082054918e-03 -2.007313952086472661e-02
-1.178937567894302457e-02 -2.112177348336724894e-02
2.428028394040139537e-01 -1.101523885531150215e+00
4.508904776608065323e-01 -8.156878136152729830e-01
