0.000000000000000000e+00 0.000000000000000000e+00 1.685344640438640185e-01
0.000000000000000000e+00 1.000000000000000000e+00 1.338888832612734059e-01
0.000000000000000000e+00 2.000000000000000000e+00 1.083843492149638710e-01
0.000000000000000000e+00 3.000000000000000000e+00 1.755849237505036076e-01
0.000000000000000000e+00 4.000000000000000000e+00 1.015381735597261914e-01
1.000000000000000000e+00 0.000000000000000000e+00 2.012905954204525505e-01
1.000000000000000000e+00 1.000000000000000000e+00 1.379988396085213009e-01
1.000000000000000000e+00 2.000000000000000000e+00 6.535614363139476135e-02
1.000000000000000000e+00 3.000000000000000000e+00 1.231130015014756801e-01
1.000000000000000000e+00 4.000000000000000000e+00 1.597268654445841429e-01
2.000000000000000000e+00 0.000000000000000000e+00 1.189335412689430382e-01
2.000000000000000000e+00 1.000000000000000000e+00 1.701515947240238580e-01
2.000000000000000000e+00 2.000000000000000000e+00 1.570031504763765573e-01
2.000000000000000000e+00 3.000000000000000000e+00 1.470404003330868514e-01
2.000000000000000000e+00 4.000000000000000000e+00 7.920189931000595762e-02
3.000000000000000000e+00 0.000000000000000000e+00 1.082342916434393537e-01
3.000000000000000000e+00 1.000000000000000000e+00 1.062248422961941108e-01
3.000000000000000000e+00 2.000000000000000000e+00 1.755916296002374422e-01
3.000000000000000000e+00 3.000000000000000000e+00 1.139559788367866672e-01
3.000000000000000000e+00 4.000000000000000000e+00 1.579529924159360776e-01
4.000000000000000000e+00 0.000000000000000000e+00 1.299519865660273277e-01
4.000000000000000000e+00 1.000000000000000000e+00 1.469502551592930251e-01
4.000000000000000000e+00 2.000000000000000000e+00 1.913447366338068834e-01
4.000000000000000000e+00 3.000000000000000000e+00 1.213765213448079333e-01
4.000000000000000000e+00 4.000000000000000000e+00 8.798872621162208418e-02
5.000000000000000000e+00 0.000000000000000000e+00 1.218751703530565056e-01
5.000000000000000000e+00 1.000000000000000000e+00 1.614889226717437232e-01
5.000000000000000000e+00 2.000000000000000000e+00 1.077886631791610261e-01
5.000000000000000000e+00 3.000000000000000000e+00 1.283855327118725298e-01
5.000000000000000000e+00 4.000000000000000000e+00 1.648645117008532557e-01
6.000000000000000000e+00 0.000000000000000000e+00 1.325711774909735241e-01
6.000000000000000000e+00 1.000000000000000000e+00 1.594091337113575368e-01
6.000000000000000000e+00 2.000000000000000000e+00 9.223019278842616020e-02
6.000000000000000000e+00 3.000000000000000000e+00 1.270385752770818166e-01
6.000000000000000000e+00 4.000000000000000000e+00 1.664413624896049215e-01
7.000000000000000000e+00 0.000000000000000000e+00 1.569001842444577854e-01
7.000000000000000000e+00 1.000000000000000000e+00 1.467672924168455240e-01
7.000000000000000000e+00 2.000000000000000000e+00 9.377663905087380014e-02
7.000000000000000000e+00 3.000000000000000000e+00 8.295892493883375018e-02
7.000000000000000000e+00 4.000000000000000000e+00 1.875536183120889988e-01
8.000000000000000000e+00 0.000000000000000000e+00 1.287947756866552051e-01
8.000000000000000000e+00 1.000000000000000000e+00 1.943884392064915700e-01
8.000000000000000000e+00 2.000000000000000000e+00 7.423436082992765361e-02
8.000000000000000000e+00 3.000000000000000000e+00 1.722054524313083312e-01
8.000000000000000000e+00 4.000000000000000000e+00 9.995039613740949735e-02
9.000000000000000000e+00 0.000000000000000000e+00 1.389153717780464981e-01
9.000000000000000000e+00 1.000000000000000000e+00 1.376956007698172668e-01
9.000000000000000000e+00 2.000000000000000000e+00 1.221660896330652446e-01
9.000000000000000000e+00 3.000000000000000000e+00 1.395961139902193449e-01
9.000000000000000000e+00 4.000000000000000000e+00 1.394926968142142509e-01
1.000000000000000000e+01 0.000000000000000000e+00 1.246772708905683757e-01
1.000000000000000000e+01 1.000000000000000000e+00 1.127628119272897217e-01
1.000000000000000000e+01 2.000000000000000000e+00 1.493009898452423156e-01
1.000000000000000000e+01 3.000000000000000000e+00 1.145659296124354326e-01
1.000000000000000000e+01 4.000000000000000000e+00 1.469381376379222670e-01
1.100000000000000000e+01 0.000000000000000000e+00 1.274276137630112604e-01
1.100000000000000000e+01 1.000000000000000000e+00 1.167981880611083378e-01
1.100000000000000000e+01 2.000000000000000000e+00 1.947759981881168334e-01
1.100000000000000000e+01 3.000000000000000000e+00 1.176421234669177834e-01
1.100000000000000000e+01 4.000000000000000000e+00 1.243649950517566743e-01
1.200000000000000000e+01 0.000000000000000000e+00 1.499380997972901974e-01
1.200000000000000000e+01 1.000000000000000000e+00 1.568437575674388462e-01
1.200000000000000000e+01 2.000000000000000000e+00 1.082241509813421237e-01
1.200000000000000000e+01 3.000000000000000000e+00 1.180540202029400909e-01
1.200000000000000000e+01 4.000000000000000000e+00 1.253574453526860033e-01
1.300000000000000000e+01 0.000000000000000000e+00 9.848449112859368471e-02
1.300000000000000000e+01 1.000000000000000000e+00 1.418945584688190154e-01
1.300000000000000000e+01 2.000000000000000000e+00 1.484631982827306906e-01
1.300000000000000000e+01 3.000000000000000000e+00 1.673759873671986920e-01
1.300000000000000000e+01 4.000000000000000000e+00 1.092502792257824262e-01
1.400000000000000000e+01 0.000000000000000000e+00 1.645976072635139675e-01
1.400000000000000000e+01 1.000000000000000000e+00 1.187926382173332823e-01
1.400000000000000000e+01 2.000000000000000000e+00 1.399628519338683985e-01
1.400000000000000000e+01 3.000000000000000000e+00 1.986493549054820784e-01
1.400000000000000000e+01 4.000000000000000000e+00 6.037741740069877544e-02
1.500000000000000000e+01 0.000000000000000000e+00 1.098340636617873289e-01
1.500000000000000000e+01 1.000000000000000000e+00 1.081811622477589774e-01
1.500000000000000000e+01 2.000000000000000000e+00 1.767841058178171998e-01
1.500000000000000000e+01 3.000000000000000000e+00 1.195150640275368659e-01
1.500000000000000000e+01 4.000000000000000000e+00 1.378467903003735007e-01
1.600000000000000000e+01 0.000000000000000000e+00 1.629877972669049602e-01
1.600000000000000000e+01 1.000000000000000000e+00 1.317045419499339731e-01
1.600000000000000000e+01 2.000000000000000000e+00 8.362368713069774639e-02
1.600000000000000000e+01 3.000000000000000000e+00 1.703091742260384456e-01
1.600000000000000000e+01 4.000000000000000000e+00 1.327568349678812654e-01
1.700000000000000000e+01 0.000000000000000000e+00 1.416970138962135861e-01
1.700000000000000000e+01 1.000000000000000000e+00 1.423564243360901094e-01
1.700000000000000000e+01 2.000000000000000000e+00 1.051940894528708148e-01
1.700000000000000000e+01 3.000000000000000000e+00 1.588501397192116915e-01
1.700000000000000000e+01 4.000000000000000000e+00 1.210776213765177300e-01
1.800000000000000000e+01 0.000000000000000000e+00 1.057760508500227292e-01
1.800000000000000000e+01 1.000000000000000000e+00 1.482416314673963009e-01
1.800000000000000000e+01 2.000000000000000000e+00 1.293274081062169845e-01
1.800000000000000000e+01 3.000000000000000000e+00 1.397349778243834606e-01
1.800000000000000000e+01 4.000000000000000000e+00 9.696649980777820310e-02
1.900000000000000000e+01 0.000000000000000000e+00 1.522193361024945790e-01
1.900000000000000000e+01 1.000000000000000000e+00 1.611024299821562367e-01
1.900000000000000000e+01 2.000000000000000000e+00 1.104988698279372739e-01
1.900000000000000000e+01 3.000000000000000000e+00 1.030602885249097406e-01
1.900000000000000000e+01 4.000000000000000000e+00 1.465067125997839559e-01
2.000000000000000000e+01 0.000000000000000000e+00 1.383953096660187343e-01
2.000000000000000000e+01 1.000000000000000000e+00 1.278781721946866401e-01
2.000000000000000000e+01 2.000000000000000000e+00 1.296747802166653418e-01
2.000000000000000000e+01 3.000000000000000000e+00 1.260859357364419175e-01
2.000000000000000000e+01 4.000000000000000000e+00 1.289205249112674867e-01
2.100000000000000000e+01 0.000000000000000000e+00 1.391046558976676839e-01
2.100000000000000000e+01 1.000000000000000000e+00 1.427037371460136428e-01
2.100000000000000000e+01 2.000000000000000000e+00 1.012306294916003602e-01
2.100000000000000000e+01 3.000000000000000000e+00 1.709687011205738016e-01
2.100000000000000000e+01 4.000000000000000000e+00 1.283964260800670720e-01
2.200000000000000000e+01 0.000000000000000000e+00 9.048697542014851047e-02
2.200000000000000000e+01 1.000000000000000000e+00 1.032732477948846012e-01
2.200000000000000000e+01 2.000000000000000000e+00 2.146253529706308172e-01
2.200000000000000000e+01 3.000000000000000000e+00 1.121413763628790611e-01
2.200000000000000000e+01 4.000000000000000000e+00 1.407790947332059339e-01
2.300000000000000000e+01 0.000000000000000000e+00 1.482171223321346598e-01
2.300000000000000000e+01 1.000000000000000000e+00 8.963325233492949740e-02
2.300000000000000000e+01 2.000000000000000000e+00 1.347270692114157231e-01
2.300000000000000000e+01 3.000000000000000000e+00 8.342073211638988128e-02
2.300000000000000000e+01 4.000000000000000000e+00 1.789186067008554648e-01
2.400000000000000000e+01 0.000000000000000000e+00 1.062999443150114548e-01
2.400000000000000000e+01 1.000000000000000000e+00 1.482633201861164873e-01
2.400000000000000000e+01 2.000000000000000000e+00 1.044213019153112515e-01
2.400000000000000000e+01 3.000000000000000000e+00 1.054526704331204684e-01
2.400000000000000000e+01 4.000000000000000000e+00 1.884043924932032321e-01
2.500000000000000000e+01 0.000000000000000000e+00 1.578636572213312217e-01
2.500000000000000000e+01 1.000000000000000000e+00 1.569140369502329546e-01
2.500000000000000000e+01 2.000000000000000000e+00 2.027910014858495535e-01
2.500000000000000000e+01 3.000000000000000000e+00 1.180622423599658743e-01
2.500000000000000000e+01 4.000000000000000000e+00 7.463347260131755756e-02
2.600000000000000000e+01 0.000000000000000000e+00 2.091799436524554301e-01
2.600000000000000000e+01 1.000000000000000000e+00 1.877665994706298747e-01
2.600000000000000000e+01 2.000000000000000000e+00 1.070280515801895760e-01
2.600000000000000000e+01 3.000000000000000000e+00 7.816817927292581125e-02
2.600000000000000000e+01 4.000000000000000000e+00 1.029881257968044417e-01
2.700000000000000000e+01 0.000000000000000000e+00 1.502206970218110949e-01
2.700000000000000000e+01 1.000000000000000000e+00 1.270538430651905193e-01
2.700000000000000000e+01 2.000000000000000000e+00 1.200687291004680773e-01
2.700000000000000000e+01 3.000000000000000000e+00 1.098597840469749259e-01
2.700000000000000000e+01 4.000000000000000000e+00 1.296246579005013999e-01
2.800000000000000000e+01 0.000000000000000000e+00 1.217049040459608211e-01
2.800000000000000000e+01 1.000000000000000000e+00 1.454424600438404824e-01
2.800000000000000000e+01 2.000000000000000000e+00 1.370613655722230373e-01
2.800000000000000000e+01 3.000000000000000000e+00 1.808344917867810986e-01
2.800000000000000000e+01 4.000000000000000000e+00 9.113508694788434450e-02
2.900000000000000000e+01 0.000000000000000000e+00 1.473729572675988864e-01
2.900000000000000000e+01 1.000000000000000000e+00 1.212984845091420738e-01
2.900000000000000000e+01 2.000000000000000000e+00 7.191718465109329939e-02
2.900000000000000000e+01 3.000000000000000000e+00 2.159745194007995361e-01
2.900000000000000000e+01 4.000000000000000000e+00 1.253561862032606666e-01
3.000000000000000000e+01 0.000000000000000000e+00 1.169206640002925374e-01
3.000000000000000000e+01 1.000000000000000000e+00 1.741916888148061504e-01
3.000000000000000000e+01 2.000000000000000000e+00 1.312549434300417373e-01
3.000000000000000000e+01 3.000000000000000000e+00 1.266433259825289481e-01
3.000000000000000000e+01 4.000000000000000000e+00 1.129169316933803513e-01
3.100000000000000000e+01 0.000000000000000000e+00 8.012776487132540482e-02
3.100000000000000000e+01 1.000000000000000000e+00 1.498767720903071143e-01
3.100000000000000000e+01 2.000000000000000000e+00 1.246171791570729187e-01
3.100000000000000000e+01 3.000000000000000000e+00 1.315176606548455474e-01
3.100000000000000000e+01 4.000000000000000000e+00 1.926298959640683206e-01
3.200000000000000000e+01 0.000000000000000000e+00 1.568290108755846235e-01
3.200000000000000000e+01 1.000000000000000000e+00 9.679720174927347598e-02
3.200000000000000000e+01 2.000000000000000000e+00 1.620343775063044500e-01
3.200000000000000000e+01 3.000000000000000000e+00 8.461606888911432645e-02
3.200000000000000000e+01 4.000000000000000000e+00 1.649891160908001919e-01
3.300000000000000000e+01 0.000000000000000000e+00 1.505965284704980089e-01
3.300000000000000000e+01 1.000000000000000000e+00 1.536207249712107092e-01
3.300000000000000000e+01 2.000000000000000000e+00 1.348420982738263996e-01
3.300000000000000000e+01 3.000000000000000000e+00 1.040701351075397768e-01
3.300000000000000000e+01 4.000000000000000000e+00 1.214029102713344577e-01
3.400000000000000000e+01 0.000000000000000000e+00 1.640644213343363800e-01
3.400000000000000000e+01 1.000000000000000000e+00 9.775852606876313244e-02
3.400000000000000000e+01 2.000000000000000000e+00 1.365602384863392194e-01
3.400000000000000000e+01 3.000000000000000000e+00 1.215195185521459331e-01
3.400000000000000000e+01 4.000000000000000000e+00 1.419162808573238566e-01
3.500000000000000000e+01 0.000000000000000000e+00 1.210759813770266730e-01
3.500000000000000000e+01 1.000000000000000000e+00 1.445786467292848321e-01
3.500000000000000000e+01 2.000000000000000000e+00 1.236936552217419855e-01
3.500000000000000000e+01 3.000000000000000000e+00 1.458696959118908620e-01
3.500000000000000000e+01 4.000000000000000000e+00 1.444066733690070325e-01
3.600000000000000000e+01 0.000000000000000000e+00 1.360028941893811349e-01
3.600000000000000000e+01 1.000000000000000000e+00 9.054625952665633359e-02
3.600000000000000000e+01 2.000000000000000000e+00 1.426278488013470735e-01
3.600000000000000000e+01 3.000000000000000000e+00 1.056513048084264106e-01
3.600000000000000000e+01 4.000000000000000000e+00 1.363646333751538375e-01
3.700000000000000000e+01 0.000000000000000000e+00 1.286405961832065292e-01
3.700000000000000000e+01 1.000000000000000000e+00 1.646467795996976735e-01
3.700000000000000000e+01 2.000000000000000000e+00 9.163370500937516316e-02
3.700000000000000000e+01 3.000000000000000000e+00 1.889306451388230723e-01
3.700000000000000000e+01 4.000000000000000000e+00 1.284879473481910783e-01
3.800000000000000000e+01 0.000000000000000000e+00 1.742506907613724509e-01
3.800000000000000000e+01 1.000000000000000000e+00 1.068560782312715229e-01
3.800000000000000000e+01 2.000000000000000000e+00 1.230470158583435863e-01
3.800000000000000000e+01 3.000000000000000000e+00 1.412831971875035397e-01
3.800000000000000000e+01 4.000000000000000000e+00 1.342445176175295629e-01
3.900000000000000000e+01 0.000000000000000000e+00 1.488767208699143252e-01
3.900000000000000000e+01 1.000000000000000000e+00 9.047349888603653523e-02
3.900000000000000000e+01 2.000000000000000000e+00 1.207076665320264697e-01
3.900000000000000000e+01 3.000000000000000000e+00 1.671129117373864048e-01
3.900000000000000000e+01 4.000000000000000000e+00 1.212526015119700928e-01
4.000000000000000000e+01 0.000000000000000000e+00 1.079947937299555322e-01
4.000000000000000000e+01 1.000000000000000000e+00 1.515675195918156359e-01
4.000000000000000000e+01 2.000000000000000000e+00 1.595259530664020764e-01
4.000000000000000000e+01 3.000000000000000000e+00 1.276864795146850917e-01
4.000000000000000000e+01 4.000000000000000000e+00 1.078182128069476442e-01
4.100000000000000000e+01 0.000000000000000000e+00 1.229070418227672101e-01
4.100000000000000000e+01 1.000000000000000000e+00 1.484996231335581340e-01
4.100000000000000000e+01 2.000000000000000000e+00 1.269561880435241263e-01
4.100000000000000000e+01 3.000000000000000000e+00 1.380767341510408530e-01
4.100000000000000000e+01 4.000000000000000000e+00 1.180238592053314828e-01
4.200000000000000000e+01 0.000000000000000000e+00 1.516013776826059534e-01
4.200000000000000000e+01 1.000000000000000000e+00 1.538966390571638032e-01
4.200000000000000000e+01 2.000000000000000000e+00 1.807730662811384281e-01
4.200000000000000000e+01 3.000000000000000000e+00 9.444844401077169549e-02
4.200000000000000000e+01 4.000000000000000000e+00 9.535542067977827163e-02
4.300000000000000000e+01 0.000000000000000000e+00 1.358641268968166227e-01
4.300000000000000000e+01 1.000000000000000000e+00 1.043014951568120852e-01
4.300000000000000000e+01 2.000000000000000000e+00 1.700085668403188144e-01
4.300000000000000000e+01 3.000000000000000000e+00 1.402977556091708766e-01
4.300000000000000000e+01 4.000000000000000000e+00 1.532145330554683105e-01
4.400000000000000000e+01 0.000000000000000000e+00 1.463618210072740455e-01
4.400000000000000000e+01 1.000000000000000000e+00 9.022867726906534658e-02
4.400000000000000000e+01 2.000000000000000000e+00 1.181488025145995963e-01
4.400000000000000000e+01 3.000000000000000000e+00 1.707157008116242658e-01
4.400000000000000000e+01 4.000000000000000000e+00 1.404017571479408699e-01
4.500000000000000000e+01 0.000000000000000000e+00 1.488218462324287505e-01
4.500000000000000000e+01 1.000000000000000000e+00 8.475623541007346051e-02
4.500000000000000000e+01 2.000000000000000000e+00 1.287828558720215399e-01
4.500000000000000000e+01 3.000000000000000000e+00 1.911717846734231618e-01
4.500000000000000000e+01 4.000000000000000000e+00 1.047942577413755461e-01
4.600000000000000000e+01 0.000000000000000000e+00 1.701554515398667200e-01
4.600000000000000000e+01 1.000000000000000000e+00 8.859252093511002513e-02
4.600000000000000000e+01 2.000000000000000000e+00 1.624278755203589497e-01
4.600000000000000000e+01 3.000000000000000000e+00 1.103340662126415239e-01
4.600000000000000000e+01 4.000000000000000000e+00 1.129421213448836003e-01
4.700000000000000000e+01 0.000000000000000000e+00 1.223943591738552716e-01
4.700000000000000000e+01 1.000000000000000000e+00 1.173446014009596472e-01
4.700000000000000000e+01 2.000000000000000000e+00 1.047347576482908771e-01
4.700000000000000000e+01 3.000000000000000000e+00 1.901833410102116428e-01
4.700000000000000000e+01 4.000000000000000000e+00 9.649428819120960121e-02
4.800000000000000000e+01 0.000000000000000000e+00 1.392860441643889446e-01
4.800000000000000000e+01 1.000000000000000000e+00 1.281496617463492582e-01
4.800000000000000000e+01 2.000000000000000000e+00 9.768807855394104345e-02
4.800000000000000000e+01 3.000000000000000000e+00 1.452092630218778380e-01
4.800000000000000000e+01 4.000000000000000000e+00 1.758139948638727801e-01
4.900000000000000000e+01 0.000000000000000000e+00 1.403735388803181161e-01
4.900000000000000000e+01 1.000000000000000000e+00 1.123984050625529835e-01
4.900000000000000000e+01 2.000000000000000000e+00 1.218249548391179132e-01
4.900000000000000000e+01 3.000000000000000000e+00 1.270669754821132369e-01
4.900000000000000000e+01 4.000000000000000000e+00 1.692662247273877818e-01
5.000000000000000000e+01 0.000000000000000000e+00 8.262194267458788932e-02
5.000000000000000000e+01 1.000000000000000000e+00 1.883976825923254494e-01
5.000000000000000000e+01 2.000000000000000000e+00 1.254032997780029912e-01
5.000000000000000000e+01 3.000000000000000000e+00 1.443024210304099386e-01
5.000000000000000000e+01 4.000000000000000000e+00 1.568380585309684661e-01
5.100000000000000000e+01 0.000000000000000000e+00 1.627483698598735373e-01
5.100000000000000000e+01 1.000000000000000000e+00 1.521922937776133411e-01
5.100000000000000000e+01 2.000000000000000000e+00 1.030251934898036570e-01
5.100000000000000000e+01 3.000000000000000000e+00 1.238945794256213345e-01
5.100000000000000000e+01 4.000000000000000000e+00 1.418853405273954038e-01
5.200000000000000000e+01 0.000000000000000000e+00 1.521253125068545986e-01
5.200000000000000000e+01 1.000000000000000000e+00 1.260869340036916975e-01
5.200000000000000000e+01 2.000000000000000000e+00 1.423359476457860262e-01
5.200000000000000000e+01 3.000000000000000000e+00 1.566458349185092802e-01
5.200000000000000000e+01 4.000000000000000000e+00 1.131467440951269554e-01
5.300000000000000000e+01 0.000000000000000000e+00 1.105394898819819088e-01
5.300000000000000000e+01 1.000000000000000000e+00 8.971357636385451917e-02
5.300000000000000000e+01 2.000000000000000000e+00 1.367659766736098736e-01
5.300000000000000000e+01 3.000000000000000000e+00 1.645205600659556955e-01
5.300000000000000000e+01 4.000000000000000000e+00 1.513653622190656578e-01
5.400000000000000000e+01 0.000000000000000000e+00 1.396231359138133954e-01
5.400000000000000000e+01 1.000000000000000000e+00 1.230508039839534468e-01
5.400000000000000000e+01 2.000000000000000000e+00 1.203606458089226533e-01
5.400000000000000000e+01 3.000000000000000000e+00 1.066753457216116224e-01
5.400000000000000000e+01 4.000000000000000000e+00 1.646586375998506657e-01
5.500000000000000000e+01 0.000000000000000000e+00 1.854997088837480879e-01
5.500000000000000000e+01 1.000000000000000000e+00 6.883469731676769565e-02
5.500000000000000000e+01 2.000000000000000000e+00 1.785544022134375186e-01
5.500000000000000000e+01 3.000000000000000000e+00 9.392688168139115557e-02
5.500000000000000000e+01 4.000000000000000000e+00 1.417197526564119014e-01
5.600000000000000000e+01 0.000000000000000000e+00 1.145807775743999113e-01
5.600000000000000000e+01 1.000000000000000000e+00 7.887032350213053766e-02
5.600000000000000000e+01 2.000000000000000000e+00 1.596218944402219009e-01
5.600000000000000000e+01 3.000000000000000000e+00 2.042578739007708810e-01
5.600000000000000000e+01 4.000000000000000000e+00 9.075292226573315746e-02
5.700000000000000000e+01 0.000000000000000000e+00 1.214483256319187493e-01
5.700000000000000000e+01 1.000000000000000000e+00 1.272646869064957276e-01
5.700000000000000000e+01 2.000000000000000000e+00 1.003149939444600708e-01
5.700000000000000000e+01 3.000000000000000000e+00 1.819570060415185986e-01
5.700000000000000000e+01 4.000000000000000000e+00 1.135886965826587436e-01
5.800000000000000000e+01 0.000000000000000000e+00 1.195632899734141164e-01
5.800000000000000000e+01 1.000000000000000000e+00 1.295966959131891749e-01
5.800000000000000000e+01 2.000000000000000000e+00 1.548411779700152313e-01
5.800000000000000000e+01 3.000000000000000000e+00 1.470963131285465131e-01
5.800000000000000000e+01 4.000000000000000000e+00 1.464188076195339916e-01
5.900000000000000000e+01 0.000000000000000000e+00 1.416762479771044303e-01
5.900000000000000000e+01 1.000000000000000000e+00 8.701663742314343086e-02
5.900000000000000000e+01 2.000000000000000000e+00 1.384153217727164265e-01
5.900000000000000000e+01 3.000000000000000000e+00 7.290547159969823499e-02
5.900000000000000000e+01 4.000000000000000000e+00 2.239531144323702316e-01
6.000000000000000000e+01 0.000000000000000000e+00 1.205063647627557105e-01
6.000000000000000000e+01 1.000000000000000000e+00 1.730862576909508732e-01
6.000000000000000000e+01 2.000000000000000000e+00 1.750587191192416459e-01
6.000000000000000000e+01 3.000000000000000000e+00 1.206802918670556446e-01
6.000000000000000000e+01 4.000000000000000000e+00 1.021315469549312349e-01
6.100000000000000000e+01 0.000000000000000000e+00 1.407832878252988917e-01
6.100000000000000000e+01 1.000000000000000000e+00 1.184945860297084430e-01
6.100000000000000000e+01 2.000000000000000000e+00 1.526408416024058468e-01
6.100000000000000000e+01 3.000000000000000000e+00 1.577561967594180714e-01
6.100000000000000000e+01 4.000000000000000000e+00 1.082138078504146367e-01
6.200000000000000000e+01 0.000000000000000000e+00 4.830422782343943289e-02
6.200000000000000000e+01 1.000000000000000000e+00 1.482750242540047392e-01
6.200000000000000000e+01 2.000000000000000000e+00 8.941321916881782295e-02
6.200000000000000000e+01 3.000000000000000000e+00 1.545358738253332920e-01
6.200000000000000000e+01 4.000000000000000000e+00 2.374687999365304725e-01
6.300000000000000000e+01 0.000000000000000000e+00 9.944336761647742939e-02
6.300000000000000000e+01 1.000000000000000000e+00 1.202967115454214170e-01
6.300000000000000000e+01 2.000000000000000000e+00 1.555835239560957872e-01
6.300000000000000000e+01 3.000000000000000000e+00 1.659561675478622711e-01
6.300000000000000000e+01 4.000000000000000000e+00 1.397313940738242888e-01
6.400000000000000000e+01 0.000000000000000000e+00 1.710039328344804266e-01
6.400000000000000000e+01 1.000000000000000000e+00 1.149954561501501382e-01
6.400000000000000000e+01 2.000000000000000000e+00 1.688905931704769436e-01
6.400000000000000000e+01 3.000000000000000000e+00 1.335929665458583104e-01
6.400000000000000000e+01 4.000000000000000000e+00 7.081079176307739087e-02
6.500000000000000000e+01 0.000000000000000000e+00 1.271730431798017702e-01
6.500000000000000000e+01 1.000000000000000000e+00 1.944550381462941402e-01
6.500000000000000000e+01 2.000000000000000000e+00 1.655463152163993978e-01
6.500000000000000000e+01 3.000000000000000000e+00 6.669849366389782319e-02
6.500000000000000000e+01 4.000000000000000000e+00 1.040349511163886215e-01
6.600000000000000000e+01 0.000000000000000000e+00 1.269796721889877578e-01
6.600000000000000000e+01 1.000000000000000000e+00 1.344256070191973962e-01
6.600000000000000000e+01 2.000000000000000000e+00 1.040059517460603794e-01
6.600000000000000000e+01 3.000000000000000000e+00 1.620189000237055033e-01
6.600000000000000000e+01 4.000000000000000000e+00 1.354002398974726296e-01
6.700000000000000000e+01 0.000000000000000000e+00 1.122600934160280506e-01
6.700000000000000000e+01 1.000000000000000000e+00 1.944790583267045347e-01
6.700000000000000000e+01 2.000000000000000000e+00 1.065132334966470279e-01
6.700000000000000000e+01 3.000000000000000000e+00 8.508247750401838616e-02
6.700000000000000000e+01 4.000000000000000000e+00 1.463838809525700446e-01
6.800000000000000000e+01 0.000000000000000000e+00 1.630549061923859122e-01
6.800000000000000000e+01 1.000000000000000000e+00 1.099571831931989291e-01
6.800000000000000000e+01 2.000000000000000000e+00 1.349176729740970693e-01
6.800000000000000000e+01 3.000000000000000000e+00 1.587261018090586062e-01
6.800000000000000000e+01 4.000000000000000000e+00 1.168722463897653302e-01
6.900000000000000000e+01 0.000000000000000000e+00 1.407803896182499015e-01
6.900000000000000000e+01 1.000000000000000000e+00 6.147989893134366002e-02
6.900000000000000000e+01 2.000000000000000000e+00 1.501441265528952740e-01
6.900000000000000000e+01 3.000000000000000000e+00 1.657259550442969909e-01
6.900000000000000000e+01 4.000000000000000000e+00 1.564710547732446055e-01
7.000000000000000000e+01 0.000000000000000000e+00 1.454760392992998363e-01
7.000000000000000000e+01 1.000000000000000000e+00 1.122109367727787133e-01
7.000000000000000000e+01 2.000000000000000000e+00 1.295518507581768231e-01
7.000000000000000000e+01 3.000000000000000000e+00 9.178743649126676341e-02
7.000000000000000000e+01 4.000000000000000000e+00 1.834295325459950887e-01
7.100000000000000000e+01 0.000000000000000000e+00 1.616519659396988273e-01
7.100000000000000000e+01 1.000000000000000000e+00 1.171410200371406640e-01
7.100000000000000000e+01 2.000000000000000000e+00 1.400959854824564976e-01
7.100000000000000000e+01 3.000000000000000000e+00 1.085887451568483264e-01
7.100000000000000000e+01 4.000000000000000000e+00 1.475112200870536683e-01
7.200000000000000000e+01 0.000000000000000000e+00 1.989127322037737011e-01
7.200000000000000000e+01 1.000000000000000000e+00 9.394713699394052764e-02
7.200000000000000000e+01 2.000000000000000000e+00 1.181192499353862502e-01
7.200000000000000000e+01 3.000000000000000000e+00 9.255995489392553066e-02
7.200000000000000000e+01 4.000000000000000000e+00 1.639352831674305011e-01
7.300000000000000000e+01 0.000000000000000000e+00 1.210241268124755132e-01
7.300000000000000000e+01 1.000000000000000000e+00 1.058911561343368057e-01
7.300000000000000000e+01 2.000000000000000000e+00 1.461218851093530335e-01
7.300000000000000000e+01 3.000000000000000000e+00 1.917628780141187872e-01
7.300000000000000000e+01 4.000000000000000000e+00 1.053835805944693949e-01
7.400000000000000000e+01 0.000000000000000000e+00 6.195648141652931179e-02
7.400000000000000000e+01 1.000000000000000000e+00 1.375345297090907470e-01
7.400000000000000000e+01 2.000000000000000000e+00 1.434268108189656887e-01
7.400000000000000000e+01 3.000000000000000000e+00 1.778655578189745901e-01
7.400000000000000000e+01 4.000000000000000000e+00 1.639817370233599969e-01
7.500000000000000000e+01 0.000000000000000000e+00 1.517183705781354752e-01
7.500000000000000000e+01 1.000000000000000000e+00 1.511263224452684406e-01
7.500000000000000000e+01 2.000000000000000000e+00 1.430973621806372054e-01
7.500000000000000000e+01 3.000000000000000000e+00 1.107621195588325697e-01
7.500000000000000000e+01 4.000000000000000000e+00 1.014242181927502706e-01
7.600000000000000000e+01 0.000000000000000000e+00 1.316981002094275988e-01
7.600000000000000000e+01 1.000000000000000000e+00 1.556601087892652557e-01
7.600000000000000000e+01 2.000000000000000000e+00 1.767151491430139221e-01
7.600000000000000000e+01 3.000000000000000000e+00 9.209855014969259290e-02
7.600000000000000000e+01 4.000000000000000000e+00 1.097087558033137816e-01
7.700000000000000000e+01 0.000000000000000000e+00 1.581541803315339723e-01
7.700000000000000000e+01 1.000000000000000000e+00 1.093828679980880930e-01
7.700000000000000000e+01 2.000000000000000000e+00 1.017780354790322750e-01
7.700000000000000000e+01 3.000000000000000000e+00 1.466786734000527226e-01
7.700000000000000000e+01 4.000000000000000000e+00 1.323640518526658649e-01
7.800000000000000000e+01 0.000000000000000000e+00 1.013123699047618065e-01
7.800000000000000000e+01 1.000000000000000000e+00 1.098713175933430930e-01
7.800000000000000000e+01 2.000000000000000000e+00 1.865062640656834081e-01
7.800000000000000000e+01 3.000000000000000000e+00 1.371896078845167288e-01
7.800000000000000000e+01 4.000000000000000000e+00 1.481816944895743282e-01
7.900000000000000000e+01 0.000000000000000000e+00 1.614098660887769709e-01
7.900000000000000000e+01 1.000000000000000000e+00 1.555957694261942692e-01
7.900000000000000000e+01 2.000000000000000000e+00 1.339294502958055244e-01
7.900000000000000000e+01 3.000000000000000000e+00 1.369873427309296343e-01
7.900000000000000000e+01 4.000000000000000000e+00 1.108726359837410441e-01
8.000000000000000000e+01 0.000000000000000000e+00 1.924708649632192181e-01
8.000000000000000000e+01 1.000000000000000000e+00 1.201501933220349427e-01
8.000000000000000000e+01 2.000000000000000000e+00 7.373602797053220581e-02
8.000000000000000000e+01 3.000000000000000000e+00 1.414668637093207948e-01
8.000000000000000000e+01 4.000000000000000000e+00 1.094945902429674545e-01
8.100000000000000000e+01 0.000000000000000000e+00 1.727684259222554974e-01
8.100000000000000000e+01 1.000000000000000000e+00 9.513637790327517108e-02
8.100000000000000000e+01 2.000000000000000000e+00 1.800196712281472711e-01
8.100000000000000000e+01 3.000000000000000000e+00 1.256297994621431713e-01
8.100000000000000000e+01 4.000000000000000000e+00 1.333364635164298873e-01
8.200000000000000000e+01 0.000000000000000000e+00 1.122145558085994727e-01
8.200000000000000000e+01 1.000000000000000000e+00 1.129884553584199619e-01
8.200000000000000000e+01 2.000000000000000000e+00 2.004799203665683371e-01
8.200000000000000000e+01 3.000000000000000000e+00 1.316418983311417878e-01
8.200000000000000000e+01 4.000000000000000000e+00 1.291982522188723503e-01
8.300000000000000000e+01 0.000000000000000000e+00 1.184675235471951138e-01
8.300000000000000000e+01 1.000000000000000000e+00 1.684249810919487000e-01
8.300000000000000000e+01 2.000000000000000000e+00 1.165520420945962143e-01
8.300000000000000000e+01 3.000000000000000000e+00 1.668744958276494050e-01
8.300000000000000000e+01 4.000000000000000000e+00 1.057526716469357753e-01
8.400000000000000000e+01 0.000000000000000000e+00 2.159814566371019151e-01
8.400000000000000000e+01 1.000000000000000000e+00 1.269188927184917992e-01
8.400000000000000000e+01 2.000000000000000000e+00 1.411500448416315723e-01
8.400000000000000000e+01 3.000000000000000000e+00 9.769782328001708205e-02
8.400000000000000000e+01 4.000000000000000000e+00 1.206722124308065996e-01
8.500000000000000000e+01 0.000000000000000000e+00 1.881398178156482026e-01
8.500000000000000000e+01 1.000000000000000000e+00 1.207446245377037652e-01
8.500000000000000000e+01 2.000000000000000000e+00 1.085748080499388951e-01
8.500000000000000000e+01 3.000000000000000000e+00 1.677622312654407644e-01
8.500000000000000000e+01 4.000000000000000000e+00 7.879037718871760576e-02
8.600000000000000000e+01 0.000000000000000000e+00 1.950543848577119821e-01
8.600000000000000000e+01 1.000000000000000000e+00 1.104800314589207966e-01
8.600000000000000000e+01 2.000000000000000000e+00 9.484703835898117275e-02
8.600000000000000000e+01 3.000000000000000000e+00 1.049943685443326946e-01
8.600000000000000000e+01 4.000000000000000000e+00 1.404602376314779688e-01
8.700000000000000000e+01 0.000000000000000000e+00 1.248173900382563151e-01
8.700000000000000000e+01 1.000000000000000000e+00 1.528984982981822227e-01
8.700000000000000000e+01 2.000000000000000000e+00 7.256588758430496111e-02
8.700000000000000000e+01 3.000000000000000000e+00 1.708902457079282677e-01
8.700000000000000000e+01 4.000000000000000000e+00 1.295695518449605510e-01
8.800000000000000000e+01 0.000000000000000000e+00 1.556949058303762901e-01
8.800000000000000000e+01 1.000000000000000000e+00 1.629083836277680497e-01
8.800000000000000000e+01 2.000000000000000000e+00 9.176561395236276786e-02
8.800000000000000000e+01 3.000000000000000000e+00 1.029239254915757795e-01
8.800000000000000000e+01 4.000000000000000000e+00 1.615136193567651979e-01
8.900000000000000000e+01 0.000000000000000000e+00 1.463805141194157444e-01
8.900000000000000000e+01 1.000000000000000000e+00 1.625707057773842501e-01
8.900000000000000000e+01 2.000000000000000000e+00 1.397004064982763083e-01
8.900000000000000000e+01 3.000000000000000000e+00 1.283871335960371507e-01
8.900000000000000000e+01 4.000000000000000000e+00 1.042287433122637830e-01
9.000000000000000000e+01 0.000000000000000000e+00 1.787987979008715533e-01
9.000000000000000000e+01 1.000000000000000000e+00 8.039079201142679265e-02
9.000000000000000000e+01 2.000000000000000000e+00 1.511777641381824022e-01
9.000000000000000000e+01 3.000000000000000000e+00 1.125414601531458392e-01
9.000000000000000000e+01 4.000000000000000000e+00 1.412656764463596781e-01
9.100000000000000000e+01 0.000000000000000000e+00 1.493433952599178272e-01
9.100000000000000000e+01 1.000000000000000000e+00 1.128458800226736780e-01
9.100000000000000000e+01 2.000000000000000000e+00 8.946126053679810675e-02
9.100000000000000000e+01 3.000000000000000000e+00 1.459128951921090378e-01
9.100000000000000000e+01 4.000000000000000000e+00 1.761026083890696869e-01
9.200000000000000000e+01 0.000000000000000000e+00 9.163924833594618014e-02
9.200000000000000000e+01 1.000000000000000000e+00 1.595014974655596662e-01
9.200000000000000000e+01 2.000000000000000000e+00 1.469071394462651559e-01
9.200000000000000000e+01 3.000000000000000000e+00 1.726662826103318449e-01
9.200000000000000000e+01 4.000000000000000000e+00 7.332208371033130390e-02
9.300000000000000000e+01 0.000000000000000000e+00 1.799812818743750931e-01
9.300000000000000000e+01 1.000000000000000000e+00 6.920240016622843104e-02
9.300000000000000000e+01 2.000000000000000000e+00 1.242237441703008816e-01
9.300000000000000000e+01 3.000000000000000000e+00 1.505590721722858127e-01
9.300000000000000000e+01 4.000000000000000000e+00 1.471438136283644560e-01
9.400000000000000000e+01 0.000000000000000000e+00 1.841201467972893580e-01
9.400000000000000000e+01 1.000000000000000000e+00 1.031360653822815804e-01
9.400000000000000000e+01 2.000000000000000000e+00 1.278954445722564337e-01
9.400000000000000000e+01 3.000000000000000000e+00 8.444339695129864098e-02
9.400000000000000000e+01 4.000000000000000000e+00 1.776590613913706374e-01
9.500000000000000000e+01 0.000000000000000000e+00 1.027558067492195942e-01
9.500000000000000000e+01 1.000000000000000000e+00 1.134841286039133118e-01
9.500000000000000000e+01 2.000000000000000000e+00 1.430706093330586515e-01
9.500000000000000000e+01 3.000000000000000000e+00 1.698696578086369147e-01
9.500000000000000000e+01 4.000000000000000000e+00 1.478080442809905082e-01
9.600000000000000000e+01 0.000000000000000000e+00 1.812668704159010324e-01
9.600000000000000000e+01 1.000000000000000000e+00 1.517587686330377772e-01
9.600000000000000000e+01 2.000000000000000000e+00 9.505951142138346910e-02
9.600000000000000000e+01 3.000000000000000000e+00 1.221084286930406854e-01
9.600000000000000000e+01 4.000000000000000000e+00 1.491005562365089743e-01
9.700000000000000000e+01 0.000000000000000000e+00 1.787711256538112026e-01
9.700000000000000000e+01 1.000000000000000000e+00 1.614331548280170114e-01
9.700000000000000000e+01 2.000000000000000000e+00 1.137821826470174491e-01
9.700000000000000000e+01 3.000000000000000000e+00 1.220150382746086476e-01
9.700000000000000000e+01 4.000000000000000000e+00 7.958434979864699443e-02
9.800000000000000000e+01 0.000000000000000000e+00 1.703314243687129859e-01
9.800000000000000000e+01 1.000000000000000000e+00 1.245258694466032656e-01
9.800000000000000000e+01 2.000000000000000000e+00 1.151737397684945985e-01
9.800000000000000000e+01 3.000000000000000000e+00 1.074126131725533645e-01
9.800000000000000000e+01 4.000000000000000000e+00 1.340597720669448323e-01
9.900000000000000000e+01 0.000000000000000000e+00 1.189146006443614068e-01
9.900000000000000000e+01 1.000000000000000000e+00 1.399249752937721802e-01
9.900000000000000000e+01 2.000000000000000000e+00 1.504449142847779641e-01
9.900000000000000000e+01 3.000000000000000000e+00 1.700246037511337627e-01
9.900000000000000000e+01 4.000000000000000000e+00 1.048017716115774156e-01
