0.000000000000000000e+00 0.000000000000000000e+00 6.215755626391637756e-02
0.000000000000000000e+00 1.000000000000000000e+00 1.056148489023429060e-01
0.000000000000000000e+00 2.000000000000000000e+00 2.925166850617303901e-02
0.000000000000000000e+00 3.000000000000000000e+00 1.214016501819847708e-02
0.000000000000000000e+00 4.000000000000000000e+00 1.195103955063492665e-02
1.000000000000000000e+00 0.000000000000000000e+00 8.386601835537312033e-02
1.000000000000000000e+00 1.000000000000000000e+00 8.646676269052101793e-02
1.000000000000000000e+00 2.000000000000000000e+00 5.286047693539888681e-02
1.000000000000000000e+00 3.000000000000000000e+00 3.508885904681276202e-02
1.000000000000000000e+00 4.000000000000000000e+00 7.548852336356577999e-03
2.000000000000000000e+00 0.000000000000000000e+00 6.794256776252863284e-02
2.000000000000000000e+00 1.000000000000000000e+00 4.543516173799460461e-02
2.000000000000000000e+00 2.000000000000000000e+00 4.759040922514085753e-02
2.000000000000000000e+00 3.000000000000000000e+00 6.338107878566433262e-02
2.000000000000000000e+00 4.000000000000000000e+00 6.287586114654952762e-02
3.000000000000000000e+00 0.000000000000000000e+00 3.162760755236220661e-02
3.000000000000000000e+00 1.000000000000000000e+00 2.574936352921293470e-02
3.000000000000000000e+00 2.000000000000000000e+00 8.878696131777162603e-02
3.000000000000000000e+00 3.000000000000000000e+00 1.110184170357761957e-01
3.000000000000000000e+00 4.000000000000000000e+00 2.066356313614158002e-02
4.000000000000000000e+00 0.000000000000000000e+00 4.486009436291157892e-02
4.000000000000000000e+00 1.000000000000000000e+00 1.190055918720742470e-02
4.000000000000000000e+00 2.000000000000000000e+00 5.797904231871343905e-02
4.000000000000000000e+00 3.000000000000000000e+00 3.808029322600778310e-02
4.000000000000000000e+00 4.000000000000000000e+00 3.648523252259423810e-02
5.000000000000000000e+00 0.000000000000000000e+00 3.190877804648407923e-02
5.000000000000000000e+00 1.000000000000000000e+00 4.622906886568159401e-02
5.000000000000000000e+00 2.000000000000000000e+00 7.064942434603714572e-02
5.000000000000000000e+00 3.000000000000000000e+00 4.171627046206332484e-02
5.000000000000000000e+00 4.000000000000000000e+00 2.015536422161170321e-02
6.000000000000000000e+00 0.000000000000000000e+00 7.203525085592175914e-02
6.000000000000000000e+00 1.000000000000000000e+00 3.866223478303461303e-02
6.000000000000000000e+00 2.000000000000000000e+00 4.549318514353254544e-02
6.000000000000000000e+00 3.000000000000000000e+00 1.065495740096522939e-02
6.000000000000000000e+00 4.000000000000000000e+00 3.719891434243761952e-02
7.000000000000000000e+00 0.000000000000000000e+00 7.266996454767829516e-02
7.000000000000000000e+00 1.000000000000000000e+00 3.524675951007404107e-02
7.000000000000000000e+00 2.000000000000000000e+00 2.435450118267951103e-02
7.000000000000000000e+00 3.000000000000000000e+00 2.080827157205577052e-02
7.000000000000000000e+00 4.000000000000000000e+00 7.221389681270516669e-02
8.000000000000000000e+00 0.000000000000000000e+00 3.367997303526485547e-02
8.000000000000000000e+00 1.000000000000000000e+00 2.546230364864026513e-02
8.000000000000000000e+00 2.000000000000000000e+00 7.731648498231236122e-02
8.000000000000000000e+00 3.000000000000000000e+00 6.160056392399371195e-02
8.000000000000000000e+00 4.000000000000000000e+00 2.631647895378288679e-02
9.000000000000000000e+00 0.000000000000000000e+00 3.739827869274755384e-02
9.000000000000000000e+00 1.000000000000000000e+00 6.571257680259111333e-02
9.000000000000000000e+00 2.000000000000000000e+00 2.118626166865590979e-02
9.000000000000000000e+00 3.000000000000000000e+00 4.152834431365715062e-03
9.000000000000000000e+00 4.000000000000000000e+00 2.866141524589888023e-02
1.000000000000000000e+01 0.000000000000000000e+00 4.817938241871332766e-02
1.000000000000000000e+01 1.000000000000000000e+00 4.443801774856565023e-02
1.000000000000000000e+01 2.000000000000000000e+00 5.358751953595045081e-02
1.000000000000000000e+01 3.000000000000000000e+00 1.371212759810522784e-02
1.000000000000000000e+01 4.000000000000000000e+00 7.552909671269991687e-02
1.100000000000000000e+01 0.000000000000000000e+00 3.676491957791906684e-02
1.100000000000000000e+01 1.000000000000000000e+00 2.712705091291564563e-02
1.100000000000000000e+01 2.000000000000000000e+00 4.562783246329935732e-02
1.100000000000000000e+01 3.000000000000000000e+00 4.461111624839884937e-02
1.100000000000000000e+01 4.000000000000000000e+00 1.390644530656715526e-02
1.200000000000000000e+01 0.000000000000000000e+00 1.053907809206672437e-02
1.200000000000000000e+01 1.000000000000000000e+00 4.920483355045632973e-02
1.200000000000000000e+01 2.000000000000000000e+00 1.581075537031120803e-02
1.200000000000000000e+01 3.000000000000000000e+00 5.341167102345992929e-02
1.200000000000000000e+01 4.000000000000000000e+00 5.187309987588854809e-02
1.300000000000000000e+01 0.000000000000000000e+00 1.679387063235941377e-02
1.300000000000000000e+01 1.000000000000000000e+00 4.141044614993587974e-02
1.300000000000000000e+01 2.000000000000000000e+00 6.368966094115666166e-02
1.300000000000000000e+01 3.000000000000000000e+00 1.016781796825129147e-01
1.300000000000000000e+01 4.000000000000000000e+00 3.475392552224708387e-02
1.400000000000000000e+01 0.000000000000000000e+00 2.947775224926228732e-02
1.400000000000000000e+01 1.000000000000000000e+00 6.000565284907474067e-02
1.400000000000000000e+01 2.000000000000000000e+00 2.529385212418415810e-02
1.400000000000000000e+01 3.000000000000000000e+00 7.784189283860097619e-02
1.400000000000000000e+01 4.000000000000000000e+00 9.559297081514722683e-02
1.500000000000000000e+01 0.000000000000000000e+00 9.189696397938708697e-03
1.500000000000000000e+01 1.000000000000000000e+00 3.019275036233412535e-02
1.500000000000000000e+01 2.000000000000000000e+00 3.932551722942404654e-02
1.500000000000000000e+01 3.000000000000000000e+00 4.255313718126015748e-02
1.500000000000000000e+01 4.000000000000000000e+00 6.051444072427793197e-02
1.600000000000000000e+01 0.000000000000000000e+00 6.194169085364137350e-02
1.600000000000000000e+01 1.000000000000000000e+00 3.386401299324603292e-02
1.600000000000000000e+01 2.000000000000000000e+00 1.219088614021957180e-02
1.600000000000000000e+01 3.000000000000000000e+00 5.188684017168432305e-02
1.600000000000000000e+01 4.000000000000000000e+00 2.435305073751087290e-02
1.700000000000000000e+01 0.000000000000000000e+00 4.199644521928529162e-02
1.700000000000000000e+01 1.000000000000000000e+00 3.506086278389974886e-02
1.700000000000000000e+01 2.000000000000000000e+00 2.545670300663134891e-02
1.700000000000000000e+01 3.000000000000000000e+00 2.936725120564678479e-02
1.700000000000000000e+01 4.000000000000000000e+00 4.226924012206682152e-02
1.800000000000000000e+01 0.000000000000000000e+00 5.458954757267579783e-02
1.800000000000000000e+01 1.000000000000000000e+00 4.751646241820152439e-02
1.800000000000000000e+01 2.000000000000000000e+00 3.579061817571032450e-02
1.800000000000000000e+01 3.000000000000000000e+00 7.742743578593327958e-02
1.800000000000000000e+01 4.000000000000000000e+00 2.234295058849166543e-02
1.900000000000000000e+01 0.000000000000000000e+00 2.844696535450361857e-03
1.900000000000000000e+01 1.000000000000000000e+00 9.659679761031710055e-02
1.900000000000000000e+01 2.000000000000000000e+00 1.441823552257309390e-02
1.900000000000000000e+01 3.000000000000000000e+00 7.297528180741331971e-02
1.900000000000000000e+01 4.000000000000000000e+00 1.752197529659790809e-02
2.000000000000000000e+01 0.000000000000000000e+00 6.297048917093182874e-02
2.000000000000000000e+01 1.000000000000000000e+00 1.039445923035048347e-02
2.000000000000000000e+01 2.000000000000000000e+00 2.307095904405262118e-02
2.000000000000000000e+01 3.000000000000000000e+00 5.058424984583902162e-02
2.000000000000000000e+01 4.000000000000000000e+00 2.463460477248601357e-02
2.100000000000000000e+01 0.000000000000000000e+00 4.879300886025612211e-02
2.100000000000000000e+01 1.000000000000000000e+00 2.270828766616966171e-02
2.100000000000000000e+01 2.000000000000000000e+00 4.423321688685714209e-02
2.100000000000000000e+01 3.000000000000000000e+00 6.909554427181870129e-02
2.100000000000000000e+01 4.000000000000000000e+00 3.322566210612937915e-02
2.200000000000000000e+01 0.000000000000000000e+00 4.934285536722011339e-02
2.200000000000000000e+01 1.000000000000000000e+00 4.601566389950071528e-02
2.200000000000000000e+01 2.000000000000000000e+00 5.389494567131986047e-02
2.200000000000000000e+01 3.000000000000000000e+00 1.744280308672900570e-02
2.200000000000000000e+01 4.000000000000000000e+00 4.263250378356622794e-02
2.300000000000000000e+01 0.000000000000000000e+00 1.597758090971203998e-02
2.300000000000000000e+01 1.000000000000000000e+00 2.342236921081963796e-02
2.300000000000000000e+01 2.000000000000000000e+00 7.958448209800748907e-02
2.300000000000000000e+01 3.000000000000000000e+00 2.579064315612809508e-02
2.300000000000000000e+01 4.000000000000000000e+00 6.302930090457178891e-02
2.400000000000000000e+01 0.000000000000000000e+00 1.893489250922660017e-02
2.400000000000000000e+01 1.000000000000000000e+00 5.271119124399092915e-02
2.400000000000000000e+01 2.000000000000000000e+00 5.046114039892996700e-02
2.400000000000000000e+01 3.000000000000000000e+00 6.773952172357097790e-02
2.400000000000000000e+01 4.000000000000000000e+00 9.972270760361249750e-03
2.500000000000000000e+01 0.000000000000000000e+00 5.359164123017958609e-02
2.500000000000000000e+01 1.000000000000000000e+00 5.247154402200386591e-02
2.500000000000000000e+01 2.000000000000000000e+00 9.091689199222661999e-02
2.500000000000000000e+01 3.000000000000000000e+00 5.385081019370141497e-02
2.500000000000000000e+01 4.000000000000000000e+00 2.745599119729416962e-02
2.600000000000000000e+01 0.000000000000000000e+00 4.268645785185624930e-02
2.600000000000000000e+01 1.000000000000000000e+00 9.518121172620608306e-02
2.600000000000000000e+01 2.000000000000000000e+00 2.277998473549745079e-02
2.600000000000000000e+01 3.000000000000000000e+00 1.914162292314317004e-02
2.600000000000000000e+01 4.000000000000000000e+00 5.145430931803890440e-02
2.700000000000000000e+01 0.000000000000000000e+00 6.168314230626324723e-02
2.700000000000000000e+01 1.000000000000000000e+00 1.126633198874437206e-02
2.700000000000000000e+01 2.000000000000000000e+00 5.836108256950749140e-02
2.700000000000000000e+01 3.000000000000000000e+00 4.146082957067535879e-02
2.700000000000000000e+01 4.000000000000000000e+00 1.880062367973767481e-02
2.800000000000000000e+01 0.000000000000000000e+00 1.572031979416776276e-02
2.800000000000000000e+01 1.000000000000000000e+00 2.618094260514165772e-02
2.800000000000000000e+01 2.000000000000000000e+00 6.621087411781487186e-02
2.800000000000000000e+01 3.000000000000000000e+00 1.387562379680531283e-02
2.800000000000000000e+01 4.000000000000000000e+00 4.848647613875841506e-02
2.900000000000000000e+01 0.000000000000000000e+00 1.809283491703347554e-02
2.900000000000000000e+01 1.000000000000000000e+00 8.659000125058773090e-02
2.900000000000000000e+01 2.000000000000000000e+00 1.126585742632458219e-02
2.900000000000000000e+01 3.000000000000000000e+00 5.302375183622321658e-02
2.900000000000000000e+01 4.000000000000000000e+00 3.866017552288521231e-02
3.000000000000000000e+01 0.000000000000000000e+00 1.706494721426932495e-02
3.000000000000000000e+01 1.000000000000000000e+00 9.152907208460341060e-02
3.000000000000000000e+01 2.000000000000000000e+00 3.915845833130384562e-02
3.000000000000000000e+01 3.000000000000000000e+00 2.944003310254262804e-02
3.000000000000000000e+01 4.000000000000000000e+00 2.507393838757579138e-02
3.100000000000000000e+01 0.000000000000000000e+00 5.310820241749926451e-02
3.100000000000000000e+01 1.000000000000000000e+00 1.051733424895071566e-02
3.100000000000000000e+01 2.000000000000000000e+00 1.467291595149056993e-01
3.100000000000000000e+01 3.000000000000000000e+00 5.036475476597828370e-03
3.100000000000000000e+01 4.000000000000000000e+00 7.126908824615803273e-02
3.200000000000000000e+01 0.000000000000000000e+00 3.210042767766829730e-02
3.200000000000000000e+01 1.000000000000000000e+00 3.516908787928835906e-02
3.200000000000000000e+01 2.000000000000000000e+00 6.165854516466054425e-02
3.200000000000000000e+01 3.000000000000000000e+00 3.122220621658841622e-02
3.200000000000000000e+01 4.000000000000000000e+00 2.710669886270034371e-02
3.300000000000000000e+01 0.000000000000000000e+00 4.870630161628317772e-02
3.300000000000000000e+01 1.000000000000000000e+00 7.576489894537905001e-02
3.300000000000000000e+01 2.000000000000000000e+00 4.936437396222686375e-02
3.300000000000000000e+01 3.000000000000000000e+00 4.998621953096147458e-02
3.300000000000000000e+01 4.000000000000000000e+00 1.779644392277084791e-02
3.400000000000000000e+01 0.000000000000000000e+00 6.884474229666714962e-02
3.400000000000000000e+01 1.000000000000000000e+00 1.480836415982268554e-02
3.400000000000000000e+01 2.000000000000000000e+00 4.004443813746704633e-02
3.400000000000000000e+01 3.000000000000000000e+00 7.267976413197460572e-02
3.400000000000000000e+01 4.000000000000000000e+00 9.622462038928679406e-02
3.500000000000000000e+01 0.000000000000000000e+00 3.902717853944476928e-02
3.500000000000000000e+01 1.000000000000000000e+00 2.147199190112493439e-02
3.500000000000000000e+01 2.000000000000000000e+00 2.723012645318828584e-02
3.500000000000000000e+01 3.000000000000000000e+00 7.560687556422493460e-02
3.500000000000000000e+01 4.000000000000000000e+00 4.839418889198224966e-02
3.600000000000000000e+01 0.000000000000000000e+00 6.991163634917274550e-02
3.600000000000000000e+01 1.000000000000000000e+00 5.353526338257179329e-02
3.600000000000000000e+01 2.000000000000000000e+00 4.662879370287224129e-02
3.600000000000000000e+01 3.000000000000000000e+00 3.230547750328982559e-02
3.600000000000000000e+01 4.000000000000000000e+00 3.048612840725981737e-02
3.700000000000000000e+01 0.000000000000000000e+00 2.060647350188270915e-02
3.700000000000000000e+01 1.000000000000000000e+00 6.024958219481341137e-02
3.700000000000000000e+01 2.000000000000000000e+00 5.373316129741558672e-02
3.700000000000000000e+01 3.000000000000000000e+00 5.590758381506035629e-02
3.700000000000000000e+01 4.000000000000000000e+00 2.617452002308677875e-02
3.800000000000000000e+01 0.000000000000000000e+00 3.317160747551380073e-02
3.800000000000000000e+01 1.000000000000000000e+00 1.045238934578229459e-02
3.800000000000000000e+01 2.000000000000000000e+00 4.517044284040683255e-02
3.800000000000000000e+01 3.000000000000000000e+00 6.026042368328836385e-02
3.800000000000000000e+01 4.000000000000000000e+00 5.227839126096432004e-02
3.900000000000000000e+01 0.000000000000000000e+00 3.264974751957430005e-02
3.900000000000000000e+01 1.000000000000000000e+00 4.650775074608314019e-02
3.900000000000000000e+01 2.000000000000000000e+00 4.317880311230928164e-02
3.900000000000000000e+01 3.000000000000000000e+00 7.245822964357392926e-02
3.900000000000000000e+01 4.000000000000000000e+00 6.031213915712521634e-02
4.000000000000000000e+01 0.000000000000000000e+00 2.734791677511940258e-02
4.000000000000000000e+01 1.000000000000000000e+00 5.315403890190255332e-02
4.000000000000000000e+01 2.000000000000000000e+00 3.561371124883838668e-02
4.000000000000000000e+01 3.000000000000000000e+00 2.125687510566886401e-02
4.000000000000000000e+01 4.000000000000000000e+00 7.334576710733085869e-02
4.100000000000000000e+01 0.000000000000000000e+00 2.382355804665719709e-02
4.100000000000000000e+01 1.000000000000000000e+00 2.493397569656242291e-02
4.100000000000000000e+01 2.000000000000000000e+00 5.557870144221142145e-02
4.100000000000000000e+01 3.000000000000000000e+00 2.180172447868690411e-02
4.100000000000000000e+01 4.000000000000000000e+00 4.071725605538861065e-02
4.200000000000000000e+01 0.000000000000000000e+00 6.999049180714214669e-02
4.200000000000000000e+01 1.000000000000000000e+00 5.901728833170379052e-02
4.200000000000000000e+01 2.000000000000000000e+00 4.448731232152993570e-02
4.200000000000000000e+01 3.000000000000000000e+00 2.194359965862265061e-02
4.200000000000000000e+01 4.000000000000000000e+00 6.643850948368468234e-02
4.300000000000000000e+01 0.000000000000000000e+00 3.001508601479224714e-02
4.300000000000000000e+01 1.000000000000000000e+00 2.025785166291162176e-02
4.300000000000000000e+01 2.000000000000000000e+00 6.575958226392636385e-02
4.300000000000000000e+01 3.000000000000000000e+00 3.354756383396347019e-02
4.300000000000000000e+01 4.000000000000000000e+00 2.830514545863495671e-02
4.400000000000000000e+01 0.000000000000000000e+00 1.799531121063452713e-02
4.400000000000000000e+01 1.000000000000000000e+00 5.072812477193616720e-02
4.400000000000000000e+01 2.000000000000000000e+00 3.759316004844399234e-02
4.400000000000000000e+01 3.000000000000000000e+00 5.057411261987000001e-02
4.400000000000000000e+01 4.000000000000000000e+00 2.967983117282914016e-02
4.500000000000000000e+01 0.000000000000000000e+00 1.440306528475921062e-02
4.500000000000000000e+01 1.000000000000000000e+00 1.476505872320715840e-02
4.500000000000000000e+01 2.000000000000000000e+00 5.739619485833279827e-02
4.500000000000000000e+01 3.000000000000000000e+00 2.716986519452072729e-02
4.500000000000000000e+01 4.000000000000000000e+00 6.176184105793232348e-02
4.600000000000000000e+01 0.000000000000000000e+00 8.071321606866901921e-02
4.600000000000000000e+01 1.000000000000000000e+00 4.199163168240075544e-02
4.600000000000000000e+01 2.000000000000000000e+00 6.339385298375681266e-02
4.600000000000000000e+01 3.000000000000000000e+00 5.455002298434247915e-02
4.600000000000000000e+01 4.000000000000000000e+00 2.531800919244225206e-02
4.700000000000000000e+01 0.000000000000000000e+00 7.045499072008680475e-02
4.700000000000000000e+01 1.000000000000000000e+00 6.185701834778004754e-02
4.700000000000000000e+01 2.000000000000000000e+00 3.077503477023660339e-02
4.700000000000000000e+01 3.000000000000000000e+00 1.051849478634035301e-01
4.700000000000000000e+01 4.000000000000000000e+00 2.407806603160567160e-02
4.800000000000000000e+01 0.000000000000000000e+00 8.051040102474570082e-02
4.800000000000000000e+01 1.000000000000000000e+00 2.566282090216765593e-02
4.800000000000000000e+01 2.000000000000000000e+00 3.927027047703584434e-02
4.800000000000000000e+01 3.000000000000000000e+00 1.904840314020407946e-02
4.800000000000000000e+01 4.000000000000000000e+00 2.269573038194719686e-02
4.900000000000000000e+01 0.000000000000000000e+00 1.444283092334777349e-02
4.900000000000000000e+01 1.000000000000000000e+00 5.728963053527780236e-02
4.900000000000000000e+01 2.000000000000000000e+00 7.334843353388878495e-02
4.900000000000000000e+01 3.000000000000000000e+00 5.093626117695169292e-02
4.900000000000000000e+01 4.000000000000000000e+00 4.526375777116782573e-02
5.000000000000000000e+01 0.000000000000000000e+00 4.054315049061098936e-02
5.000000000000000000e+01 1.000000000000000000e+00 6.048126866165561000e-02
5.000000000000000000e+01 2.000000000000000000e+00 1.596407870747767674e-02
5.000000000000000000e+01 3.000000000000000000e+00 4.057628204830870250e-02
5.000000000000000000e+01 4.000000000000000000e+00 3.724162535355599046e-02
5.100000000000000000e+01 0.000000000000000000e+00 4.101759350929935766e-02
5.100000000000000000e+01 1.000000000000000000e+00 4.871919431590626681e-02
5.100000000000000000e+01 2.000000000000000000e+00 1.800922631226362786e-02
5.100000000000000000e+01 3.000000000000000000e+00 3.508058494933600363e-02
5.100000000000000000e+01 4.000000000000000000e+00 4.564183761257259442e-02
5.200000000000000000e+01 0.000000000000000000e+00 1.439501706998102745e-02
5.200000000000000000e+01 1.000000000000000000e+00 1.717365079633687702e-02
5.200000000000000000e+01 2.000000000000000000e+00 8.004670438586623804e-02
5.200000000000000000e+01 3.000000000000000000e+00 6.283785646206613285e-02
5.200000000000000000e+01 4.000000000000000000e+00 7.078006923334270555e-03
5.300000000000000000e+01 0.000000000000000000e+00 1.252847833683467041e-02
5.300000000000000000e+01 1.000000000000000000e+00 5.337679046691880258e-02
5.300000000000000000e+01 2.000000000000000000e+00 1.484779859732779372e-02
5.300000000000000000e+01 3.000000000000000000e+00 6.267947973844432974e-02
5.300000000000000000e+01 4.000000000000000000e+00 6.041507646453890545e-02
5.400000000000000000e+01 0.000000000000000000e+00 8.662717455922064325e-02
5.400000000000000000e+01 1.000000000000000000e+00 4.609071544356500155e-02
5.400000000000000000e+01 2.000000000000000000e+00 2.023060136033817333e-02
5.400000000000000000e+01 3.000000000000000000e+00 2.103935375046648085e-02
5.400000000000000000e+01 4.000000000000000000e+00 3.172308721337699366e-02
5.500000000000000000e+01 0.000000000000000000e+00 1.366819482908279530e-02
5.500000000000000000e+01 1.000000000000000000e+00 5.543322341571024076e-02
5.500000000000000000e+01 2.000000000000000000e+00 2.789713300213131353e-02
5.500000000000000000e+01 3.000000000000000000e+00 5.762367431745236968e-02
5.500000000000000000e+01 4.000000000000000000e+00 4.887626978628981794e-02
5.600000000000000000e+01 0.000000000000000000e+00 4.286706080031054550e-02
5.600000000000000000e+01 1.000000000000000000e+00 2.209788878116861199e-02
5.600000000000000000e+01 2.000000000000000000e+00 1.401652140521054274e-02
5.600000000000000000e+01 3.000000000000000000e+00 9.564115706948067563e-02
5.600000000000000000e+01 4.000000000000000000e+00 8.041270546340169301e-02
5.700000000000000000e+01 0.000000000000000000e+00 8.860854442624631344e-02
5.700000000000000000e+01 1.000000000000000000e+00 3.177236322849850969e-02
5.700000000000000000e+01 2.000000000000000000e+00 9.125126406544194213e-02
5.700000000000000000e+01 3.000000000000000000e+00 3.465249643968749960e-02
5.700000000000000000e+01 4.000000000000000000e+00 3.693783175608115338e-02
5.800000000000000000e+01 0.000000000000000000e+00 3.618369620941828263e-02
5.800000000000000000e+01 1.000000000000000000e+00 4.643611677379860109e-02
5.800000000000000000e+01 2.000000000000000000e+00 6.682091591271875630e-02
5.800000000000000000e+01 3.000000000000000000e+00 4.218854728605614390e-02
5.800000000000000000e+01 4.000000000000000000e+00 4.391872389068492838e-02
5.900000000000000000e+01 0.000000000000000000e+00 2.094417708044206058e-02
5.900000000000000000e+01 1.000000000000000000e+00 7.347061785434623807e-03
5.900000000000000000e+01 2.000000000000000000e+00 8.202606364637284042e-02
5.900000000000000000e+01 3.000000000000000000e+00 5.372456649485611579e-02
5.900000000000000000e+01 4.000000000000000000e+00 8.236168645475316907e-02
6.000000000000000000e+01 0.000000000000000000e+00 4.986205844911024282e-02
6.000000000000000000e+01 1.000000000000000000e+00 1.330046612282706833e-02
6.000000000000000000e+01 2.000000000000000000e+00 3.435335950042539555e-02
6.000000000000000000e+01 3.000000000000000000e+00 7.467670703827918033e-02
6.000000000000000000e+01 4.000000000000000000e+00 2.638251990249632084e-02
6.100000000000000000e+01 0.000000000000000000e+00 3.917012301611789461e-03
6.100000000000000000e+01 1.000000000000000000e+00 5.975579916553938609e-02
6.100000000000000000e+01 2.000000000000000000e+00 2.390543743757141126e-02
6.100000000000000000e+01 3.000000000000000000e+00 3.067881338695384319e-02
6.100000000000000000e+01 4.000000000000000000e+00 3.698810900309527222e-02
6.200000000000000000e+01 0.000000000000000000e+00 2.577115657984291319e-02
6.200000000000000000e+01 1.000000000000000000e+00 3.113538148128284708e-02
6.200000000000000000e+01 2.000000000000000000e+00 3.471505601638551208e-02
6.200000000000000000e+01 3.000000000000000000e+00 1.873527773364614887e-02
6.200000000000000000e+01 4.000000000000000000e+00 7.422300846954629772e-02
6.300000000000000000e+01 0.000000000000000000e+00 2.104586336066339991e-02
6.300000000000000000e+01 1.000000000000000000e+00 3.308657217928717004e-02
6.300000000000000000e+01 2.000000000000000000e+00 1.899688499835320340e-03
6.300000000000000000e+01 3.000000000000000000e+00 3.603636833816137308e-02
6.300000000000000000e+01 4.000000000000000000e+00 2.845183805526236079e-02
6.400000000000000000e+01 0.000000000000000000e+00 7.214163253304337053e-02
6.400000000000000000e+01 1.000000000000000000e+00 5.789837678692566492e-02
6.400000000000000000e+01 2.000000000000000000e+00 2.349658260822963182e-02
6.400000000000000000e+01 3.000000000000000000e+00 2.615708019525224762e-02
6.400000000000000000e+01 4.000000000000000000e+00 4.982175426021194509e-02
6.500000000000000000e+01 0.000000000000000000e+00 4.813554843749365958e-02
6.500000000000000000e+01 1.000000000000000000e+00 5.774858345002855525e-02
6.500000000000000000e+01 2.000000000000000000e+00 2.347269388526873266e-02
6.500000000000000000e+01 3.000000000000000000e+00 2.937656736662561108e-02
6.500000000000000000e+01 4.000000000000000000e+00 9.484689726353363881e-02
6.600000000000000000e+01 0.000000000000000000e+00 3.030865437702734075e-02
6.600000000000000000e+01 1.000000000000000000e+00 2.252798973214784756e-02
6.600000000000000000e+01 2.000000000000000000e+00 7.400523714290951904e-02
6.600000000000000000e+01 3.000000000000000000e+00 6.568482025546176772e-02
6.600000000000000000e+01 4.000000000000000000e+00 4.640073724586352144e-02
6.700000000000000000e+01 0.000000000000000000e+00 7.414129774255910632e-02
6.700000000000000000e+01 1.000000000000000000e+00 3.892522969052398391e-02
6.700000000000000000e+01 2.000000000000000000e+00 2.539603673455484781e-02
6.700000000000000000e+01 3.000000000000000000e+00 9.162763659320383863e-03
6.700000000000000000e+01 4.000000000000000000e+00 4.791726417293454970e-02
6.800000000000000000e+01 0.000000000000000000e+00 4.973880999009671483e-02
6.800000000000000000e+01 1.000000000000000000e+00 5.269692657021193133e-02
6.800000000000000000e+01 2.000000000000000000e+00 3.655169236043530334e-02
6.800000000000000000e+01 3.000000000000000000e+00 3.451334669970816671e-02
6.800000000000000000e+01 4.000000000000000000e+00 2.413574960362774302e-02
6.900000000000000000e+01 0.000000000000000000e+00 3.651488264174033993e-02
6.900000000000000000e+01 1.000000000000000000e+00 4.073582919640518496e-02
6.900000000000000000e+01 2.000000000000000000e+00 5.109976575702854240e-02
6.900000000000000000e+01 3.000000000000000000e+00 4.081419656791945849e-02
6.900000000000000000e+01 4.000000000000000000e+00 5.869131472680245293e-03
7.000000000000000000e+01 0.000000000000000000e+00 2.907134965107162697e-02
7.000000000000000000e+01 1.000000000000000000e+00 7.110693877605282764e-02
7.000000000000000000e+01 2.000000000000000000e+00 8.006147887551552655e-02
7.000000000000000000e+01 3.000000000000000000e+00 4.568659999414522582e-02
7.000000000000000000e+01 4.000000000000000000e+00 4.795700502131945014e-02
7.100000000000000000e+01 0.000000000000000000e+00 6.005990737240539390e-02
7.100000000000000000e+01 1.000000000000000000e+00 2.335253031321392683e-02
7.100000000000000000e+01 2.000000000000000000e+00 3.113936297503576076e-02
7.100000000000000000e+01 3.000000000000000000e+00 2.621200112488163148e-02
7.100000000000000000e+01 4.000000000000000000e+00 8.301599320018956951e-02
7.200000000000000000e+01 0.000000000000000000e+00 3.346536217871716457e-02
7.200000000000000000e+01 1.000000000000000000e+00 4.095090528992847978e-02
7.200000000000000000e+01 2.000000000000000000e+00 1.802942279988657345e-02
7.200000000000000000e+01 3.000000000000000000e+00 4.080018307030836011e-02
7.200000000000000000e+01 4.000000000000000000e+00 6.058352462380674902e-02
7.300000000000000000e+01 0.000000000000000000e+00 6.843252658396582755e-02
7.300000000000000000e+01 1.000000000000000000e+00 3.450526729287366201e-02
7.300000000000000000e+01 2.000000000000000000e+00 6.265684175000092726e-02
7.300000000000000000e+01 3.000000000000000000e+00 4.267482626312201627e-02
7.300000000000000000e+01 4.000000000000000000e+00 2.884912421427353671e-02
7.400000000000000000e+01 0.000000000000000000e+00 6.542277853737490934e-02
7.400000000000000000e+01 1.000000000000000000e+00 1.390061294232742412e-02
7.400000000000000000e+01 2.000000000000000000e+00 5.385896675766870673e-03
7.400000000000000000e+01 3.000000000000000000e+00 7.637328430253438605e-02
7.400000000000000000e+01 4.000000000000000000e+00 7.122829804725282210e-02
7.500000000000000000e+01 0.000000000000000000e+00 5.515870781511835602e-02
7.500000000000000000e+01 1.000000000000000000e+00 4.383259884242955706e-02
7.500000000000000000e+01 2.000000000000000000e+00 3.314589004510774123e-02
7.500000000000000000e+01 3.000000000000000000e+00 1.814386244880264454e-02
7.500000000000000000e+01 4.000000000000000000e+00 3.809481862143965225e-02
7.600000000000000000e+01 0.000000000000000000e+00 8.636524428578445933e-02
7.600000000000000000e+01 1.000000000000000000e+00 5.888680106006428244e-02
7.600000000000000000e+01 2.000000000000000000e+00 6.316025379411990825e-02
7.600000000000000000e+01 3.000000000000000000e+00 3.346605938494630339e-02
7.600000000000000000e+01 4.000000000000000000e+00 2.718714548914110199e-02
7.700000000000000000e+01 0.000000000000000000e+00 4.424194550458918074e-02
7.700000000000000000e+01 1.000000000000000000e+00 4.859614474420445585e-02
7.700000000000000000e+01 2.000000000000000000e+00 4.944162962980531983e-02
7.700000000000000000e+01 3.000000000000000000e+00 5.818260960844502672e-02
7.700000000000000000e+01 4.000000000000000000e+00 5.084693941888881324e-02
7.800000000000000000e+01 0.000000000000000000e+00 3.292563565259416791e-02
7.800000000000000000e+01 1.000000000000000000e+00 2.895396498172269142e-02
7.800000000000000000e+01 2.000000000000000000e+00 9.133115797744030540e-02
7.800000000000000000e+01 3.000000000000000000e+00 3.287864504718480269e-02
7.800000000000000000e+01 4.000000000000000000e+00 4.006183291721821665e-02
7.900000000000000000e+01 0.000000000000000000e+00 6.073853939628934967e-02
7.900000000000000000e+01 1.000000000000000000e+00 7.057588599296987786e-02
7.900000000000000000e+01 2.000000000000000000e+00 7.291118612693328616e-02
7.900000000000000000e+01 3.000000000000000000e+00 3.809669425604076537e-02
7.900000000000000000e+01 4.000000000000000000e+00 1.083068653977091629e-02
8.000000000000000000e+01 0.000000000000000000e+00 3.102551836711881297e-02
8.000000000000000000e+01 1.000000000000000000e+00 2.127126224783614308e-02
8.000000000000000000e+01 2.000000000000000000e+00 5.519866029734592922e-02
8.000000000000000000e+01 3.000000000000000000e+00 4.259679464935150345e-02
8.000000000000000000e+01 4.000000000000000000e+00 5.637573880359582346e-02
8.100000000000000000e+01 0.000000000000000000e+00 4.471321647940536270e-02
8.100000000000000000e+01 1.000000000000000000e+00 5.649476335462905174e-02
8.100000000000000000e+01 2.000000000000000000e+00 7.068656834791078869e-02
8.100000000000000000e+01 3.000000000000000000e+00 1.544087116329768625e-02
8.100000000000000000e+01 4.000000000000000000e+00 1.560956000678044922e-02
8.200000000000000000e+01 0.000000000000000000e+00 6.336057575211130437e-03
8.200000000000000000e+01 1.000000000000000000e+00 2.726477071093239349e-02
8.200000000000000000e+01 2.000000000000000000e+00 8.406068609631622834e-02
8.200000000000000000e+01 3.000000000000000000e+00 4.150333812046376469e-02
8.200000000000000000e+01 4.000000000000000000e+00 3.991771587231582319e-02
8.300000000000000000e+01 0.000000000000000000e+00 1.139646293689739083e-02
8.300000000000000000e+01 1.000000000000000000e+00 5.046311371133216372e-02
8.300000000000000000e+01 2.000000000000000000e+00 8.237541287551997105e-02
8.300000000000000000e+01 3.000000000000000000e+00 4.164426973236867030e-02
8.300000000000000000e+01 4.000000000000000000e+00 3.150041662323842945e-02
8.400000000000000000e+01 0.000000000000000000e+00 9.854696005073140808e-02
8.400000000000000000e+01 1.000000000000000000e+00 1.802896927516173947e-02
8.400000000000000000e+01 2.000000000000000000e+00 8.316862790265587557e-02
8.400000000000000000e+01 3.000000000000000000e+00 1.299499976320665773e-02
8.400000000000000000e+01 4.000000000000000000e+00 3.671737867010052558e-02
8.500000000000000000e+01 0.000000000000000000e+00 2.531759760335140774e-02
8.500000000000000000e+01 1.000000000000000000e+00 4.543751355112719825e-02
8.500000000000000000e+01 2.000000000000000000e+00 5.012857010040532024e-02
8.500000000000000000e+01 3.000000000000000000e+00 9.502661696162682803e-02
8.500000000000000000e+01 4.000000000000000000e+00 6.306538019936661077e-02
8.600000000000000000e+01 0.000000000000000000e+00 4.010482998085068002e-02
8.600000000000000000e+01 1.000000000000000000e+00 1.734826883135954373e-02
8.600000000000000000e+01 2.000000000000000000e+00 3.513170486446329233e-02
8.600000000000000000e+01 3.000000000000000000e+00 6.227377185295942391e-02
8.600000000000000000e+01 4.000000000000000000e+00 4.306387065959964289e-02
8.700000000000000000e+01 0.000000000000000000e+00 2.694603207284868365e-02
8.700000000000000000e+01 1.000000000000000000e+00 5.626996136340675636e-02
8.700000000000000000e+01 2.000000000000000000e+00 2.998429204344896931e-02
8.700000000000000000e+01 3.000000000000000000e+00 3.219162252346478847e-02
8.700000000000000000e+01 4.000000000000000000e+00 2.797261422255876984e-02
8.800000000000000000e+01 0.000000000000000000e+00 3.651928960224581217e-02
8.800000000000000000e+01 1.000000000000000000e+00 2.462233684245335175e-02
8.800000000000000000e+01 2.000000000000000000e+00 3.380545307792918314e-02
8.800000000000000000e+01 3.000000000000000000e+00 5.383813642291512130e-02
8.800000000000000000e+01 4.000000000000000000e+00 1.296757000639180146e-01
8.900000000000000000e+01 0.000000000000000000e+00 1.700226164600463635e-02
8.900000000000000000e+01 1.000000000000000000e+00 5.730767964100544343e-02
8.900000000000000000e+01 2.000000000000000000e+00 4.470179357750794780e-02
8.900000000000000000e+01 3.000000000000000000e+00 4.385446015817227872e-02
8.900000000000000000e+01 4.000000000000000000e+00 3.809489733916685689e-02
9.000000000000000000e+01 0.000000000000000000e+00 5.618844236230612771e-02
9.000000000000000000e+01 1.000000000000000000e+00 2.903300391307702538e-02
9.000000000000000000e+01 2.000000000000000000e+00 4.098482647171788201e-02
9.000000000000000000e+01 3.000000000000000000e+00 7.563664497709879364e-02
9.000000000000000000e+01 4.000000000000000000e+00 2.602864178659462790e-02
9.100000000000000000e+01 0.000000000000000000e+00 1.102048295724026433e-01
9.100000000000000000e+01 1.000000000000000000e+00 4.524807944096648216e-02
9.100000000000000000e+01 2.000000000000000000e+00 4.973179778152754527e-02
9.100000000000000000e+01 3.000000000000000000e+00 2.253291114738626214e-02
9.100000000000000000e+01 4.000000000000000000e+00 8.273769136280144376e-02
9.200000000000000000e+01 0.000000000000000000e+00 1.092904531524598599e-01
9.200000000000000000e+01 1.000000000000000000e+00 5.756434073078019187e-02
9.200000000000000000e+01 2.000000000000000000e+00 5.579309378191588120e-02
9.200000000000000000e+01 3.000000000000000000e+00 3.106784021066829465e-02
9.200000000000000000e+01 4.000000000000000000e+00 5.111496570864058897e-02
9.300000000000000000e+01 0.000000000000000000e+00 6.665486318086034923e-02
9.300000000000000000e+01 1.000000000000000000e+00 2.461650783022253236e-02
9.300000000000000000e+01 2.000000000000000000e+00 2.633071539378667100e-02
9.300000000000000000e+01 3.000000000000000000e+00 6.041049406823840312e-02
9.300000000000000000e+01 4.000000000000000000e+00 4.207006243780049559e-02
9.400000000000000000e+01 0.000000000000000000e+00 1.051281436889014986e-01
9.400000000000000000e+01 1.000000000000000000e+00 2.753314324360400453e-02
9.400000000000000000e+01 2.000000000000000000e+00 2.247092334888882090e-02
9.400000000000000000e+01 3.000000000000000000e+00 2.569882864619959378e-02
9.400000000000000000e+01 4.000000000000000000e+00 4.536530657577909909e-02
9.500000000000000000e+01 0.000000000000000000e+00 5.452164721762731148e-02
9.500000000000000000e+01 1.000000000000000000e+00 2.372302736394334491e-02
9.500000000000000000e+01 2.000000000000000000e+00 2.269936365995502831e-02
9.500000000000000000e+01 3.000000000000000000e+00 4.665099306255033468e-02
9.500000000000000000e+01 4.000000000000000000e+00 5.506929374667438731e-02
9.600000000000000000e+01 0.000000000000000000e+00 2.030885551360054816e-02
9.600000000000000000e+01 1.000000000000000000e+00 5.795634930864774353e-02
9.600000000000000000e+01 2.000000000000000000e+00 3.246040855613675086e-02
9.600000000000000000e+01 3.000000000000000000e+00 1.987053089341141165e-02
9.600000000000000000e+01 4.000000000000000000e+00 5.714675904634721609e-02
9.700000000000000000e+01 0.000000000000000000e+00 4.570712600654024127e-02
9.700000000000000000e+01 1.000000000000000000e+00 5.575850926486658476e-02
9.700000000000000000e+01 2.000000000000000000e+00 1.720025521533409887e-02
9.700000000000000000e+01 3.000000000000000000e+00 4.796088498753147550e-02
9.700000000000000000e+01 4.000000000000000000e+00 1.339374859382585700e-02
9.800000000000000000e+01 0.000000000000000000e+00 6.738396430789410363e-02
9.800000000000000000e+01 1.000000000000000000e+00 7.311654626366957677e-02
9.800000000000000000e+01 2.000000000000000000e+00 3.600936138354932092e-02
9.800000000000000000e+01 3.000000000000000000e+00 3.609673183953898690e-02
9.800000000000000000e+01 4.000000000000000000e+00 3.011996357620246034e-02
9.900000000000000000e+01 0.000000000000000000e+00 5.600089948349722124e-02
9.900000000000000000e+01 1.000000000000000000e+00 2.997408988753322984e-02
9.900000000000000000e+01 2.000000000000000000e+00 2.527403219545500471e-02
9.900000000000000000e+01 3.000000000000000000e+00 5.189229893504627295e-02
9.900000000000000000e+01 4.000000000000000000e+00 1.028587106395619510e-01
