3.252353593199436843e-01 -5.458826228562604355e-01
1.601447828281241253e-05 -9.967855773556823652e-06
-4.250340888674106465e-05 -1.005448310522692154e-04
-4.555504612434322292e-05 -7.082943199170741604e-05
9.317579438159530325e-02 -8.877179398336758620e-01
-1.358926869035717282e-05 -4.679285805115800052e-05
-8.195160008357973926e-05 -1.009962052657482667e-04
-2.341013439146286416e-05 -1.098385119096968434e-04
-2.350854607193242937e-05 -4.629458903800037013e-05
3.884270946484764120e-01 -8.760198676839013876e-01
8.658014952528957087e-02 -4.708197602394856296e-01
-3.584998727964883733e-05 -1.312908371009059250e-04
-4.673138757766891004e-05 -8.906934864849429517e-05
-2.053860179061534159e-05 -2.426378068638929139e-05
2.675587508850595375e-01 -6.618097659018447043e-01
-7.942367598033888559e-05 -8.467245803353459473e-05
-9.067497058685216075e-05 -8.723763006455244372e-05
4.844333218445700528e-01 -8.331468016599500315e-01
1.554808539498139519e-01 -8.888237624538732062e-02
4.423328322840403559e-01 -9.272918923763981969e-01
-1.211454591629248095e-01 -3.597178240976792174e-01
5.703627611163462063e-01 -6.646504419614966963e-01
1.981263753533463734e-01 -7.424571253519446357e-01
-4.173825879120470579e-05 -6.339696407258962364e-05
-3.903532826053453969e-05 -7.868095874874914564e-05
2.657823846528955536e-01 -4.635123828772697574e-01
-1.017718564429289849e-04 -1.366487967734748724e-04
3.284374977428323739e-01 -6.239749282694561083e-01
-7.788369613350077823e-05 -1.231714229591549946e-04
2.551763080233752090e-01 -1.905564001676879338e-01
-1.602931402452238390e-05 -5.614845172821553490e-05
2.417562025251051017e-01 -4.028315917854856654e-01
-4.363748508591265703e-05 -5.192280613523961145e-05
-3.494768025671286669e-05 -1.048280909995962927e-04
1.743103332286999874e-01 -8.967110947255757525e-01
4.263517253641988525e-01 -6.430675795932251360e-01
-1.875828425687820386e-05 -8.796940966665880209e-05
-9.237951577258130562e-05 -1.162505712150724280e-04
1.911781592217196846e-01 -3.821674884646247827e-01
-5.487988193057684788e-05 -8.317039905582219159e-05
1.312243831107290093e-01 -6.774114430311288793e-01
-3.983687164871468932e-05 -8.252643756678913311e-05
3.225434069888213906e-02 -2.749003637589849114e-01
-1.315953841548154202e-01 -3.537974762657186134e-01
5.057023876812897223e-01 -5.060185779222851066e-01
-5.362606617825348783e-05 -9.951914962099131718e-05
-6.726522092658448158e-05 -8.162538668733864886e-05
-8.984292264343592051e-05 -1.882262565222276370e-04
5.645161376993668156e-01 -4.023538600020748479e-01
-2.283386073969920116e-05 -6.408772806347163762e-05
8.604384550173672652e-01 -9.227346101047888549e-01
-8.048819041365021243e-05 -4.947500780216865013e-05
-8.481228145390128266e-05 -1.581691961852644819e-04
-3.650776350424960479e-05 -7.927638589846778064e-05
-3.208788782454864670e-05 -6.591695891755816172e-05
-4.381874443633018007e-02 -7.434727753280027940e-02
-6.359023900855757705e-06 -3.622744485700124279e-05
-4.069107781258429128e-05 -1.102109462070840020e-04
-5.320378706699817654e-05 -1.263372338781107191e-04
2.713634369766165788e-01 -7.745457977304861519e-01
3.341881139176574589e-01 -7.777668813412240700e-01
1.197378978231901925e-01 -1.971083700270659378e-01
4.688162230609827508e-01 -8.000988243367018748e-01
-1.358421314279485801e-04 -1.584617724630558544e-04
-3.278578852896260581e-06 -1.739327759444510884e-05
5.049770356751029921e-01 -5.450669965433705411e-01
-9.084990515468933036e-05 -1.209073365791504552e-04
-7.056214100149089865e-05 -6.560330290208149788e-05
2.256356449809089337e-01 -4.659714050282788289e-01
-2.962800286015288153e-05 -1.231946735395995820e-04
-5.523358060371985780e-05 -8.751358797774923964e-05
3.690891902684798609e-01 -6.515807834823790223e-01
-7.751122448687477844e-05 -5.064704735160680519e-05
-1.781110412245956529e-05 -6.313228633981799072e-05
5.384142321869080927e-01 -1.000311994005295579e+00
-1.602717275469200527e-05 -7.457559813403412006e-05
-5.126303634255091721e-05 -1.197398054370381912e-04
2.283347076647619101e-01 -5.267334424609978472e-01
3.421500353272869943e-01 -5.036367237837378052e-01
-9.030708063676680982e-05 -9.344347248786283322e-05
-7.424120120863713659e-05 -9.077457075414318872e-05
-1.102558061270242308e-04 -1.514809455510843228e-04
5.735159037276508220e-01 -7.988590765791386827e-01
-5.705756213643861370e-05 -1.020719034396380882e-04
3.787688767652413468e-01 -1.903362067273108305e-01
1.513096362617096236e-01 -7.057781543521456369e-01
-1.361923795019862353e-03 -9.592201786396178931e-03
3.004547748314208566e-01 -7.289448419562326587e-01
-7.951646095764708215e-05 -4.423191183057457792e-05
3.159518823129767728e-01 -4.076638209630635279e-01
2.399815258120840678e-01 -4.483336020153452228e-01
4.800686734769518682e-01 -5.453385669092511989e-01
-5.073928413914518556e-05 -5.452399014851969317e-05
-7.802935518749909015e-05 -1.089471849149285560e-04
-6.068661981770168839e-05 -1.581988519175562668e-04
-1.018429967681773202e-03 -1.600975012765124168e-03
-7.554874945640869209e-05 -8.720374471088640782e-05
3.110411627344550900e-01 -7.417832722177037930e-01
1.766808348677900709e-01 -2.131701728774706150e-01
3.504678084587427023e-01 -4.683803227443210093e-01
1.755224046794743864e-01 -4.825807618102317398e-01
4.355096898206637368e-01 -5.491234006895009401e-01
-1.059474999891657862e-04 -1.091118952893475874e-04
3.399613243306851551e-01 -7.142843702758954194e-01
-4.640869645286728072e-05 -7.433703255473095479e-05
4.448991288385251153e-01 -5.680202604087772889e-01
-4.900447233767740078e-05 -7.965752414492399648e-05
-5.845363888785137297e-05 -1.221711399675928203e-04
-9.942238640223695996e-05 -8.161793681164858816e-05
4.746037843387984623e-01 -6.880338771046220492e-01
-4.115919557273953872e-05 -1.280127852058320428e-04
-1.080019227728898769e-04 -1.346296128152956210e-04
3.769310617340718705e-01 -5.703820182462451260e-01
4.799440003824151924e-01 -4.560978577523668864e-01
-6.877222430881786957e-05 -5.553083877102743163e-05
1.651328701000113475e-01 -4.423756636528972663e-01
-9.063390597586347376e-05 -1.931447231577648640e-04
-5.134864692540327898e-05 -4.938322397162032111e-05
-3.209300887948524712e-05 -8.502476607551219426e-05
4.018825774170197707e-01 -4.350362548360489079e-01
5.258098351034925511e-01 -5.969195246252619880e-01
1.168844542336587300e-01 -5.936592646362566228e-01
3.965086561418777050e-02 -7.173940078067559956e-01
1.255935060241580026e-01 -2.915068105233976636e-01
-6.035631707358597709e-05 -6.468187774479173906e-05
2.571247459653586143e-01 -9.338218860861582371e-01
1.140518607398974812e-05 -1.479458452112081385e-05
6.336862628361114580e-02 -4.189452523071914292e-01
-5.395513194933188028e-05 -7.538163160874412222e-05
1.938956129880672619e-01 -5.268502170566247145e-01
5.622193400661973373e-01 -7.935712807846598826e-01
-6.605224019484443932e-05 -4.233409231610925686e-05
2.089751513100850111e-01 -5.952279039748272771e-01
2.196623227932095190e-01 -3.738305440857322415e-01
-6.478323240934087679e-02 -1.152947943557743743e-01
-8.720205999527595535e-05 -8.977124968709851655e-05
-3.175480780947928516e-02 -1.083152750263971509e-01
5.189792624091265072e-01 -6.598606472186385741e-01
-7.672846527193954817e-06 -6.370407139095700943e-06
2.166032142586211129e-01 -8.076733341875362848e-01
-5.912712580891939891e-05 -1.055652375821332573e-04
-7.474161585101045521e-05 -1.066247678546354533e-04
-1.169265614071095161e-05 -2.444500059319490703e-05
1.203820751456244065e-01 -4.080543399226492229e-01
5.499785209703229594e-01 -9.797681903158008687e-01
6.018283923559272219e-01 -1.168045876434636865e+00
-7.865910108997950685e-05 -1.361326700368061394e-04
-3.208269788394384664e-05 -6.126220122489861174e-05
3.939156355827626241e-06 -7.549183299258390102e-06
-4.096563185962035598e-05 -6.041284702230113803e-05
-3.503483792757258047e-02 -1.143940973892886015e-01
-3.917371128002742280e-05 -1.360204599827645401e-04
-4.564269663794829029e-05 -7.327056482270830669e-05
2.285699326378392848e-01 -1.712332535745629825e-01
-5.016160462618667905e-05 -7.141971360802602527e-05
1.611265237103790549e-01 -5.184831084777479226e-01
-1.153266143461405827e-04 -1.495922050599290390e-04
6.952187922671650042e-07 -7.694813159341707052e-06
-4.339877526549776126e-05 -1.095488944192641998e-04
4.799966332543265102e-01 -6.562140973531125354e-01
-1.797703081968940868e-05 -6.788907191140375233e-05
3.593179742984195513e-01 -7.365512989388438569e-01
-6.803773635203889968e-05 -1.520978634241343180e-04
-6.465470425663661779e-05 -6.129666949038995588e-05
2.052649675328777346e-01 -3.244246116630975507e-01
-3.522190349910792040e-05 -8.805101630761136321e-05
-5.658086140818585386e-05 -7.897091506796500291e-05
4.174790039680842391e-01 -7.233406762405354407e-01
-7.721488120666415711e-02 -4.546029317590898344e-01
2.412634124542229475e-01 -4.019655537179265270e-01
4.547581690489523876e-01 -3.024214569270335939e-01
-7.491415085962979594e-05 -1.159780407464219631e-04
1.058815981903494102e-01 -4.786970034474433144e-01
-2.574418467091695511e-05 -9.661974442309149307e-05
-8.138351896659757722e-05 -1.193422154438721305e-04
-5.993008403217973262e-02 -4.985231114597323265e-01
1.907833606875738997e-01 -2.877921797260920567e-01
1.764914271815672397e-01 -4.280124261364326999e-01
-6.022541367412776950e-05 -8.495289744221012776e-05
2.633831176693969267e-01 -5.375939018746388465e-01
-1.185614051331151443e-04 -1.355658238137343052e-04
-6.153882654516380714e-05 -1.342471284760894852e-04
-6.688615786559032522e-06 -3.335206886387178727e-05
5.850030688407453772e-01 -3.861970593949605735e-01
-1.746324353159016754e-02 -4.233520481046423312e-01
1.580653336196359005e-01 -4.740830935182599459e-01
-3.237113473222071324e-05 -7.526608942946960159e-05
-7.607337576889511407e-05 -8.981309368197443871e-05
4.259820920147350254e-01 -6.014713885375099212e-01
-3.996574169132799127e-05 -1.159296307899655975e-04
1.474784861015934756e-01 -6.340073378008077576e-01
3.026854606257389224e-01 -4.537836465276187670e-01
1.401669832708975368e-05 -3.729649576100843437e-05
-7.420507018818973141e-05 -8.087427871753320957e-05
1.781138864367792785e-01 -7.996772110739119865e-01
-9.279477642243077627e-05 -1.260707107374973296e-04
3.704800252015769124e-01 -5.371300934796902071e-01
9.027257468163632547e-04 -3.211594287675429427e-01
3.772581946997333735e-01 -8.108805119487904056e-01
-3.330028689731322146e-05 -5.727286077631540219e-05
2.059960764561711566e-01 -4.382167893331094244e-01
-5.998016071194542506e-05 -6.329249007726855134e-05
2.666051563147054937e-01 -4.315812283268885552e-01
2.871162564846111570e-02 -5.165581969081683988e-01
-5.585681208230122762e-05 -9.858513913872681803e-05
-1.081794570285826988e-04 -1.180757569379191064e-04
5.571683563829537000e-01 -8.738917016671552407e-01
1.732289885308520533e-05 -2.325320390608058075e-05
-6.442696661108716146e-05 -1.097382947920137015e-04
2.232741882755923113e-01 -4.659925272935357410e-01
2.124700080530111668e-01 -3.127046074081711313e-01
-6.652793481330270290e-05 -1.057877825052152421e-04
-5.943139327186195569e-05 -1.270879272279625265e-04
2.478193687009829504e-01 -2.474079448177529950e-01
-5.809998868800030428e-03 -1.477076072156110684e-02
-4.077810302849556052e-05 -1.187953109462012860e-04
-2.480100790248699935e-05 -5.150666851168482274e-05
1.958263865631683365e-02 -3.320104063719778731e-01
5.537725832691059447e-01 -9.402613446691486798e-01
-6.312632285023654026e-05 -3.505077335834714717e-05
-8.143318002458354242e-05 -1.114763067033688936e-04
6.270712217622522733e-01 -9.285340588151970165e-01
-5.761370074472831499e-05 -7.951812247776253071e-05
-1.327852908232484247e-05 -3.928679839331659728e-05
1.542895709587942255e-01 -4.979287451426261391e-01
1.126098730393484404e-01 -3.421372437984444570e-01
-5.369332084339588037e-05 -8.040992879505324642e-05
2.191596913141935499e-01 -9.401697763926853968e-01
1.803424878989191016e-01 -3.485311731938448565e-01
-1.769394188534446999e-05 -7.620591262277119746e-05
2.310464108730834187e-01 -3.890668959057040355e-01
-3.176929713582848838e-05 -8.736257940398639967e-05
-1.124716453627982370e-04 -1.535621946246660109e-04
3.009067153807253314e-01 -5.695549102731780611e-01
1.434138823771856364e-01 -3.582989556117116003e-01
3.449676136582210950e-01 -6.565187527365686782e-01
3.065649487907083359e-01 -3.563079588015257149e-01
1.128842369171469302e-02 -4.156660691324869372e-01
-7.400543543315203957e-05 -1.073937402495328747e-04
-4.883087614967515481e-05 -1.163173735397631854e-04
-2.620524923908019099e-05 -7.787156596005220702e-05
-3.791096664997770186e-05 -1.129965189488139210e-04
-6.889482671500084048e-05 -5.778097824024748633e-05
2.317908612060161355e-01 -1.851134897226509868e-01
3.707764703296648201e-01 -1.078220646913536473e+00
1.610741109396720272e-01 -2.216667047336769170e-01
-8.519087433010326111e-05 -1.090127653138159205e-04
3.171262856819088150e-01 -5.638277733229452027e-01
-8.443087575008149167e-05 -1.605063474459501687e-04
3.959568897098831967e-03 -5.562117729154116702e-02
-3.534892749747589759e-05 -3.120636790132380486e-05
1.594918708211655323e-01 -4.352035033177073520e-01
-8.201042382955396799e-05 -8.339818547484906513e-05
3.697821072769469364e-01 -8.822277882306704955e-01
4.997340826937736735e-01 -8.211070217407299143e-01
-1.952661470658356435e-01 -1.740471403476902823e-01
3.321846801340447852e-01 -3.838632060675834512e-01
2.434591024462137788e-05 -5.052677688661078175e-06
-1.217201262008118520e-04 -2.151635383472086220e-04
-2.923939069136127412e-05 -1.155855010615992201e-04
-1.585951847882649812e-01 -3.269307411091115778e-01
2.342425002862163486e-01 -5.564211745036072854e-01
-1.062390598379944875e-04 -1.548370631397782721e-04
1.319826650183273942e-01 -3.116498510997879889e-01
6.036714503864152315e-01 -5.964672513287710975e-01
-5.924617778574980769e-05 -1.151569449109608842e-04
-4.174461280139334118e-05 -6.543536138030854404e-05
2.364899271868145525e-01 -3.962338333826154191e-01
-5.682282849056185961e-05 -1.158527704099525363e-04
3.600767566918340323e-01 -5.636418898945005918e-01
-5.926658772227188946e-05 -9.253164293718215739e-05
-5.181035023942809039e-05 -8.863136761637668327e-05
7.820844330269070832e-02 -4.599164798805931986e-01
3.763513854300021833e-01 -5.406162961157275904e-01
-1.858969078726798832e-05 -1.051195892545258914e-04
-2.086705982624130384e-05 -6.768510706954362010e-05
-8.828716107175810777e-05 -1.172065418038721417e-04
2.546061681752791461e-01 -3.669864686941926024e-01
1.701795707485323772e-01 -1.832727615753045602e-01
-6.736142016457079273e-03 -5.961901920139089928e-01
2.244344491111122664e-01 -8.058066010513380562e-01
4.810667405687350517e-01 -5.390716125499267486e-01
3.351108714588247467e-02 -1.790678083850520685e-01
-5.772001204444301487e-05 -1.005660153815739433e-04
-7.393072766469753216e-05 -8.647403874198586905e-05
1.626469158319328590e-01 -5.127742183445638258e-01
2.968620696611405374e-01 -4.217632112748722073e-01
-1.331089225408986847e-05 -6.407260085133562435e-05
-1.546651338421163591e-01 -3.304171358579668927e-01
-6.211687064781984380e-05 -1.412182884678397324e-04
1.898718551468229765e-01 -2.213433086349168855e-01
-3.006348732397688743e-05 -9.321983382128198870e-05
-7.899038506100697962e-05 -9.451291893247832103e-05
-1.527259009607240259e-02 -8.071437616209342636e-02
4.240785229308918075e-02 -4.378481022593041505e-01
-8.815978658347212442e-05 -1.062942164022081333e-04
-2.370704267000140118e-05 -2.522214590148833975e-05
5.555260170628966154e-01 -8.483297031282726053e-01
-8.049953525032298933e-05 -1.256863360576433990e-04
3.427508250651497002e-01 -5.191803987130773068e-01
-7.120854786012725964e-05 -1.054422459310236582e-04
6.403928776000286094e-01 -8.403156776242051151e-01
-3.323468139093832964e-05 -9.241448040103392159e-05
1.430055113076173027e-05 4.494590182749755753e-06
-1.047864492032858245e-04 -1.399313459532622252e-04
3.508122211430566018e-01 -6.654150544832427849e-01
4.142165222244885703e-01 -7.853821263609741532e-01
-5.060437116650918810e-05 -7.320177101759633195e-05
-6.348473042808457068e-05 -9.657716538473130777e-05
-2.647303960393544565e-05 -5.824365004535261999e-05
-4.987348434785574930e-05 -1.103026554756240301e-04
-4.894712894456229590e-02 -8.656489012438824127e-02
2.892226722713377440e-01 -1.313169870141108198e-01
-1.024977544458849474e-04 -1.713168609902775521e-04
3.726033593313403669e-01 -4.938870269762579701e-01
-5.274023569665956359e-05 -1.067603329376724277e-04
-4.310295076020044926e-05 -9.519983619134326689e-05
-4.542802603116126187e-05 -2.897643487528351090e-05
4.478844591059444880e-01 -8.445292689983107115e-01
2.937932729621736128e-01 -5.710968402718912262e-01
-5.894621845009986145e-05 -1.393349793685316577e-04
4.763668863894725547e-01 -8.391772539801143349e-01
-8.488917863305374276e-06 -2.914992638123738192e-06
-6.678568574567708531e-05 -8.000417083292673170e-05
-2.027944870864465925e-05 -8.853771980982469707e-05
-7.168657807387207321e-05 -8.144278943028411999e-05
-4.810889357512782613e-05 -1.084229160577315554e-04
-3.747195303904613970e-05 -1.040882250218344552e-04
3.967788496074591276e-01 -6.409284955286584928e-01
-1.793675921138765172e-05 -5.668263786695663221e-05
3.958569588444306175e-01 -7.335378057001142871e-01
-6.351647442010554276e-05 -1.178821838372212237e-04
3.963017271706452682e-01 -7.472924390829736030e-01
-5.266933789686631661e-05 -4.700806170345300366e-05
-3.015880215837739593e-05 -5.153875218097571506e-05
7.844552052081571122e-03 -5.806626548475224414e-01
3.430187550829602583e-01 -1.695972690896112023e-01
2.602077740471078759e-01 -6.044537145433632741e-01
-6.914270478405142842e-05 -8.299369238698983393e-05
2.159023986193825961e-01 -7.449608244545983249e-01
3.145868370707003425e-01 -5.465843553854319303e-01
3.415424069144816777e-01 -9.469127856243362285e-01
-4.989578833436615233e-05 -4.129413734474588182e-05
1.611565643792001179e-01 -1.096163675941130705e-01
-8.394428220691232002e-05 -1.498783646340408338e-04
-7.972331688081674790e-05 -1.075917283223993051e-04
-8.059500082195312500e-05 -1.320407367339745703e-04
3.180427940148157773e-01 -6.688226302791944189e-01
2.189700247931302413e-01 -4.873185680359655714e-01
3.093804297407571346e-01 -2.605189065784013214e-01
-5.043548023100939204e-05 -1.195718752727761841e-04
1.994554657919647899e-06 -5.186593770335913280e-05
2.016017960224008587e-01 -3.438505065608272737e-01
-1.396463967790987082e-01 -4.764136598967385616e-01
1.643837229880074635e-01 -3.465603890754734295e-01
-4.421331549572517862e-05 -1.128650751493907498e-04
-6.600705030768047295e-05 -1.615853297161859458e-04
7.059182792383723593e-01 -7.612747461965508888e-01
-2.653407044825275817e-05 -4.620124375908556889e-05
-8.276521627198106176e-05 -5.216821096050187429e-05
2.628360176697547290e-01 -5.571686434314153669e-01
-4.130288536407752850e-05 -9.642585581178821606e-05
-6.429559633518994860e-05 -8.302292323388898900e-05
3.888250925113809209e-01 -6.477770019755151321e-01
-4.412241796475068205e-05 -8.099409467759840695e-05
1.255222070482037433e-01 -4.251125822728968884e-01
-7.073534322587380827e-05 -5.568712803959224519e-05
6.232326400786815102e-01 -6.457167050840745270e-01
-6.831333578569333969e-05 -1.116724988537824307e-04
-4.552442111481870226e-05 -1.311404018702263814e-04
-4.293009925679201885e-05 -8.713833412985462165e-05
-1.182728915057965215e-04 -1.752068934542848561e-04
-6.636000338345593159e-05 -8.536906615357614937e-05
4.163562559233189297e-01 -7.370502422501514772e-01
3.531477341865137953e-01 -1.643689943165350387e-01
-8.448526969864314008e-05 -1.611550296637520162e-04
-7.001506151324663092e-05 -9.429764383516112407e-05
3.701362641205112047e-01 -2.762521785376377825e-01
-1.784795326161093838e-03 -2.189986007382662969e-01
2.384082122918825819e-01 -6.354814985872763167e-01
1.705012842401790463e-01 -4.984554493582107892e-01
2.928193939280827052e-01 -3.319616166524226863e-01
-6.894060265264472095e-05 -1.092513763122624669e-04
-6.794776046021481044e-05 -1.120926013362533717e-04
-2.548370109845151432e-05 -1.000940607939380066e-04
2.853167000109545492e-01 -4.417042823592738920e-01
5.874059998041573083e-01 -5.572749550182427569e-01
-3.902274621415798006e-02 -9.184561201445123890e-02
-1.609372995403389114e-02 -4.293470140705649696e-01
-1.085738847506001134e-04 -1.376938733461542772e-04
-3.802605346920138855e-05 -8.386371811505977374e-05
5.045981686600116145e-01 -5.984400821580595498e-01
3.435564706286259873e-01 -4.560887048292754931e-01
-6.884658658309891831e-05 -8.732811321766866723e-05
-1.042574971084878115e-04 -1.392399956603891642e-04
-4.672862889184242172e-05 -1.009456425502760243e-04
-4.180833969966092129e-05 -9.649069026439797373e-05
3.468483604710694279e-01 -4.981735805969184083e-01
4.391141125647382570e-01 -4.250322635269008775e-01
-1.245256792487495635e-04 -1.510586239084277184e-04
2.755966750161191192e-01 -5.783667357450693602e-01
1.329637726758146621e-01 -3.337254035931547791e-01
1.119413012401351687e-01 -5.186276626341671525e-01
-4.617684675811546094e-05 -1.393736404912087441e-04
-4.638037360669906476e-05 -5.935998620067621599e-05
4.365902100687960585e-01 -5.757983775852302255e-01
2.343381146525579106e-01 -4.870262457249002752e-01
-5.479045817258550589e-05 -3.521079266513059896e-05
5.713914024650033063e-01 -8.803145040291511236e-01
-1.269139042212993809e-04 -1.417498225534951392e-04
-3.070374567776805479e-05 -1.007411933057692627e-04
-2.556492501737316569e-05 -7.709437325837598034e-05
2.551517547437859856e-01 -5.795875151459864982e-01
-3.545536692436740742e-05 -9.043063697495249277e-05
-6.737823291642307786e-05 -8.262240901304746671e-05
2.888303543052023192e-01 -7.310308797079476673e-01
-2.245728774037536869e-05 -6.005073142831309483e-05
-4.467418071130370194e-05 -7.095049641069057892e-05
-2.193975256508474413e-05 -8.959509685800882170e-05
-4.290795449551006337e-05 -9.598099109463508480e-05
3.298770018321955377e-01 -8.031844842562170239e-01
2.698849210619335137e-01 -2.850045773172482089e-01
-1.001073228920643863e-04 -1.091682854571332821e-04
-5.468589753501077279e-05 -7.839339022334794460e-05
3.801152463466009879e-01 -6.343235479212308014e-01
9.529143805601167491e-04 -3.514624919601095354e-01
-4.420120601459659622e-05 -4.495205710994934397e-05
1.687215488174134031e-05 -9.459124338298326460e-06
-8.062659188090324038e-05 -1.656131595033584665e-04
4.214325231167075914e-01 -7.721995916726414055e-01
-3.304299818774598756e-05 -1.282275776425733315e-04
-4.346416783798278587e-05 -8.657335544131146063e-05
-8.900886700120777810e-06 -5.539177552568136484e-05
1.905081130176868309e-01 -2.383550902529954496e-01
-5.755689386280465891e-02 -1.051025229635254160e-01
1.258402141711655042e-01 -2.186833799814994483e-01
-3.534490153145808042e-05 -6.586579043855971926e-05
-6.397041535478586994e-05 -1.603140327257867313e-04
3.830616910078725734e-01 -6.754941801025088344e-01
-6.558877687844339441e-05 -8.763001495438140138e-05
5.519441792105272970e-01 -9.520628799643782170e-01
-4.447528222151559725e-05 -1.270080748035710397e-04
2.872665999388939184e-01 -4.901882625655366588e-01
-8.782907586969144521e-05 -6.338252580067486126e-05
-3.319016649071344704e-05 -4.799825457744133879e-05
-4.041818972679402707e-05 -1.163210751916328271e-04
-4.251638046355133376e-05 -9.997889025138993789e-05
-4.478807273083034451e-06 -2.293041135931294489e-05
2.486834752872780774e-01 -2.883656621358522965e-01
-9.464520905451202272e-05 -1.784515970372082898e-04
1.333268772757990534e-05 -4.402562797557862798e-05
-1.029377270703882779e-04 -9.626256036470550511e-05
-2.112135042038943192e-05 -9.756525893296192329e-05
-7.442947754804522626e-06 -9.368805676639701803e-05
-4.360024104921362583e-05 -1.070223054520623722e-04
-1.007847859090190183e-04 -1.421862346996515154e-04
-3.676641599459351539e-05 -7.883564161772010849e-05
1.441475136258081324e-01 -4.289793116759881286e-01
2.865618819880890178e-01 -5.954282344418175832e-01
2.548694096860942310e-07 -5.021461504872357773e-05
-7.569969666909969592e-05 -1.393117423688892433e-04
-5.623029948321804584e-05 -8.736715790516757130e-05
5.302531965325902874e-01 -7.553201424863558167e-01
1.745986588416507668e-01 -1.338297249524050270e-01
-7.468122668427359142e-05 -1.084007460514336223e-04
-5.447615346612278998e-05 -7.417895933973492383e-05
8.251048197514694593e-02 -7.283314731758863125e-01
4.591702390129294153e-01 -4.824618050935708946e-01
4.422632046133554568e-03 -5.327804594680531913e-01
1.825449111814413383e-01 -3.992144363335468071e-01
-3.935145186813395103e-05 -1.070440793091682419e-04
-9.661070678611738318e-05 -1.460574161460549811e-04
4.618100536603718799e-05 6.133071757425547368e-06
-4.590866583420073082e-05 -7.557326410488840679e-05
3.756082611611463729e-01 -7.855315031931370262e-01
-1.941882859338872562e-05 -8.201175889660655151e-05
-6.293271047317181715e-05 -1.343053238681239246e-04
-1.741412125247559020e-02 -8.999672021815395551e-02
-3.476544271095378979e-05 -4.552619164804113001e-05
1.869458823020216376e-01 -4.251576397611904756e-01
-2.685871259394882711e-05 -4.787150407571021202e-05
2.390470735191393692e-01 -1.037735325921958385e+00
3.422804151401427908e-01 -6.432371808630183985e-01
3.667565879150553321e-01 -3.226066925179449929e-01
-9.806487332449243660e-05 -9.420445434481573876e-05
-7.022845161887432928e-05 -8.195766921994237576e-05
5.849402638668301790e-01 -4.518777162741664521e-01
-4.199696445099304279e-05 -1.086666228950243442e-04
-3.175636242680697551e-05 -6.990068299829773474e-05
-7.139128229647444084e-03 -7.072424346573393805e-01
-2.182928301736944534e-05 -8.184044830661130502e-05
-1.009783799742620508e-04 -8.725789368827929912e-05
2.670228965512121133e-02 -4.405206883574486199e-01
3.820909553692198868e-01 -3.839365983037526520e-01
-3.136311423265469845e-05 -1.050371154566105984e-04
-6.456177174781100952e-05 -9.853450195906456673e-05
2.367623157067999806e-01 -7.283229672511498665e-01
5.619106784117022801e-01 -6.546025600287297408e-01
-2.007153555915379910e-05 -3.171177746958452271e-05
-6.889799853494484830e-05 -1.138624541875590107e-04
