0.000000000000000000e+00 0.000000000000000000e+00 1.386162287368273849e-01
0.000000000000000000e+00 1.000000000000000000e+00 1.437856313019502119e-01
0.000000000000000000e+00 2.000000000000000000e+00 1.828456547867792215e-01
0.000000000000000000e+00 3.000000000000000000e+00 1.443553938206360576e-01
0.000000000000000000e+00 4.000000000000000000e+00 2.428041085978067948e-01
1.000000000000000000e+00 0.000000000000000000e+00 1.540098491382360379e-01
1.000000000000000000e+00 1.000000000000000000e+00 1.800662756274993281e-01
1.000000000000000000e+00 2.000000000000000000e+00 1.805555576317082189e-01
1.000000000000000000e+00 3.000000000000000000e+00 1.325130172297872833e-01
1.000000000000000000e+00 4.000000000000000000e+00 2.183608878696758349e-01
2.000000000000000000e+00 0.000000000000000000e+00 2.038235063128954194e-01
2.000000000000000000e+00 1.000000000000000000e+00 2.218490445636132902e-01
2.000000000000000000e+00 2.000000000000000000e+00 1.380994088910265927e-01
2.000000000000000000e+00 3.000000000000000000e+00 1.288568635914260074e-01
2.000000000000000000e+00 4.000000000000000000e+00 1.652777049899032125e-01
3.000000000000000000e+00 0.000000000000000000e+00 1.968541643233252536e-01
3.000000000000000000e+00 1.000000000000000000e+00 1.872591451580579436e-01
3.000000000000000000e+00 2.000000000000000000e+00 1.328384697726975316e-01
3.000000000000000000e+00 3.000000000000000000e+00 1.545082395798932362e-01
3.000000000000000000e+00 4.000000000000000000e+00 1.934938043851452405e-01
4.000000000000000000e+00 0.000000000000000000e+00 1.684453899979430347e-01
4.000000000000000000e+00 1.000000000000000000e+00 1.711422297583055641e-01
4.000000000000000000e+00 2.000000000000000000e+00 2.061323262012434432e-01
4.000000000000000000e+00 3.000000000000000000e+00 1.655754440491754020e-01
4.000000000000000000e+00 4.000000000000000000e+00 1.357952811456983322e-01
5.000000000000000000e+00 0.000000000000000000e+00 2.053777604885368979e-01
5.000000000000000000e+00 1.000000000000000000e+00 1.882082238728060575e-01
5.000000000000000000e+00 2.000000000000000000e+00 1.503721155023333977e-01
5.000000000000000000e+00 3.000000000000000000e+00 1.548647054076346397e-01
5.000000000000000000e+00 4.000000000000000000e+00 1.645439801525876988e-01
6.000000000000000000e+00 0.000000000000000000e+00 1.593908356146606919e-01
6.000000000000000000e+00 1.000000000000000000e+00 1.480928705913560073e-01
6.000000000000000000e+00 2.000000000000000000e+00 1.651065462991216370e-01
6.000000000000000000e+00 3.000000000000000000e+00 1.851735298856872214e-01
6.000000000000000000e+00 4.000000000000000000e+00 1.983347316021429330e-01
7.000000000000000000e+00 0.000000000000000000e+00 1.744360004045466261e-01
7.000000000000000000e+00 1.000000000000000000e+00 1.883374679109316718e-01
7.000000000000000000e+00 2.000000000000000000e+00 1.758018769717074326e-01
7.000000000000000000e+00 3.000000000000000000e+00 1.654581548991958806e-01
7.000000000000000000e+00 4.000000000000000000e+00 1.412348838687911001e-01
8.000000000000000000e+00 0.000000000000000000e+00 2.342026554258770099e-01
8.000000000000000000e+00 1.000000000000000000e+00 1.783240242282462251e-01
8.000000000000000000e+00 2.000000000000000000e+00 1.870974628547219798e-01
8.000000000000000000e+00 3.000000000000000000e+00 1.308033394747742939e-01
8.000000000000000000e+00 4.000000000000000000e+00 1.072399281640258328e-01
9.000000000000000000e+00 0.000000000000000000e+00 2.191890351915445345e-01
9.000000000000000000e+00 1.000000000000000000e+00 1.709849349613659919e-01
9.000000000000000000e+00 2.000000000000000000e+00 1.994252051872893172e-01
9.000000000000000000e+00 3.000000000000000000e+00 1.372525780647927962e-01
9.000000000000000000e+00 4.000000000000000000e+00 1.397803202717872173e-01
1.000000000000000000e+01 0.000000000000000000e+00 1.739287151613101157e-01
1.000000000000000000e+01 1.000000000000000000e+00 1.465025227046489742e-01
1.000000000000000000e+01 2.000000000000000000e+00 1.968046656264700600e-01
1.000000000000000000e+01 3.000000000000000000e+00 1.696279360901734035e-01
1.000000000000000000e+01 4.000000000000000000e+00 1.667726200217689858e-01
1.100000000000000000e+01 0.000000000000000000e+00 2.045218216197367822e-01
1.100000000000000000e+01 1.000000000000000000e+00 1.074605609196240402e-01
1.100000000000000000e+01 2.000000000000000000e+00 1.811850833397682936e-01
1.100000000000000000e+01 3.000000000000000000e+00 1.864881090931858609e-01
1.100000000000000000e+01 4.000000000000000000e+00 1.799794339150844469e-01
1.200000000000000000e+01 0.000000000000000000e+00 2.067382445233036936e-01
1.200000000000000000e+01 1.000000000000000000e+00 1.155212958107293270e-01
1.200000000000000000e+01 2.000000000000000000e+00 1.817772515431445302e-01
1.200000000000000000e+01 3.000000000000000000e+00 1.711635967947363335e-01
1.200000000000000000e+01 4.000000000000000000e+00 1.916881956324346103e-01
1.300000000000000000e+01 0.000000000000000000e+00 1.618970563376091187e-01
1.300000000000000000e+01 1.000000000000000000e+00 1.588369167822399342e-01
1.300000000000000000e+01 2.000000000000000000e+00 1.632667221030339733e-01
1.300000000000000000e+01 3.000000000000000000e+00 1.641220473808845393e-01
1.300000000000000000e+01 4.000000000000000000e+00 2.005825456409702778e-01
1.400000000000000000e+01 0.000000000000000000e+00 1.709886739195878025e-01
1.400000000000000000e+01 1.000000000000000000e+00 1.932166052179926374e-01
1.400000000000000000e+01 2.000000000000000000e+00 1.141878867081208421e-01
1.400000000000000000e+01 3.000000000000000000e+00 1.432278704598500818e-01
1.400000000000000000e+01 4.000000000000000000e+00 2.301015473912046971e-01
1.500000000000000000e+01 0.000000000000000000e+00 1.537367045026573342e-01
1.500000000000000000e+01 1.000000000000000000e+00 2.444473399103305467e-01
1.500000000000000000e+01 2.000000000000000000e+00 1.742151429692066766e-01
1.500000000000000000e+01 3.000000000000000000e+00 1.488641701428866648e-01
1.500000000000000000e+01 4.000000000000000000e+00 1.203401625490040650e-01
1.600000000000000000e+01 0.000000000000000000e+00 1.728998174400643850e-01
1.600000000000000000e+01 1.000000000000000000e+00 1.651469122011751667e-01
1.600000000000000000e+01 2.000000000000000000e+00 2.148505163335105717e-01
1.600000000000000000e+01 3.000000000000000000e+00 1.518046828582712282e-01
1.600000000000000000e+01 4.000000000000000000e+00 1.555926344639262937e-01
1.700000000000000000e+01 0.000000000000000000e+00 1.982811314400183544e-01
1.700000000000000000e+01 1.000000000000000000e+00 1.432388774530955478e-01
1.700000000000000000e+01 2.000000000000000000e+00 1.735217889711797301e-01
1.700000000000000000e+01 3.000000000000000000e+00 1.670152286561917554e-01
1.700000000000000000e+01 4.000000000000000000e+00 1.776967250826336220e-01
1.800000000000000000e+01 0.000000000000000000e+00 1.363952870556449093e-01
1.800000000000000000e+01 1.000000000000000000e+00 1.919630579776183954e-01
1.800000000000000000e+01 2.000000000000000000e+00 1.399718359219874475e-01
1.800000000000000000e+01 3.000000000000000000e+00 2.097527887297298832e-01
1.800000000000000000e+01 4.000000000000000000e+00 1.715758767424940823e-01
1.900000000000000000e+01 0.000000000000000000e+00 2.113121509345633753e-01
1.900000000000000000e+01 1.000000000000000000e+00 1.557946000585868906e-01
1.900000000000000000e+01 2.000000000000000000e+00 2.097512017001753326e-01
1.900000000000000000e+01 3.000000000000000000e+00 1.304502267895039092e-01
1.900000000000000000e+01 4.000000000000000000e+00 1.676487961589408493e-01
2.000000000000000000e+01 0.000000000000000000e+00 1.588373626718113107e-01
2.000000000000000000e+01 1.000000000000000000e+00 2.112991013492264702e-01
2.000000000000000000e+01 2.000000000000000000e+00 1.384841186111002431e-01
2.000000000000000000e+01 3.000000000000000000e+00 1.838186678477974068e-01
2.000000000000000000e+01 4.000000000000000000e+00 1.522745574128238910e-01
2.100000000000000000e+01 0.000000000000000000e+00 1.745320316405696848e-01
2.100000000000000000e+01 1.000000000000000000e+00 1.639141773428963444e-01
2.100000000000000000e+01 2.000000000000000000e+00 2.155254002933378876e-01
2.100000000000000000e+01 3.000000000000000000e+00 1.328594769549491517e-01
2.100000000000000000e+01 4.000000000000000000e+00 1.646214306688936480e-01
2.200000000000000000e+01 0.000000000000000000e+00 2.055385917199988866e-01
2.200000000000000000e+01 1.000000000000000000e+00 1.914070314758034574e-01
2.200000000000000000e+01 2.000000000000000000e+00 1.675052673031962869e-01
2.200000000000000000e+01 3.000000000000000000e+00 1.617720885859757762e-01
2.200000000000000000e+01 4.000000000000000000e+00 1.186600305507748698e-01
2.300000000000000000e+01 0.000000000000000000e+00 1.500000074780640513e-01
2.300000000000000000e+01 1.000000000000000000e+00 1.997414471321970753e-01
2.300000000000000000e+01 2.000000000000000000e+00 1.295004650071608365e-01
2.300000000000000000e+01 3.000000000000000000e+00 1.903097566377120464e-01
2.300000000000000000e+01 4.000000000000000000e+00 1.896203539774875824e-01
2.400000000000000000e+01 0.000000000000000000e+00 1.373337651025598738e-01
2.400000000000000000e+01 1.000000000000000000e+00 2.026440656344768998e-01
2.400000000000000000e+01 2.000000000000000000e+00 1.945095073160003907e-01
2.400000000000000000e+01 3.000000000000000000e+00 1.538149877387376963e-01
2.400000000000000000e+01 4.000000000000000000e+00 1.552912704439557701e-01
2.500000000000000000e+01 0.000000000000000000e+00 2.410464511577329327e-01
2.500000000000000000e+01 1.000000000000000000e+00 1.598191468148320304e-01
2.500000000000000000e+01 2.000000000000000000e+00 1.333623736637077339e-01
2.500000000000000000e+01 3.000000000000000000e+00 1.569828634988759963e-01
2.500000000000000000e+01 4.000000000000000000e+00 1.776811638309067076e-01
2.600000000000000000e+01 0.000000000000000000e+00 1.812603364552972662e-01
2.600000000000000000e+01 1.000000000000000000e+00 1.058454901783513896e-01
2.600000000000000000e+01 2.000000000000000000e+00 1.733762126145505789e-01
2.600000000000000000e+01 3.000000000000000000e+00 1.649955723359025073e-01
2.600000000000000000e+01 4.000000000000000000e+00 2.264069788335642819e-01
2.700000000000000000e+01 0.000000000000000000e+00 1.453730252682360335e-01
2.700000000000000000e+01 1.000000000000000000e+00 2.095301551095552217e-01
2.700000000000000000e+01 2.000000000000000000e+00 1.980696333046204904e-01
2.700000000000000000e+01 3.000000000000000000e+00 1.224794049002206203e-01
2.700000000000000000e+01 4.000000000000000000e+00 2.186628902966453736e-01
2.800000000000000000e+01 0.000000000000000000e+00 1.555886004693334823e-01
2.800000000000000000e+01 1.000000000000000000e+00 1.399795722662620368e-01
2.800000000000000000e+01 2.000000000000000000e+00 1.815341450189330574e-01
2.800000000000000000e+01 3.000000000000000000e+00 1.746060976609735693e-01
2.800000000000000000e+01 4.000000000000000000e+00 2.166153139321858601e-01
2.900000000000000000e+01 0.000000000000000000e+00 1.949203893678851385e-01
2.900000000000000000e+01 1.000000000000000000e+00 2.534476749218651515e-01
2.900000000000000000e+01 2.000000000000000000e+00 1.049947467210850804e-01
2.900000000000000000e+01 3.000000000000000000e+00 1.958783859310260778e-01
2.900000000000000000e+01 4.000000000000000000e+00 1.171658374271692671e-01
3.000000000000000000e+01 0.000000000000000000e+00 2.138865253311987291e-01
3.000000000000000000e+01 1.000000000000000000e+00 1.868061871059676637e-01
3.000000000000000000e+01 2.000000000000000000e+00 1.313023676349663049e-01
3.000000000000000000e+01 3.000000000000000000e+00 1.587533154201962171e-01
3.000000000000000000e+01 4.000000000000000000e+00 1.725378637057741193e-01
3.100000000000000000e+01 0.000000000000000000e+00 1.825961913933584202e-01
3.100000000000000000e+01 1.000000000000000000e+00 1.788728309628438429e-01
3.100000000000000000e+01 2.000000000000000000e+00 1.595549818862232738e-01
3.100000000000000000e+01 3.000000000000000000e+00 1.544950447922532610e-01
3.100000000000000000e+01 4.000000000000000000e+00 1.759421033929745859e-01
3.200000000000000000e+01 0.000000000000000000e+00 1.907186270095032055e-01
3.200000000000000000e+01 1.000000000000000000e+00 1.891357984093885725e-01
3.200000000000000000e+01 2.000000000000000000e+00 1.846677733932786114e-01
3.200000000000000000e+01 3.000000000000000000e+00 1.837239149109328451e-01
3.200000000000000000e+01 4.000000000000000000e+00 1.114990131010224206e-01
3.300000000000000000e+01 0.000000000000000000e+00 2.176192044168810957e-01
3.300000000000000000e+01 1.000000000000000000e+00 1.515302859790238765e-01
3.300000000000000000e+01 2.000000000000000000e+00 1.639770316485494595e-01
3.300000000000000000e+01 3.000000000000000000e+00 1.557113812690701093e-01
3.300000000000000000e+01 4.000000000000000000e+00 1.614334524997317333e-01
3.400000000000000000e+01 0.000000000000000000e+00 1.733267588216805544e-01
3.400000000000000000e+01 1.000000000000000000e+00 1.719813913814777773e-01
3.400000000000000000e+01 2.000000000000000000e+00 1.898035343522662677e-01
3.400000000000000000e+01 3.000000000000000000e+00 1.845603179465519494e-01
3.400000000000000000e+01 4.000000000000000000e+00 1.525873897739949137e-01
3.500000000000000000e+01 0.000000000000000000e+00 2.324756871420054216e-01
3.500000000000000000e+01 1.000000000000000000e+00 1.616835153423818450e-01
3.500000000000000000e+01 2.000000000000000000e+00 1.198057420508388260e-01
3.500000000000000000e+01 3.000000000000000000e+00 1.532129075106932747e-01
3.500000000000000000e+01 4.000000000000000000e+00 1.796308663242568160e-01
3.600000000000000000e+01 0.000000000000000000e+00 1.959820377751038400e-01
3.600000000000000000e+01 1.000000000000000000e+00 1.652548037255727464e-01
3.600000000000000000e+01 2.000000000000000000e+00 1.208188604233701724e-01
3.600000000000000000e+01 3.000000000000000000e+00 1.698944703963344849e-01
3.600000000000000000e+01 4.000000000000000000e+00 2.052456755396452615e-01
3.700000000000000000e+01 0.000000000000000000e+00 1.675870319338354786e-01
3.700000000000000000e+01 1.000000000000000000e+00 1.726837338394170973e-01
3.700000000000000000e+01 2.000000000000000000e+00 2.076642316180963843e-01
3.700000000000000000e+01 3.000000000000000000e+00 1.480222932871125552e-01
3.700000000000000000e+01 4.000000000000000000e+00 1.531647147156693367e-01
3.800000000000000000e+01 0.000000000000000000e+00 1.833059848726024399e-01
3.800000000000000000e+01 1.000000000000000000e+00 1.423011354977863352e-01
3.800000000000000000e+01 2.000000000000000000e+00 1.623510567573734908e-01
3.800000000000000000e+01 3.000000000000000000e+00 1.693502326139666725e-01
3.800000000000000000e+01 4.000000000000000000e+00 1.936197976340712779e-01
3.900000000000000000e+01 0.000000000000000000e+00 1.682312428630524104e-01
3.900000000000000000e+01 1.000000000000000000e+00 1.778587670787372399e-01
3.900000000000000000e+01 2.000000000000000000e+00 1.909248752068913035e-01
3.900000000000000000e+01 3.000000000000000000e+00 1.576581382551095756e-01
3.900000000000000000e+01 4.000000000000000000e+00 1.462094523891070419e-01
4.000000000000000000e+01 0.000000000000000000e+00 1.960120611654060097e-01
4.000000000000000000e+01 1.000000000000000000e+00 1.544745804795500388e-01
4.000000000000000000e+01 2.000000000000000000e+00 1.321579111607807944e-01
4.000000000000000000e+01 3.000000000000000000e+00 1.776267900838390812e-01
4.000000000000000000e+01 4.000000000000000000e+00 1.849342607688866658e-01
4.100000000000000000e+01 0.000000000000000000e+00 1.521108347210443912e-01
4.100000000000000000e+01 1.000000000000000000e+00 1.910567080433102083e-01
4.100000000000000000e+01 2.000000000000000000e+00 1.348439439748358171e-01
4.100000000000000000e+01 3.000000000000000000e+00 1.682573326917681245e-01
4.100000000000000000e+01 4.000000000000000000e+00 1.969351937283686238e-01
4.200000000000000000e+01 0.000000000000000000e+00 1.657948873134726386e-01
4.200000000000000000e+01 1.000000000000000000e+00 1.756203372199212631e-01
4.200000000000000000e+01 2.000000000000000000e+00 1.676805415305692437e-01
4.200000000000000000e+01 3.000000000000000000e+00 1.110660987230075586e-01
4.200000000000000000e+01 4.000000000000000000e+00 2.451677439513174905e-01
4.300000000000000000e+01 0.000000000000000000e+00 2.188743569559712110e-01
4.300000000000000000e+01 1.000000000000000000e+00 1.639124091458147581e-01
4.300000000000000000e+01 2.000000000000000000e+00 1.471876972991795762e-01
4.300000000000000000e+01 3.000000000000000000e+00 1.722902191094315971e-01
4.300000000000000000e+01 4.000000000000000000e+00 1.406132882501777148e-01
4.400000000000000000e+01 0.000000000000000000e+00 1.174019506104458516e-01
4.400000000000000000e+01 1.000000000000000000e+00 1.989547815148210441e-01
4.400000000000000000e+01 2.000000000000000000e+00 1.453808334817353609e-01
4.400000000000000000e+01 3.000000000000000000e+00 1.528326873522140028e-01
4.400000000000000000e+01 4.000000000000000000e+00 2.137125891850533976e-01
4.500000000000000000e+01 0.000000000000000000e+00 1.193017894727401024e-01
4.500000000000000000e+01 1.000000000000000000e+00 1.638263740074801800e-01
4.500000000000000000e+01 2.000000000000000000e+00 2.352800940027891252e-01
4.500000000000000000e+01 3.000000000000000000e+00 1.569716957935911039e-01
4.500000000000000000e+01 4.000000000000000000e+00 1.981532534033387805e-01
4.600000000000000000e+01 0.000000000000000000e+00 1.195550342943751260e-01
4.600000000000000000e+01 1.000000000000000000e+00 1.515710342525911913e-01
4.600000000000000000e+01 2.000000000000000000e+00 1.683060596961709621e-01
4.600000000000000000e+01 3.000000000000000000e+00 1.795002581353683235e-01
4.600000000000000000e+01 4.000000000000000000e+00 2.279592816124983989e-01
4.700000000000000000e+01 0.000000000000000000e+00 1.832303538980533664e-01
4.700000000000000000e+01 1.000000000000000000e+00 1.649673566892132515e-01
4.700000000000000000e+01 2.000000000000000000e+00 1.986717992203094751e-01
4.700000000000000000e+01 3.000000000000000000e+00 1.579360053991878954e-01
4.700000000000000000e+01 4.000000000000000000e+00 1.474888266452998864e-01
4.800000000000000000e+01 0.000000000000000000e+00 1.936055708048971813e-01
4.800000000000000000e+01 1.000000000000000000e+00 1.330756750430639179e-01
4.800000000000000000e+01 2.000000000000000000e+00 1.217386847353932461e-01
4.800000000000000000e+01 3.000000000000000000e+00 2.082512597744140548e-01
4.800000000000000000e+01 4.000000000000000000e+00 2.171444808135516713e-01
4.900000000000000000e+01 0.000000000000000000e+00 9.371903580902879449e-02
4.900000000000000000e+01 1.000000000000000000e+00 1.771271185923154745e-01
4.900000000000000000e+01 2.000000000000000000e+00 1.811330374672312504e-01
4.900000000000000000e+01 3.000000000000000000e+00 2.107108368785491903e-01
4.900000000000000000e+01 4.000000000000000000e+00 1.790700502358296975e-01
5.000000000000000000e+01 0.000000000000000000e+00 1.760422400005510757e-01
5.000000000000000000e+01 1.000000000000000000e+00 1.567625507317857714e-01
5.000000000000000000e+01 2.000000000000000000e+00 1.257615732054774560e-01
5.000000000000000000e+01 3.000000000000000000e+00 2.260786435682879125e-01
5.000000000000000000e+01 4.000000000000000000e+00 1.738116951917014485e-01
5.100000000000000000e+01 0.000000000000000000e+00 1.488115846902409167e-01
5.100000000000000000e+01 1.000000000000000000e+00 1.489048013628962441e-01
5.100000000000000000e+01 2.000000000000000000e+00 1.301532305065702388e-01
5.100000000000000000e+01 3.000000000000000000e+00 2.181110663963214402e-01
5.100000000000000000e+01 4.000000000000000000e+00 2.171542841709422356e-01
5.200000000000000000e+01 0.000000000000000000e+00 1.672119175193873264e-01
5.200000000000000000e+01 1.000000000000000000e+00 1.551193749633422159e-01
5.200000000000000000e+01 2.000000000000000000e+00 2.072840214419813532e-01
5.200000000000000000e+01 3.000000000000000000e+00 1.690140287261543139e-01
5.200000000000000000e+01 4.000000000000000000e+00 1.576316339232588792e-01
5.300000000000000000e+01 0.000000000000000000e+00 1.993527926208366052e-01
5.300000000000000000e+01 1.000000000000000000e+00 1.153955921766470633e-01
5.300000000000000000e+01 2.000000000000000000e+00 1.428896788079746794e-01
5.300000000000000000e+01 3.000000000000000000e+00 2.279551120604208780e-01
5.300000000000000000e+01 4.000000000000000000e+00 1.515248489721915948e-01
5.400000000000000000e+01 0.000000000000000000e+00 1.947780281545232195e-01
5.400000000000000000e+01 1.000000000000000000e+00 1.589195534747976646e-01
5.400000000000000000e+01 2.000000000000000000e+00 2.084109832660173689e-01
5.400000000000000000e+01 3.000000000000000000e+00 1.345599477541442324e-01
5.400000000000000000e+01 4.000000000000000000e+00 1.552632372337099664e-01
5.500000000000000000e+01 0.000000000000000000e+00 1.441784407558950321e-01
5.500000000000000000e+01 1.000000000000000000e+00 1.817224594562783790e-01
5.500000000000000000e+01 2.000000000000000000e+00 1.715110356413880321e-01
5.500000000000000000e+01 3.000000000000000000e+00 1.189736436552137483e-01
5.500000000000000000e+01 4.000000000000000000e+00 2.393794816950082227e-01
5.600000000000000000e+01 0.000000000000000000e+00 1.973405887909893408e-01
5.600000000000000000e+01 1.000000000000000000e+00 1.647428995611228131e-01
5.600000000000000000e+01 2.000000000000000000e+00 1.713205508370345687e-01
5.600000000000000000e+01 3.000000000000000000e+00 1.749915216566004517e-01
5.600000000000000000e+01 4.000000000000000000e+00 1.486069439190530195e-01
5.700000000000000000e+01 0.000000000000000000e+00 1.904866461914519749e-01
5.700000000000000000e+01 1.000000000000000000e+00 1.624615757420027617e-01
5.700000000000000000e+01 2.000000000000000000e+00 1.452097439219467157e-01
5.700000000000000000e+01 3.000000000000000000e+00 1.855025288372459114e-01
5.700000000000000000e+01 4.000000000000000000e+00 1.627704532606507326e-01
5.800000000000000000e+01 0.000000000000000000e+00 1.498660506642361390e-01
5.800000000000000000e+01 1.000000000000000000e+00 1.668406730820264083e-01
5.800000000000000000e+01 2.000000000000000000e+00 1.241316826233293813e-01
5.800000000000000000e+01 3.000000000000000000e+00 1.708037186729860768e-01
5.800000000000000000e+01 4.000000000000000000e+00 2.522849663717303126e-01
5.900000000000000000e+01 0.000000000000000000e+00 2.094366178974147730e-01
5.900000000000000000e+01 1.000000000000000000e+00 1.089654554973848721e-01
5.900000000000000000e+01 2.000000000000000000e+00 1.600557922684073819e-01
5.900000000000000000e+01 3.000000000000000000e+00 1.754548279330958305e-01
5.900000000000000000e+01 4.000000000000000000e+00 1.914641129904502137e-01
6.000000000000000000e+01 0.000000000000000000e+00 1.875678350683219198e-01
6.000000000000000000e+01 1.000000000000000000e+00 1.867542137411232483e-01
6.000000000000000000e+01 2.000000000000000000e+00 1.952296499409879871e-01
6.000000000000000000e+01 3.000000000000000000e+00 1.449825722536134953e-01
6.000000000000000000e+01 4.000000000000000000e+00 1.359792096621480484e-01
6.100000000000000000e+01 0.000000000000000000e+00 2.041458791161046837e-01
6.100000000000000000e+01 1.000000000000000000e+00 1.866148047096961304e-01
6.100000000000000000e+01 2.000000000000000000e+00 1.484569218300638427e-01
6.100000000000000000e+01 3.000000000000000000e+00 1.530009918335281105e-01
6.100000000000000000e+01 4.000000000000000000e+00 1.632670585126358986e-01
6.200000000000000000e+01 0.000000000000000000e+00 1.488220234118158847e-01
6.200000000000000000e+01 1.000000000000000000e+00 1.658947406342516084e-01
6.200000000000000000e+01 2.000000000000000000e+00 1.847570243509667753e-01
6.200000000000000000e+01 3.000000000000000000e+00 2.009912484945267364e-01
6.200000000000000000e+01 4.000000000000000000e+00 1.697661750107100354e-01
6.300000000000000000e+01 0.000000000000000000e+00 1.297002827469716790e-01
6.300000000000000000e+01 1.000000000000000000e+00 2.001029895047804485e-01
6.300000000000000000e+01 2.000000000000000000e+00 1.657419780542962462e-01
6.300000000000000000e+01 3.000000000000000000e+00 2.101009546921001614e-01
6.300000000000000000e+01 4.000000000000000000e+00 1.424942975454187299e-01
6.400000000000000000e+01 0.000000000000000000e+00 1.745328570223134701e-01
6.400000000000000000e+01 1.000000000000000000e+00 1.896921184325728871e-01
6.400000000000000000e+01 2.000000000000000000e+00 1.254634111410370956e-01
6.400000000000000000e+01 3.000000000000000000e+00 2.016941710137148680e-01
6.400000000000000000e+01 4.000000000000000000e+00 1.610508147800076839e-01
6.500000000000000000e+01 0.000000000000000000e+00 1.251814199362166757e-01
6.500000000000000000e+01 1.000000000000000000e+00 2.254796316821137125e-01
6.500000000000000000e+01 2.000000000000000000e+00 2.062371238376839444e-01
6.500000000000000000e+01 3.000000000000000000e+00 1.298951187630145165e-01
6.500000000000000000e+01 4.000000000000000000e+00 1.668115196235016029e-01
6.600000000000000000e+01 0.000000000000000000e+00 1.891700461264568811e-01
6.600000000000000000e+01 1.000000000000000000e+00 1.789732676315894389e-01
6.600000000000000000e+01 2.000000000000000000e+00 1.828662555937352885e-01
6.600000000000000000e+01 3.000000000000000000e+00 1.004811529925925956e-01
6.600000000000000000e+01 4.000000000000000000e+00 1.938972717572347571e-01
6.700000000000000000e+01 0.000000000000000000e+00 1.342699188811740107e-01
6.700000000000000000e+01 1.000000000000000000e+00 1.674687699846985067e-01
6.700000000000000000e+01 2.000000000000000000e+00 1.472737474386515144e-01
6.700000000000000000e+01 3.000000000000000000e+00 1.853544769211791510e-01
6.700000000000000000e+01 4.000000000000000000e+00 2.344424046624458136e-01
6.800000000000000000e+01 0.000000000000000000e+00 1.803510721651756243e-01
6.800000000000000000e+01 1.000000000000000000e+00 1.939422238696341394e-01
6.800000000000000000e+01 2.000000000000000000e+00 1.448689541504045997e-01
6.800000000000000000e+01 3.000000000000000000e+00 1.696153684608071310e-01
6.800000000000000000e+01 4.000000000000000000e+00 1.670841680432046672e-01
6.900000000000000000e+01 0.000000000000000000e+00 1.564215782275325539e-01
6.900000000000000000e+01 1.000000000000000000e+00 2.011069909533324818e-01
6.900000000000000000e+01 2.000000000000000000e+00 1.712542295569037254e-01
6.900000000000000000e+01 3.000000000000000000e+00 1.860002710199482323e-01
6.900000000000000000e+01 4.000000000000000000e+00 1.447238954789463738e-01
7.000000000000000000e+01 0.000000000000000000e+00 1.991483513693070306e-01
7.000000000000000000e+01 1.000000000000000000e+00 1.831193348724774739e-01
7.000000000000000000e+01 2.000000000000000000e+00 1.628568064300209006e-01
7.000000000000000000e+01 3.000000000000000000e+00 1.594902986823022450e-01
7.000000000000000000e+01 4.000000000000000000e+00 1.610109636772413533e-01
7.100000000000000000e+01 0.000000000000000000e+00 1.613795082550361359e-01
7.100000000000000000e+01 1.000000000000000000e+00 1.818746825431730718e-01
7.100000000000000000e+01 2.000000000000000000e+00 2.076638057230774659e-01
7.100000000000000000e+01 3.000000000000000000e+00 1.799095729303635538e-01
7.100000000000000000e+01 4.000000000000000000e+00 1.213366009728092665e-01
7.200000000000000000e+01 0.000000000000000000e+00 1.969409425975827965e-01
7.200000000000000000e+01 1.000000000000000000e+00 1.450286151079413222e-01
7.200000000000000000e+01 2.000000000000000000e+00 1.522804841606423820e-01
7.200000000000000000e+01 3.000000000000000000e+00 2.142755160531143732e-01
7.200000000000000000e+01 4.000000000000000000e+00 1.334445505565272638e-01
7.300000000000000000e+01 0.000000000000000000e+00 2.316794032873343567e-01
7.300000000000000000e+01 1.000000000000000000e+00 1.189600409606224179e-01
7.300000000000000000e+01 2.000000000000000000e+00 1.527525307681347755e-01
7.300000000000000000e+01 3.000000000000000000e+00 1.831440480286739003e-01
7.300000000000000000e+01 4.000000000000000000e+00 1.751884074685060300e-01
7.400000000000000000e+01 0.000000000000000000e+00 1.537573408744236925e-01
7.400000000000000000e+01 1.000000000000000000e+00 2.030984998687603293e-01
7.400000000000000000e+01 2.000000000000000000e+00 1.684468712107480282e-01
7.400000000000000000e+01 3.000000000000000000e+00 1.853628580919122748e-01
7.400000000000000000e+01 4.000000000000000000e+00 1.596329870391075822e-01
7.500000000000000000e+01 0.000000000000000000e+00 2.093124152404699512e-01
7.500000000000000000e+01 1.000000000000000000e+00 1.848962844588565024e-01
7.500000000000000000e+01 2.000000000000000000e+00 1.716570710421017609e-01
7.500000000000000000e+01 3.000000000000000000e+00 1.194002671895527945e-01
7.500000000000000000e+01 4.000000000000000000e+00 1.706338618994749368e-01
7.600000000000000000e+01 0.000000000000000000e+00 1.797468378516740017e-01
7.600000000000000000e+01 1.000000000000000000e+00 1.528739448028033354e-01
7.600000000000000000e+01 2.000000000000000000e+00 1.524110916939986626e-01
7.600000000000000000e+01 3.000000000000000000e+00 1.903298783777868930e-01
7.600000000000000000e+01 4.000000000000000000e+00 1.864064773782691531e-01
7.700000000000000000e+01 0.000000000000000000e+00 1.541607124070554780e-01
7.700000000000000000e+01 1.000000000000000000e+00 1.356426566282952773e-01
7.700000000000000000e+01 2.000000000000000000e+00 1.716504021303464078e-01
7.700000000000000000e+01 3.000000000000000000e+00 1.961890492171168843e-01
7.700000000000000000e+01 4.000000000000000000e+00 1.988234527447360067e-01
7.800000000000000000e+01 0.000000000000000000e+00 1.643583201560157858e-01
7.800000000000000000e+01 1.000000000000000000e+00 1.966852779122205130e-01
7.800000000000000000e+01 2.000000000000000000e+00 1.648035903280347103e-01
7.800000000000000000e+01 3.000000000000000000e+00 1.218394991329836557e-01
7.800000000000000000e+01 4.000000000000000000e+00 2.042017631627784380e-01
7.900000000000000000e+01 0.000000000000000000e+00 1.627425671794020812e-01
7.900000000000000000e+01 1.000000000000000000e+00 2.068394954602989777e-01
7.900000000000000000e+01 2.000000000000000000e+00 1.619622839249355850e-01
7.900000000000000000e+01 3.000000000000000000e+00 1.474931500644484916e-01
7.900000000000000000e+01 4.000000000000000000e+00 1.755203573845854903e-01
8.000000000000000000e+01 0.000000000000000000e+00 1.755515759837079082e-01
8.000000000000000000e+01 1.000000000000000000e+00 1.400885253577825729e-01
8.000000000000000000e+01 2.000000000000000000e+00 1.954780024389058679e-01
8.000000000000000000e+01 3.000000000000000000e+00 1.902731354999459834e-01
8.000000000000000000e+01 4.000000000000000000e+00 1.501897966389117711e-01
8.100000000000000000e+01 0.000000000000000000e+00 1.785350491906306791e-01
8.100000000000000000e+01 1.000000000000000000e+00 1.570255384498924767e-01
8.100000000000000000e+01 2.000000000000000000e+00 1.507536331444132016e-01
8.100000000000000000e+01 3.000000000000000000e+00 1.973380551994608212e-01
8.100000000000000000e+01 4.000000000000000000e+00 1.769448641905470854e-01
8.200000000000000000e+01 0.000000000000000000e+00 1.790379412325004971e-01
8.200000000000000000e+01 1.000000000000000000e+00 1.552931417500374722e-01
8.200000000000000000e+01 2.000000000000000000e+00 1.877111586042704561e-01
8.200000000000000000e+01 3.000000000000000000e+00 1.602478185504328245e-01
8.200000000000000000e+01 4.000000000000000000e+00 1.603812885066815963e-01
8.300000000000000000e+01 0.000000000000000000e+00 1.887225279519172405e-01
8.300000000000000000e+01 1.000000000000000000e+00 1.410974971362393970e-01
8.300000000000000000e+01 2.000000000000000000e+00 1.800887426807065705e-01
8.300000000000000000e+01 3.000000000000000000e+00 1.622594031933855541e-01
8.300000000000000000e+01 4.000000000000000000e+00 1.706402583328354428e-01
8.400000000000000000e+01 0.000000000000000000e+00 1.680652280499198015e-01
8.400000000000000000e+01 1.000000000000000000e+00 1.553881974168564162e-01
8.400000000000000000e+01 2.000000000000000000e+00 1.779485313156460302e-01
8.400000000000000000e+01 3.000000000000000000e+00 1.529866582355682292e-01
8.400000000000000000e+01 4.000000000000000000e+00 1.998760768372135621e-01
8.500000000000000000e+01 0.000000000000000000e+00 1.712283167022192187e-01
8.500000000000000000e+01 1.000000000000000000e+00 1.826426006261005763e-01
8.500000000000000000e+01 2.000000000000000000e+00 1.112177108743746257e-01
8.500000000000000000e+01 3.000000000000000000e+00 2.349617495321599803e-01
8.500000000000000000e+01 4.000000000000000000e+00 1.622108672207511204e-01
8.600000000000000000e+01 0.000000000000000000e+00 1.594595068512749958e-01
8.600000000000000000e+01 1.000000000000000000e+00 1.876999600343633168e-01
8.600000000000000000e+01 2.000000000000000000e+00 1.525140039453485863e-01
8.600000000000000000e+01 3.000000000000000000e+00 1.604993130175526861e-01
8.600000000000000000e+01 4.000000000000000000e+00 2.034947030674752466e-01
8.700000000000000000e+01 0.000000000000000000e+00 1.408351660414568773e-01
8.700000000000000000e+01 1.000000000000000000e+00 1.817099677991551865e-01
8.700000000000000000e+01 2.000000000000000000e+00 2.014307240098969498e-01
8.700000000000000000e+01 3.000000000000000000e+00 1.359350898671288776e-01
8.700000000000000000e+01 4.000000000000000000e+00 1.917097558433275006e-01
8.800000000000000000e+01 0.000000000000000000e+00 2.227915688729784627e-01
8.800000000000000000e+01 1.000000000000000000e+00 1.813092809743533651e-01
8.800000000000000000e+01 2.000000000000000000e+00 1.738789611302546667e-01
8.800000000000000000e+01 3.000000000000000000e+00 9.852606473675804000e-02
8.800000000000000000e+01 4.000000000000000000e+00 1.711212829722038031e-01
8.900000000000000000e+01 0.000000000000000000e+00 1.685367982031677481e-01
8.900000000000000000e+01 1.000000000000000000e+00 1.427937332260347802e-01
8.900000000000000000e+01 2.000000000000000000e+00 1.653413188127237088e-01
8.900000000000000000e+01 3.000000000000000000e+00 1.930900432012576662e-01
8.900000000000000000e+01 4.000000000000000000e+00 1.929439501558744552e-01
9.000000000000000000e+01 0.000000000000000000e+00 1.902134848887432061e-01
9.000000000000000000e+01 1.000000000000000000e+00 1.258039991555345571e-01
9.000000000000000000e+01 2.000000000000000000e+00 1.855578714099659632e-01
9.000000000000000000e+01 3.000000000000000000e+00 1.563305288126935477e-01
9.000000000000000000e+01 4.000000000000000000e+00 1.861798726410853200e-01
9.100000000000000000e+01 0.000000000000000000e+00 2.135932334487923023e-01
9.100000000000000000e+01 1.000000000000000000e+00 1.405621543423971054e-01
9.100000000000000000e+01 2.000000000000000000e+00 1.514125885671347149e-01
9.100000000000000000e+01 3.000000000000000000e+00 2.026636632493384049e-01
9.100000000000000000e+01 4.000000000000000000e+00 1.369594738903823217e-01
9.200000000000000000e+01 0.000000000000000000e+00 1.976046238097431407e-01
9.200000000000000000e+01 1.000000000000000000e+00 1.826692353186796236e-01
9.200000000000000000e+01 2.000000000000000000e+00 1.583360255208760003e-01
9.200000000000000000e+01 3.000000000000000000e+00 1.904280838110059826e-01
9.200000000000000000e+01 4.000000000000000000e+00 1.426676308262383730e-01
9.300000000000000000e+01 0.000000000000000000e+00 1.842408761090708891e-01
9.300000000000000000e+01 1.000000000000000000e+00 1.612713164400589039e-01
9.300000000000000000e+01 2.000000000000000000e+00 2.047591140492762973e-01
9.300000000000000000e+01 3.000000000000000000e+00 1.932927261598786917e-01
9.300000000000000000e+01 4.000000000000000000e+00 1.240809519139618872e-01
9.400000000000000000e+01 0.000000000000000000e+00 1.752431126506892589e-01
9.400000000000000000e+01 1.000000000000000000e+00 1.898808249071038956e-01
9.400000000000000000e+01 2.000000000000000000e+00 1.519263096733723950e-01
9.400000000000000000e+01 3.000000000000000000e+00 1.506476741596294577e-01
9.400000000000000000e+01 4.000000000000000000e+00 1.855489281508395094e-01
9.500000000000000000e+01 0.000000000000000000e+00 1.617540288869410425e-01
9.500000000000000000e+01 1.000000000000000000e+00 2.281016058094162691e-01
9.500000000000000000e+01 2.000000000000000000e+00 2.016530490272503695e-01
9.500000000000000000e+01 3.000000000000000000e+00 1.430182420754328998e-01
9.500000000000000000e+01 4.000000000000000000e+00 1.124037056186695388e-01
9.600000000000000000e+01 0.000000000000000000e+00 1.184056056855325306e-01
9.600000000000000000e+01 1.000000000000000000e+00 1.551899765086708349e-01
9.600000000000000000e+01 2.000000000000000000e+00 2.159556534895275826e-01
9.600000000000000000e+01 3.000000000000000000e+00 1.535334542586140050e-01
9.600000000000000000e+01 4.000000000000000000e+00 2.221002469063490248e-01
9.700000000000000000e+01 0.000000000000000000e+00 1.469370631898332946e-01
9.700000000000000000e+01 1.000000000000000000e+00 1.717844393806181036e-01
9.700000000000000000e+01 2.000000000000000000e+00 1.941412830015255830e-01
9.700000000000000000e+01 3.000000000000000000e+00 1.520957079494693887e-01
9.700000000000000000e+01 4.000000000000000000e+00 1.854538855443010892e-01
9.800000000000000000e+01 0.000000000000000000e+00 1.700200035790283837e-01
9.800000000000000000e+01 1.000000000000000000e+00 1.591525330810701633e-01
9.800000000000000000e+01 2.000000000000000000e+00 1.812233459098010757e-01
9.800000000000000000e+01 3.000000000000000000e+00 1.378175679677248189e-01
9.800000000000000000e+01 4.000000000000000000e+00 1.974018278845627306e-01
9.900000000000000000e+01 0.000000000000000000e+00 1.523270431717222706e-01
9.900000000000000000e+01 1.000000000000000000e+00 1.850630165220626400e-01
9.900000000000000000e+01 2.000000000000000000e+00 1.375581730003803405e-01
9.900000000000000000e+01 3.000000000000000000e+00 1.660504605970280212e-01
9.900000000000000000e+01 4.000000000000000000e+00 2.086840849172336698e-01
