0.0 0.0 29.269923092733051817
0.0 1.0 29.201393037017975729
0.0 2.0 29.258105958203508123
0.0 3.0 29.204651481952595304
0.0 4.0 29.182862018768929602
1.0 0.0 29.238909724689616354
1.0 1.0 29.196724949296584128
1.0 2.0 29.175859418688951052
1.0 3.0 29.231496655080707825
1.0 4.0 29.262327366630593417
2.0 0.0 29.222438007315655994
2.0 1.0 29.195351416404275113
2.0 2.0 29.214844367688463933
2.0 3.0 29.306973949568451587
2.0 4.0 29.195111529652677973
3.0 0.0 29.290851145278484324
3.0 1.0 29.162793816009344283
3.0 2.0 29.212329805036336694
3.0 3.0 29.429133245560166188
3.0 4.0 29.225988603541406263
4.0 0.0 29.253780143263210078
4.0 1.0 29.112007912308801139
4.0 2.0 29.198374635662663223
4.0 3.0 29.232561141551840933
4.0 4.0 29.363243936757413621
5.0 0.0 29.318525902088804713
5.0 1.0 29.152722058240900793
5.0 2.0 29.249901832068204044
5.0 3.0 29.237206133188646362
5.0 4.0 29.194081458803466944
6.0 0.0 29.335638618883578488
6.0 1.0 29.176748572655423430
6.0 2.0 29.206594051059298067
6.0 3.0 29.217611306190725884
6.0 4.0 29.257057458874520250
7.0 0.0 29.197061054679650738
7.0 1.0 29.241857962845706709
7.0 2.0 29.163946513530241589
7.0 3.0 29.283693262798394130
7.0 4.0 29.356990177456466995
8.0 0.0 29.115644514481211047
8.0 1.0 29.158965798452960883
8.0 2.0 29.197633786278220924
8.0 3.0 29.257585832939131620
8.0 4.0 29.236137388251073332
9.0 0.0 29.340389777814603889
9.0 1.0 29.176740718645127970
9.0 2.0 29.163855166534148111
9.0 3.0 29.250856116726886569
9.0 4.0 29.371961010445069462
10.0 0.0 29.194945762749249241
10.0 1.0 29.127184676513394379
10.0 2.0 29.274433641532223049
10.0 3.0 29.213700025165966423
10.0 4.0 29.270629264063895647
11.0 0.0 29.316274942225000189
11.0 1.0 29.141087500262258914
11.0 2.0 29.204661086947229620
11.0 3.0 29.251157164276381906
11.0 4.0 29.293703159634588928
12.0 0.0 29.204658623968139608
12.0 1.0 29.323436776249355518
12.0 2.0 29.174999997736257740
12.0 3.0 29.243181385327048361
12.0 4.0 29.290068841717651793
13.0 0.0 29.286976484877289550
13.0 1.0 29.063911316777474525
13.0 2.0 29.200007827331184274
13.0 3.0 29.274420626614610086
13.0 4.0 29.300099826748382981
14.0 0.0 29.301593731612769034
14.0 1.0 29.154655215397252022
14.0 2.0 29.103678740979177064
14.0 3.0 29.268539061113745703
14.0 4.0 29.230182115922069386
15.0 0.0 29.206595327741254664
15.0 1.0 29.234768999208132101
15.0 2.0 29.227905622021843612
15.0 3.0 29.180705850225571396
15.0 4.0 29.262617839491738891
16.0 0.0 29.223252023081382589
16.0 1.0 29.231995871550871868
16.0 2.0 29.232556574863473031
16.0 3.0 29.170483397734901843
16.0 4.0 29.321889338627034505
17.0 0.0 29.246538553911758385
17.0 1.0 29.274002944326440456
17.0 2.0 29.213954718057699722
17.0 3.0 29.227454452708208521
17.0 4.0 29.262161250101577536
18.0 0.0 29.232549765102607608
18.0 1.0 29.209314344256689822
18.0 2.0 29.247193891324677395
18.0 3.0 29.216867528038591217
18.0 4.0 29.186592559905516708
19.0 0.0 29.296483751819877739
19.0 1.0 29.138038805319741442
19.0 2.0 29.205290076550671330
19.0 3.0 29.259424429576732507
19.0 4.0 29.352858752357644079
20.0 0.0 29.324857198986119755
20.0 1.0 29.267563657986968906
20.0 2.0 29.262462722065617271
20.0 3.0 29.135972108824585547
20.0 4.0 29.282405572733647858
21.0 0.0 29.316112747687757434
21.0 1.0 29.297629492129118489
21.0 2.0 29.263658057288221670
21.0 3.0 29.191438740968454368
21.0 4.0 29.273146313985261457
22.0 0.0 29.220292785271514191
22.0 1.0 29.255328577662716327
22.0 2.0 29.142792103498219802
22.0 3.0 29.270866797472866239
22.0 4.0 29.335896372535163579
23.0 0.0 29.255155686196385290
23.0 1.0 29.104900957660149174
23.0 2.0 29.266438988852183201
23.0 3.0 29.246533390873640457
23.0 4.0 29.189467082115676533
24.0 0.0 29.284950687847000950
24.0 1.0 29.192758044989272292
24.0 2.0 29.225041370553018538
24.0 3.0 29.159226989891507742
24.0 4.0 29.277833810340986531
25.0 0.0 29.241857389230343500
25.0 1.0 29.159726362978304337
25.0 2.0 29.347258975948172122
25.0 3.0 29.215849091803661963
25.0 4.0 29.249639252809270573
26.0 0.0 29.302326200315768290
26.0 1.0 29.170357858814671914
26.0 2.0 29.216952273576271892
26.0 3.0 29.225313082916667184
26.0 4.0 29.250011196507507805
27.0 0.0 29.297712634206341420
27.0 1.0 29.143751477690535978
27.0 2.0 29.222872603718510476
27.0 3.0 29.227487744692574267
27.0 4.0 29.229795811666555494
28.0 0.0 29.241861093714327069
28.0 1.0 29.232288292778608962
28.0 2.0 29.226706016225804774
28.0 3.0 29.204339293707906933
28.0 4.0 29.272269539710464414
29.0 0.0 29.210802868611185801
29.0 1.0 29.162890338614861463
29.0 2.0 29.237200273521615657
29.0 3.0 29.159969106774045855
29.0 4.0 29.306554130246130541
30.0 0.0 29.179738897819973431
30.0 1.0 29.218916444024770840
30.0 2.0 29.220017848846460140
30.0 3.0 29.228178316937338366
30.0 4.0 29.172881749177836497
31.0 0.0 29.177441099141720571
31.0 1.0 29.238057113235814910
31.0 2.0 29.213328076462911298
31.0 3.0 29.235389241190414822
31.0 4.0 29.373349348426629035
32.0 0.0 29.275607226126936666
32.0 1.0 29.145350727951964132
32.0 2.0 29.095620108495051426
32.0 3.0 29.288386692008419487
32.0 4.0 29.254635414300832252
33.0 0.0 29.189216678820233852
33.0 1.0 29.242002965622472033
33.0 2.0 29.181388398641029625
33.0 3.0 29.325556161574219516
33.0 4.0 29.347326477912805132
34.0 0.0 29.266605612138100412
34.0 1.0 29.223250680341511298
34.0 2.0 29.163404802076698275
34.0 3.0 29.234059913481029724
34.0 4.0 29.291890301933747764
35.0 0.0 29.330963603647688842
35.0 1.0 29.134546477359332783
35.0 2.0 29.228423519396383057
35.0 3.0 29.227908724389045858
35.0 4.0 29.280403896282891196
36.0 0.0 29.295593807362362071
36.0 1.0 29.241871730184257672
36.0 2.0 29.177388701365362778
36.0 3.0 29.192410589226369666
36.0 4.0 29.253734815516139633
37.0 0.0 29.301849011828700498
37.0 1.0 29.172601100915063199
37.0 2.0 29.311997315849552592
37.0 3.0 29.268867927036058774
37.0 4.0 29.260771737428349581
38.0 0.0 29.241856187250583332
38.0 1.0 29.195336401134319715
38.0 2.0 29.193152780476097519
38.0 3.0 29.218745790291258402
38.0 4.0 29.207096531390565275
39.0 0.0 29.147780371848629244
39.0 1.0 29.249806288996424541
39.0 2.0 29.246531160623220558
39.0 3.0 29.170848082008692614
39.0 4.0 29.303119466946199623
40.0 0.0 29.307607824602154523
40.0 1.0 29.074182108733875651
40.0 2.0 29.287580073388070900
40.0 3.0 29.251094503663633617
40.0 4.0 29.225513214651570593
41.0 0.0 29.184000613809466529
41.0 1.0 29.190750579491094641
41.0 2.0 29.288518093414232624
41.0 3.0 29.221794718311549843
41.0 4.0 29.295358208534999278
42.0 0.0 29.270112909310096683
42.0 1.0 29.187326124446936859
42.0 2.0 29.232563292507212083
42.0 3.0 29.046344775701701479
42.0 4.0 29.286196353982440144
43.0 0.0 29.157389745784861645
43.0 1.0 29.144322049129751662
43.0 2.0 29.216103361004883254
43.0 3.0 29.234114433865940441
43.0 4.0 29.312480631658477392
44.0 0.0 29.201694183544837813
44.0 1.0 29.221257084060788145
44.0 2.0 29.172756621989446302
44.0 3.0 29.314579123448975650
44.0 4.0 29.245377864073340390
45.0 0.0 29.351156199975562799
45.0 1.0 29.171095745758385931
45.0 2.0 29.173213979971148291
45.0 3.0 29.251145417906752044
45.0 4.0 29.300953940642180839
46.0 0.0 29.279072651263582827
46.0 1.0 29.218609034600312668
46.0 2.0 29.334817526347205074
46.0 3.0 29.249365616686461067
46.0 4.0 29.204983924430681697
47.0 0.0 29.165550967733910426
47.0 1.0 29.231193857974073325
47.0 2.0 29.199956247343763494
47.0 3.0 29.224238699249490026
47.0 4.0 29.328697604796115428
48.0 0.0 29.260467117918484092
48.0 1.0 29.063472404993738962
48.0 2.0 29.250437659308122562
48.0 3.0 29.320942234199865339
48.0 4.0 29.325279608778032525
49.0 0.0 29.237236718444577832
49.0 1.0 29.235011507785529261
49.0 2.0 29.182605188989956702
49.0 3.0 29.260471756803678289
49.0 4.0 29.164868768243454866
50.0 0.0 29.168003355658150610
50.0 1.0 29.158016351151321288
50.0 2.0 29.297673769560727663
50.0 3.0 29.256494581013811285
50.0 4.0 29.238541182114769157
51.0 0.0 29.227108530733758585
51.0 1.0 29.211433326166105218
51.0 2.0 29.169033439512357830
51.0 3.0 29.188786583257268603
51.0 4.0 29.316587691758478229
52.0 0.0 29.360772449223368596
52.0 1.0 29.096612845034137251
52.0 2.0 29.246518459039222648
52.0 3.0 29.187456344274632869
52.0 4.0 29.137970777046792392
53.0 0.0 29.279068999417368957
53.0 1.0 29.168226722620612890
53.0 2.0 29.268451777306328410
53.0 3.0 29.196246409231399355
53.0 4.0 29.259336596424162735
54.0 0.0 29.161477253147108257
54.0 1.0 29.261963232869089069
54.0 2.0 29.206258944071578298
54.0 3.0 29.158298560955007162
54.0 4.0 29.179601372566263962
55.0 0.0 29.218642688574615107
55.0 1.0 29.225640172206865941
55.0 2.0 29.215453229110231348
55.0 3.0 29.208725877891225764
55.0 4.0 29.231808285057724106
56.0 0.0 29.242825469973812602
56.0 1.0 29.285730182572855540
56.0 2.0 29.248249430545509853
56.0 3.0 29.260471326522825564
56.0 4.0 29.268201573021752182
57.0 0.0 29.232814932092200166
57.0 1.0 29.136821044374709544
57.0 2.0 29.258242009753395507
57.0 3.0 29.286157689748062438
57.0 4.0 29.211240547783550170
58.0 0.0 29.156927234012574246
58.0 1.0 29.137210749431346812
58.0 2.0 29.237538874000552624
58.0 3.0 29.297121397488108840
58.0 4.0 29.275630543951582041
59.0 0.0 29.223834088702236755
59.0 1.0 29.079177403829056914
59.0 2.0 29.264835554823275032
59.0 3.0 29.334543240959384036
59.0 4.0 29.319684948428619720
60.0 0.0 29.240039326440811607
60.0 1.0 29.113651480020024565
60.0 2.0 29.285217824659806496
60.0 3.0 29.111094612309525331
60.0 4.0 29.339301770943929881
61.0 0.0 29.229393620005495791
61.0 1.0 29.185201031343300571
61.0 2.0 29.166315817859661763
61.0 3.0 29.292323421755551038
61.0 4.0 29.347105863894441313
62.0 0.0 29.253796579191025273
62.0 1.0 29.143543165297778330
62.0 2.0 29.290329317796103936
62.0 3.0 29.265108444094661166
62.0 4.0 29.189768290920007132
63.0 0.0 29.319357489495910585
63.0 1.0 29.249073807337989450
63.0 2.0 29.058618450400121702
63.0 3.0 29.203576934347850624
63.0 4.0 29.289532645174521264
64.0 0.0 29.283718458077242275
64.0 1.0 29.209896722875779318
64.0 2.0 29.016249907136160147
64.0 3.0 29.259681042480146118
64.0 4.0 29.334030741256004404
65.0 0.0 29.274426536890544526
65.0 1.0 29.240907084286288153
65.0 2.0 29.106533895739474360
65.0 3.0 29.310823237148106557
65.0 4.0 29.235674242151045377
66.0 0.0 29.328731405359079076
66.0 1.0 29.176738986261046449
66.0 2.0 29.186350570672743743
66.0 3.0 29.108373733099877967
66.0 4.0 29.347219254326276427
67.0 0.0 29.169449954243045653
67.0 1.0 29.117292719503144127
67.0 2.0 29.179882511184555227
67.0 3.0 29.340386445893244627
67.0 4.0 29.355639707807412719
68.0 0.0 29.261910693053355459
68.0 1.0 29.187117719658850490
68.0 2.0 29.205964519152168180
68.0 3.0 29.143253302420443873
68.0 4.0 29.319466449438870370
69.0 0.0 29.253098513377690182
69.0 1.0 29.209047360852242292
69.0 2.0 29.146421527791961381
69.0 3.0 29.274417710815750837
69.0 4.0 29.227174533187803007
70.0 0.0 29.234964683596196267
70.0 1.0 29.158937075895043023
70.0 2.0 29.130239061077841001
70.0 3.0 29.361919282943951259
70.0 4.0 29.269412573284412815
71.0 0.0 29.241839195039457167
71.0 1.0 29.144176325835601915
71.0 2.0 29.259920341620226480
71.0 3.0 29.287502795846140913
71.0 4.0 29.247062564695038844
72.0 0.0 29.291227445764462800
72.0 1.0 29.181399394197619301
72.0 2.0 29.144855462579954519
72.0 3.0 29.279083460046614107
72.0 4.0 29.196327554157690543
73.0 0.0 29.265021044673726891
73.0 1.0 29.059633076504169935
73.0 2.0 29.199998006555279773
73.0 3.0 29.265121017487771837
73.0 4.0 29.235164384888342681
74.0 0.0 29.163149471403492896
74.0 1.0 29.192701746332271995
74.0 2.0 29.295544133224584726
74.0 3.0 29.122788633721299334
74.0 4.0 29.294426199301721425
75.0 0.0 29.223267452010468048
75.0 1.0 29.190720823501724368
75.0 2.0 29.189850739146418590
75.0 3.0 29.195347600629421692
75.0 4.0 29.402070741393455222
76.0 0.0 29.294774873911965329
76.0 1.0 29.200013665948176822
76.0 2.0 29.222155717226488747
76.0 3.0 29.260458204112097746
76.0 4.0 29.208156027680029609
77.0 0.0 29.278636069564850430
77.0 1.0 29.164858541879688403
77.0 2.0 29.324560421443070624
77.0 3.0 29.275723437472056077
77.0 4.0 29.227129919865820540
78.0 0.0 29.270149090715985807
78.0 1.0 29.125563730797178863
78.0 2.0 29.274423361625519391
78.0 3.0 29.227991873866471906
78.0 4.0 29.185398658443855169
79.0 0.0 29.212248962422812326
79.0 1.0 29.132190671637289370
79.0 2.0 29.245297940582819507
79.0 3.0 29.221715742220865764
79.0 4.0 29.347022634063137048
80.0 0.0 29.213972103518955237
80.0 1.0 29.204663402124403149
80.0 2.0 29.135476758909167216
80.0 3.0 29.281568662973260331
80.0 4.0 29.396239510203773904
81.0 0.0 29.216104744976220786
81.0 1.0 29.246518031533565107
81.0 2.0 29.229838622268559334
81.0 3.0 29.101218911329191030
81.0 4.0 29.299253432139003905
82.0 0.0 29.318918733108858987
82.0 1.0 29.277293839187532143
82.0 2.0 29.161580673574036382
82.0 3.0 29.296799319104010806
82.0 4.0 29.256519322534195737
83.0 0.0 29.278423535762122754
83.0 1.0 29.156594541353271666
83.0 2.0 29.197786081494278676
83.0 3.0 29.164522520718659138
83.0 4.0 29.296294488302514480
84.0 0.0 29.232551023449474314
84.0 1.0 29.107161868676190153
84.0 2.0 29.214914971081476835
84.0 3.0 29.136235751929547177
84.0 4.0 29.229941420259425655
85.0 0.0 29.304193783431593090
85.0 1.0 29.316278597494633829
85.0 2.0 29.125474483837816564
85.0 3.0 29.213959552124830310
85.0 4.0 29.216648695323492291
86.0 0.0 29.238626608131376372
86.0 1.0 29.247172844775448652
86.0 2.0 29.105346132115826663
86.0 3.0 29.168461448552303494
86.0 4.0 29.265097636908855350
87.0 0.0 29.267243526656692154
87.0 1.0 29.211536000553277148
87.0 2.0 29.201625499551415288
87.0 3.0 29.232556210310054468
87.0 4.0 29.283559813486800039
88.0 0.0 29.195133230454416662
88.0 1.0 29.254463312320744706
88.0 2.0 29.218628768363629433
88.0 3.0 29.251155733049703400
88.0 4.0 29.178888661853925157
89.0 0.0 29.215211569708895212
89.0 1.0 29.108883886592462176
89.0 2.0 29.186716259285208963
89.0 3.0 29.193577679430873673
89.0 4.0 29.337983812486005064
90.0 0.0 29.214187011189565624
90.0 1.0 29.203262094748200894
90.0 2.0 29.249838645854438823
90.0 3.0 29.226578217016072614
90.0 4.0 29.275803579407991606
91.0 0.0 29.251753795426587601
91.0 1.0 29.190698285091947639
91.0 2.0 29.218605543642560463
91.0 3.0 29.227284957261080223
91.0 4.0 29.125084160996703275
92.0 0.0 29.141243472016995497
92.0 1.0 29.189158452869655491
92.0 2.0 29.313927428538786302
92.0 3.0 29.288149625855652403
92.0 4.0 29.357019685755322058
93.0 0.0 29.044538601184321180
93.0 1.0 29.249827222217650302
93.0 2.0 29.272153444921048759
93.0 3.0 29.320935924255373095
93.0 4.0 29.260225749288839125
94.0 0.0 29.157845799268741871
94.0 1.0 29.155116046284703657
94.0 2.0 29.221888019214070198
94.0 3.0 29.184294661925147096
94.0 4.0 29.399475423995856005
95.0 0.0 29.122113678345318277
95.0 1.0 29.117999632750265704
95.0 2.0 29.245362477019558156
95.0 3.0 29.272120010947592306
95.0 4.0 29.294042252369585810
96.0 0.0 29.227922966234864077
96.0 1.0 29.306276456812330622
96.0 2.0 29.099468522479618571
96.0 3.0 29.217539619061394518
96.0 4.0 29.279157026862684177
97.0 0.0 29.213957860721233573
97.0 1.0 29.149588202644828527
97.0 2.0 29.269771236264613634
97.0 3.0 29.125500874365158666
97.0 4.0 29.294630225875170737
98.0 0.0 29.264353872056645400
98.0 1.0 29.220067311567504476
98.0 2.0 29.158653483974632081
98.0 3.0 29.246233118712435584
98.0 4.0 29.196464704829935499
99.0 0.0 29.307368621384799923
99.0 1.0 29.251185380386946377
99.0 2.0 29.168807779526769508
99.0 3.0 29.134472293181765679
99.0 4.0 29.223412389421749680
