1.032621880565031125e+00 -9.889843483623381726e-01
1.023113176861340845e+00 -9.908196745309271192e-01
1.145471028632722099e+00 -1.525090610731013596e+00
9.914156341659089433e-01 -1.155424577489891691e+00
1.546109721952019234e+00 -1.911489071492950664e+00
1.203669602284803242e+00 -1.052750946641367591e+00
1.208074980323716296e+00 -1.438321375104790301e+00
1.059835607126572432e+00 -1.445114632822545930e+00
1.007523862585287810e+00 -1.028768022723234310e+00
1.228479142266426072e+00 -1.643434495823303365e+00
1.379748583459938338e+00 -1.612470726509675378e+00
1.158477311595133674e+00 -1.775495980090168624e+00
8.775730178630887224e-01 -1.087934663171094218e+00
1.021276677128554633e+00 -7.862076834310838258e-01
1.195378298673030804e+00 -1.243496448590718728e+00
1.348814765652780467e+00 -1.527781341657447944e+00
1.187908317720421270e+00 -1.570462667442065641e+00
8.067149627619123464e-01 -1.073228455073458321e+00
1.154519381708377201e+00 -7.393873804349754275e-01
1.131544931371004870e+00 -1.547344947115562031e+00
1.051968805299290155e+00 -1.388978923003062249e+00
1.255948726459913622e+00 -1.289292662517282251e+00
1.261458856770165449e+00 -1.652586114255817362e+00
1.107768239831256274e+00 -1.260508229347314213e+00
9.937855479738125775e-01 -9.465179261357991036e-01
1.505613851210486409e+00 -1.485184674124947923e+00
1.010263803856808584e+00 -1.460702649504234785e+00
9.444546880212731921e-01 -1.196312695545342697e+00
9.324754900314068395e-01 -1.315100400271676184e+00
1.280366432500733787e+00 -1.056417152712855412e+00
1.192556390313054049e+00 -1.031776328859427716e+00
1.078043982171655646e+00 -1.115563629701167736e+00
1.092554086695162407e+00 -1.298150617489280290e+00
1.240958192352170419e+00 -1.480055605369855476e+00
1.122072400899704725e+00 -1.622640682644276300e+00
1.272548128809127377e+00 -1.285445294466012633e+00
1.243892476412179704e+00 -1.417276205520663579e+00
1.090111868777473347e+00 -1.478824553455603485e+00
1.183769549934505783e+00 -1.278567445852066387e+00
9.225497958440164181e-01 -1.062607989729158042e+00
1.729907907273216860e+00 -1.874069417448088526e+00
1.201810616028283540e+00 -1.383508084911705405e+00
1.183445606579355047e+00 -1.440442075216135542e+00
8.377436270743602309e-01 -1.072931283443654404e+00
7.207190418708863122e-01 -7.708238703258228908e-01
1.553844190682045712e+00 -1.791096088801868991e+00
1.323873622111586545e+00 -1.202252945962318131e+00
1.058849552056913140e-01 -7.938328374823828693e-01
1.032645943248982956e+00 -9.967256567114984867e-01
1.001791234143496023e+00 -9.641653660046286545e-01
1.237414686915184081e+00 -1.286352982514589405e+00
1.102641001039136093e+00 -1.128456870618852914e+00
1.152747401317193665e+00 -1.587838326361562968e+00
9.550753344459435024e-01 -1.330702119288218022e+00
1.247470681444609930e+00 -1.209223424101194544e+00
1.598628979343851286e+00 -1.348666527082899691e+00
7.889644751910689369e-01 -8.706231688325332119e-01
1.118393732891566739e+00 -1.462264409599670856e+00
1.299995247388954445e+00 -1.466219378563181408e+00
8.425275909579763578e-01 -1.363878435508827813e+00
1.462505561089468387e+00 -1.646520501096939260e+00
7.325919642908145235e-01 -9.381538075233731844e-01
1.149159129568866788e+00 -1.414282818339978709e+00
9.473581424590762357e-01 -1.340653967046129713e+00
1.462420678961787068e+00 -1.285150475724756047e+00
1.170992670719755102e+00 -1.269465854550078321e+00
9.026571789668866863e-01 -1.250137611830578033e+00
1.037872470049010953e+00 -1.037215695726299680e+00
1.124305409564737346e+00 -1.277635165903260095e+00
1.306868321176153813e+00 -1.557036661849722226e+00
1.088596578413492333e+00 -1.246041705882527051e+00
1.185120160463792427e+00 -1.313256026784783703e+00
6.322055519516285305e-01 -9.460705997820546553e-01
1.107515225279165572e+00 -9.868016176778893200e-01
1.427182290977594192e+00 -1.821216857300588243e+00
9.859596451167628173e-01 -1.146226528123311939e+00
1.658077953848350772e+00 -1.938617834392501127e+00
1.186036887889675429e+00 -1.212130109793397192e+00
1.087214856941375762e+00 -1.172680691860172875e+00
7.101691575197340844e-01 -1.022245519319201046e+00
1.182940425982792476e+00 -1.328588612228511101e+00
7.598648459164093483e-01 -1.316057298994644409e+00
1.421949027515116759e+00 -1.639893414366905500e+00
1.104789760928110098e+00 -1.213347657893096398e+00
1.199846229962694633e+00 -1.021668895029034241e+00
1.114923678767911763e+00 -1.552163236414559222e+00
9.029785193948252076e-01 -1.084111810583220148e+00
1.119286594946839353e+00 -1.436409951187366252e+00
1.115004953990336389e+00 -1.247595540273185977e+00
1.442808748056793489e+00 -1.245950302913542362e+00
9.945225815520717383e-01 -1.045192331463258961e+00
1.366607072946295576e+00 -1.461850510464272057e+00
1.030382256963665588e+00 -1.057068338019880427e+00
1.351651603261285750e+00 -1.687553196844074899e+00
9.718830305011445514e-01 -1.318098577502714086e+00
1.099047014591668425e+00 -1.615340851785019405e+00
1.096449049814534060e+00 -1.222663275954747775e+00
1.335446685245383680e+00 -1.751776815909505958e+00
1.059008970666278193e+00 -7.604084215979869388e-01
1.120108136896450723e+00 -1.274224564787589609e+00
9.814035283545100574e-01 -1.188570836086458860e+00
1.540075108497532597e+00 -1.549386333696410656e+00
7.634328044158844584e-01 -1.089173626329289268e+00
1.344314471007194811e+00 -1.447767509414776388e+00
1.050992476662489628e+00 -1.259566052697269845e+00
1.328020577079819020e+00 -1.307314269487833469e+00
1.218182406151438579e+00 -1.258019828888467195e+00
1.239777007106650508e+00 -1.734720850051886476e+00
8.043927744150305426e-01 -1.074053771940341573e+00
1.093313990207201991e+00 -1.181597450902755808e+00
1.198302348705086562e+00 -1.627828089812165757e+00
1.244476287300088746e+00 -1.486091640389762158e+00
1.145741071599737371e+00 -1.230378644840534941e+00
1.190709191642509213e+00 -1.216332016615919942e+00
8.721420886078523615e-01 -9.624376559724365787e-01
9.404822007568419684e-01 -1.202435398761542817e+00
1.103951638754487208e+00 -1.509073934225562352e+00
8.420898503046885253e-01 -1.046258722591135504e+00
1.332966022972036590e+00 -1.467587305311933044e+00
1.508531574879759196e+00 -1.361005587053145449e+00
1.010230378344224134e+00 -9.935038219437497542e-01
1.537585038698729312e+00 -1.600562810168785655e+00
1.130265672879761540e+00 -1.533447940501190043e+00
9.461212907367434477e-01 -1.239802653851501901e+00
1.042896626140586758e+00 -1.149310676216910077e+00
1.459177858283637441e+00 -1.981840802713447758e+00
1.272400109542865643e+00 -1.116299270906505159e+00
5.210822211935874915e-01 -1.009039119213140934e+00
1.112911359556417290e+00 -1.114252717820680028e+00
1.332371563535735826e+00 -1.359003205188253016e+00
1.097434701096483556e+00 -1.372434156241962633e+00
7.071636144855737438e-01 -8.557653849098162402e-01
1.109789254758876575e+00 -1.429788946040543518e+00
1.201909587111153144e+00 -1.149660629460485861e+00
1.610734150547398658e+00 -1.771034843815838311e+00
7.978601160528379088e-01 -1.172752413378204350e+00
1.212733107962399526e+00 -1.631709441035404273e+00
1.485403077615129686e+00 -1.482965716128075151e+00
9.410762678536669368e-01 -5.566856820063800226e-01
1.313942099149520315e+00 -1.813450601036146415e+00
1.085925311641226410e+00 -1.262824442974537220e+00
7.244902461421031115e-01 -1.143361502885047454e+00
1.372654065419187441e+00 -1.257684010339198855e+00
1.276780209414875911e+00 -1.286926271283029832e+00
1.250455553206385462e+00 -1.651844144058016717e+00
1.201871437613098115e+00 -1.582994065116538174e+00
1.554483545377902676e+00 -2.034085021796278703e+00
7.608698580789572397e-01 -8.198564191612159879e-01
1.500775229483719775e+00 -1.242229537687290053e+00
7.411295006844906830e-01 -9.153013976410695474e-01
1.396764170159998208e+00 -1.690072132420466167e+00
1.218721202078484112e+00 -1.528708475477423612e+00
8.151256852733287372e-01 -1.083847398134576201e+00
1.204897637818500566e+00 -9.075218195288481393e-01
1.109819163458087177e+00 -1.331488560546804090e+00
1.244915371685618277e+00 -1.416603769204940910e+00
1.328281980774373983e+00 -1.430514608948607602e+00
1.158664658254285884e+00 -1.090768743781922234e+00
8.307416071297480942e-01 -1.229229385365736782e+00
1.148769436756385209e+00 -1.382405881556807214e+00
1.427009480987007528e+00 -1.512992185924762811e+00
1.092265715267018322e+00 -1.496914004514303231e+00
9.819250009234956611e-01 -1.468107739651668187e+00
1.411051920639242674e+00 -1.323678811914053455e+00
8.180190035344223620e-01 -7.504841541240453440e-01
1.609219841826315722e+00 -1.501336841493341234e+00
1.082722939916490823e+00 -1.182674112321964621e+00
1.078327315244446138e+00 -1.304499162549159541e+00
9.206428437547299337e-01 -1.256753409901865348e+00
9.613578895634279364e-01 -1.248916016224895342e+00
1.396400658318424970e+00 -1.120657676884574405e+00
9.576352452435087370e-01 -1.378937423921906991e+00
1.442606744314815170e+00 -1.290010050954261578e+00
1.040954283102477174e+00 -1.504751298235803780e+00
8.276547646013764359e-01 -1.200875157035276253e+00
1.403925136249356553e+00 -1.843837845487652283e+00
1.171049385141109678e+00 -1.187701357196009111e+00
8.704887957705861323e-01 -9.140315287524675147e-01
1.041872713200119094e+00 -1.209855267816409174e+00
1.209055679527947902e+00 -1.404256178475510097e+00
1.380726194194247247e+00 -1.526472774651813191e+00
1.159498637865070458e+00 -1.293583454359421347e+00
7.423364852407053904e-01 -9.114221730199136839e-01
1.321678339399883884e+00 -1.243426569559918926e+00
1.082176979777711434e+00 -1.630414153016438217e+00
1.100950844579931864e+00 -1.366652288014910788e+00
1.250061198337565127e+00 -1.179871176996753812e+00
1.428985821557642089e+00 -1.609242193344040173e+00
8.780222655028475653e-01 -1.161134367364985875e+00
1.069162788034508038e+00 -1.229180822616943614e+00
1.244348418221437269e+00 -1.474105948640245245e+00
9.986570683144013749e-01 -1.090117980781767137e+00
1.159890126477592931e+00 -1.204685493812714281e+00
1.239400970672178026e+00 -1.288077908532968552e+00
1.053509618283919647e+00 -1.508276250027694720e+00
1.136673938537021478e+00 -1.384255440029636741e+00
1.232025980040412527e+00 -1.367900575690133014e+00
1.160506230582763809e+00 -1.413571210803140410e+00
1.123624814114559278e+00 -1.196469170308663177e+00
9.947215709211664203e-01 -1.166109069764793560e+00
1.238128729900489500e+00 -1.596538823638957272e+00
1.023904808212587669e+00 -1.192388989288511336e+00
9.213897398202891553e-01 -1.017254618535308408e+00
1.261521370136162501e+00 -1.319880883264317406e+00
1.251279101101099744e+00 -1.436011313009189605e+00
1.052696261549396883e+00 -1.265372251265179715e+00
1.275114021771680539e+00 -1.474133431019010176e+00
8.856921402472748284e-01 -9.685324369951662238e-01
1.051124117200352259e+00 -1.289493199941328161e+00
1.482235428120325826e+00 -1.566447073727534667e+00
1.249051956377835726e+00 -1.111456592318776249e+00
1.105161914521462174e+00 -1.406114194644874749e+00
1.051424889733954204e+00 -1.376842953605949438e+00
8.883538446643347575e-01 -6.761220957599710646e-01
1.337913344128631277e+00 -1.907608422501086975e+00
1.468700592575737707e+00 -1.732243138416963646e+00
1.234374043782345387e+00 -1.322169067291760536e+00
1.042808323943721804e+00 -1.075512325967913574e+00
1.110310670434910385e+00 -1.346530308945521393e+00
8.405024910324708776e-01 -1.080341916834353766e+00
-1.648640078317033432e-05 -1.566635097223854488e-04
1.282746030783892488e+00 -1.616016182404558021e+00
1.040729441202900007e+00 -1.111547730481714735e+00
1.083094308264711536e+00 -1.156393129384510665e+00
1.604159001893399106e+00 -1.498472028283033275e+00
9.006671119486263644e-01 -9.098946140777754987e-01
1.115058469162206745e+00 -1.249065609301031055e+00
1.026129000481304621e+00 -1.778250881124141314e+00
1.256851684274888914e+00 -1.154631110788436166e+00
1.416296861551798569e+00 -1.500098126897231321e+00
8.542654112319642001e-01 -9.451660707573298348e-01
1.056166749195326160e+00 -1.229206047083549969e+00
9.612828740763530444e-01 -1.343125918676793429e+00
1.149217973680679572e+00 -1.414524121520884137e+00
1.638518202685955716e+00 -1.552608398066275264e+00
1.273458916221137605e+00 -1.379790430099343324e+00
1.234479174890679820e+00 -1.180323832561749775e+00
1.315236693047100225e+00 -1.701571760431416669e+00
9.944538849719086748e-01 -1.227513126167897983e+00
9.277524306205283677e-01 -1.113312932803310007e+00
1.300325722201380207e+00 -1.497002412991681908e+00
7.054055355274879702e-01 -1.070242550972466455e+00
8.556375189436445927e-01 -8.913766009212863439e-01
1.669620399636598806e+00 -1.333120704427723791e+00
1.194319394056642780e+00 -1.770437003992589187e+00
7.619492508751378734e-01 -5.962728961097175651e-01
1.123841870879414895e+00 -1.435714400315402095e+00
1.230292025751031471e+00 -1.459984952277411763e+00
1.192354961302083183e+00 -1.600129514729945468e+00
1.241589786017830432e+00 -1.356813929378028361e+00
1.330342402084547127e+00 -1.052309663182474209e+00
9.384110551621011043e-01 -1.275356048158112765e+00
6.922846238867990110e-01 -1.058646767957452273e+00
1.388918061716119201e+00 -1.773636371772570275e+00
1.255529296311521437e+00 -1.294822533492704375e+00
1.063372913232297101e+00 -1.178258216398841762e+00
1.019228645357646457e+00 -1.065068086079841825e+00
1.032741374612275775e+00 -8.664065240759160069e-01
1.048240177612486779e+00 -1.795909295067092737e+00
1.495668492286499784e+00 -1.588740254036354660e+00
1.030649249166026404e+00 -1.325511610769950277e+00
1.045132329064258458e+00 -1.233843963052277282e+00
1.213785951023449883e+00 -1.688821756895932724e+00
1.273865032839828437e+00 -1.171413742326381291e+00
1.158878674653478047e+00 -1.141347811433366610e+00
1.331822604030023616e+00 -1.661485879198337345e+00
8.402499577051695256e-01 -8.769912924678732180e-01
1.032863947319483833e+00 -9.543431944937008637e-01
1.405007126652715543e+00 -1.776244442189314210e+00
1.060060224240445770e+00 -1.185872644667483211e+00
1.243038677416736792e+00 -1.584228792775278505e+00
9.471121116255781791e-01 -1.184097423548437167e+00
1.556651176749688670e+00 -1.600840798772039664e+00
9.022525635905485064e-01 -1.065565546078922621e+00
1.107210915207267998e+00 -1.183827391460011480e+00
9.493984652268158131e-01 -1.047505908043288692e+00
1.279163903315099216e+00 -1.473344089186680916e+00
1.207159961948722549e+00 -1.359616188278732096e+00
9.116040676799322950e-01 -7.697053539039693248e-01
1.393572572655519259e+00 -1.932821203067514926e+00
1.116021494246083101e+00 -1.570639812237929478e+00
1.235662679151259269e+00 -1.275974627356692759e+00
1.340006959225880534e+00 -1.167385109961827983e+00
1.048915295979451212e+00 -1.396352640261204536e+00
9.605022359832863232e-01 -1.130517529416356748e+00
1.235480416261034220e+00 -1.520391477521408019e+00
1.191896073930631905e+00 -1.197342075904479053e+00
9.331454667202281339e-01 -1.113645618611519117e+00
1.327978411441738782e+00 -1.502036308154034661e+00
1.057061207248546131e+00 -1.267878706036912106e+00
1.162513068331611166e+00 -9.225369979113285934e-01
9.948552145111110301e-01 -1.365962123801507389e+00
8.571916212457578732e-01 -9.486776471353857154e-01
1.086635178398714263e+00 -1.328581666194974087e+00
1.637707312580287455e+00 -2.046612571061944497e+00
1.468007601772259862e+00 -1.712201212256313942e+00
8.106610787009345120e-01 -7.980840399934294727e-01
1.086104260191989912e+00 -1.190936215417403243e+00
1.101714163983112504e+00 -1.414400450082437644e+00
1.218031667179412914e+00 -1.452887812083017982e+00
1.320112081412616600e+00 -1.449929962351353518e+00
1.449120876675666914e+00 -1.442198625589976579e+00
1.253604720866573263e+00 -1.469072376363663501e+00
1.068830642109181328e+00 -1.082031730126385094e+00
1.573297952327770699e-01 -5.479985124739532587e-01
1.299195024345750848e+00 -1.572065956774893580e+00
1.145499379735533285e+00 -1.536195467937129466e+00
1.100591275783045164e+00 -9.658631898932139581e-01
9.872150181177182793e-01 -1.250611109402979704e+00
1.177275806490120980e+00 -1.252649460972598883e+00
8.416605590295460626e-01 -1.236901300599074993e+00
9.033810688263058664e-01 -1.333609210482425977e+00
1.437023350749065065e+00 -1.180508500385298198e+00
1.221997592709060276e+00 -1.494127850134613134e+00
1.277583634822927694e+00 -1.323312372991786612e+00
8.292187482882759086e-01 -1.031719823541058290e+00
1.316740457049551116e+00 -1.586047944036133472e+00
1.227509404773902357e+00 -1.123680316915308008e+00
1.387905215050127206e+00 -1.620688978578561867e+00
9.303081312358580934e-01 -1.175939813169141646e+00
1.014181545827148367e+00 -1.403758906727020861e+00
1.093600704711959803e+00 -1.465717818818246476e+00
8.905796984058663712e-01 -9.004570419093701483e-01
1.653812377842595271e+00 -1.692170636950023566e+00
1.123353190784119437e+00 -1.166497134870989383e+00
6.786921088587796191e-01 -1.014507400159208927e+00
1.633505467191245231e+00 -1.712118270756608496e+00
1.248956985308021572e+00 -1.657326762027020450e+00
9.048952543808062021e-01 -9.406336236809039741e-01
1.240539098462395406e+00 -1.247128848154324343e+00
1.223845035561640593e+00 -1.523414480084998246e+00
1.282633782101652686e+00 -1.341409928971420751e+00
1.286008390764877607e+00 -1.435258790081633373e+00
6.349958887730163815e-01 -7.871449852221584775e-01
1.322397753309431767e+00 -1.481604148441778124e+00
8.204264474158957654e-01 -1.080419149608166318e+00
1.304617678883443377e+00 -1.162339630429229054e+00
1.142529477377400626e+00 -1.091279415634712535e+00
1.231890790954828896e+00 -1.363420367217992313e+00
1.276738968676309760e+00 -1.883301631059659753e+00
1.097936810941916308e+00 -1.485133568201882914e+00
1.115163386484095076e+00 -1.507236697021175464e+00
1.200938859796961022e+00 -1.055494398097041708e+00
1.216403353198136417e+00 -1.138646284729885494e+00
1.084071191131423362e+00 -1.320043659343172138e+00
8.855531684563778816e-01 -1.286093151327200923e+00
1.322298801141361890e+00 -1.648772533704441212e+00
1.111767586487377057e+00 -1.321310395476447797e+00
1.269412630680176290e+00 -1.388676640023440267e+00
1.120522620533356939e+00 -9.204964513795279579e-01
1.294371034754410399e+00 -1.645885426842874422e+00
1.348774674880009128e+00 -1.312548551370821048e+00
1.257871203245039426e+00 -1.054842915785593638e+00
8.414819910580113582e-01 -1.287463716760886223e+00
9.764360975420199873e-01 -1.259338066821630964e+00
1.122818027918400796e+00 -1.277402030767009977e+00
1.022785206511964695e+00 -1.442035319090315904e+00
1.559690630622284635e+00 -1.600217615192904619e+00
1.176822031433575999e+00 -1.355375946256337061e+00
8.522276882140907839e-01 -9.317734518378099073e-01
1.303947787364015509e+00 -1.561160125547505384e+00
8.428192796580148416e-01 -1.151486648653311962e+00
1.097517295525893166e+00 -1.157543884534834255e+00
1.439190433224923460e+00 -1.601043427833899635e+00
9.826799720240148028e-01 -1.035864588496418381e+00
1.640353462398081108e+00 -1.783905390356267606e+00
8.577091893765157460e-01 -9.105086278892853269e-01
1.183075748934933502e+00 -1.042673100099442252e+00
1.167055389780949470e+00 -1.437880655519704121e+00
8.911113017145931847e-01 -1.391879654665847843e+00
8.945682327339127271e-01 -1.217906771694246881e+00
1.044856066559116670e+00 -1.615637709188115778e+00
1.046513216768437227e+00 -1.320809499539199683e+00
1.349183448836688504e+00 -1.401994047039160973e+00
1.312675905413194677e+00 -9.836305980975229568e-01
1.169290364228148915e+00 -1.677077752135744948e+00
1.257778519302540365e+00 -1.444742279523167028e+00
1.272494377289715262e+00 -1.326439886725721218e+00
7.728746245440600848e-01 -9.524300522527182622e-01
1.247915580467088725e+00 -1.167988754930598727e+00
1.326475066284460880e+00 -1.395902044178362500e+00
1.143352366366800821e+00 -1.077255753766585444e+00
6.475779703468107495e-01 -1.182600953597987781e+00
1.165594106280182229e+00 -1.496280816434759631e+00
1.404214413840494391e+00 -1.392141830248472045e+00
1.089070412338210225e+00 -1.166919548745710467e+00
1.045461778016625765e+00 -9.680855195048245765e-01
9.595687525363448822e-01 -1.305212696078220214e+00
1.401125462759413187e+00 -1.593031796483181939e+00
1.230486851872266030e+00 -1.587983867204007415e+00
1.208643294829468751e+00 -1.195305671221785104e+00
1.466648567837607997e+00 -1.489714580150886425e+00
1.143403735904885643e+00 -1.257676852588579530e+00
5.568374805673844685e-01 -9.467609097565665710e-01
1.301625417212091351e+00 -1.651562752548960678e+00
9.152502488428105876e-01 -1.238445663684190068e+00
1.468560611647637515e+00 -1.748874468302730190e+00
1.222891914302324690e+00 -1.168071054164018019e+00
1.075061965450369472e+00 -9.945062515329897712e-01
1.027983287815603886e+00 -1.433828703516022651e+00
1.187215725595184290e+00 -1.280095529265818266e+00
1.019503400195844511e+00 -1.037717099812230037e+00
1.442022239193451405e+00 -1.588981907748714395e+00
1.024007732304189178e+00 -1.483123317871691604e+00
1.041400986902128567e+00 -1.181737919474541432e+00
1.217258962721495363e+00 -1.454836306187796913e+00
9.655269977381747415e-01 -1.166116496698911487e+00
1.194039260390986179e+00 -9.776481764246357509e-01
1.389603115276563772e+00 -1.527644850655423658e+00
9.557493266758826378e-01 -1.431558715337655219e+00
1.125793934973185806e+00 -1.456241367259756281e+00
1.114040118467138241e+00 -1.224593924126651689e+00
1.255638580097016677e+00 -1.446830360926611325e+00
1.052235195321032490e+00 -1.264459679008843596e+00
1.113900978935968178e+00 -1.153262641509924968e+00
1.244010576965283610e+00 -1.454867407216646535e+00
1.044710097161836604e+00 -1.062594256465384079e+00
1.343152133230028911e+00 -1.375207642299854038e+00
9.898242637399979893e-01 -1.235963211940612316e+00
1.036544309521680862e+00 -1.396105833244424499e+00
1.072333144820847517e+00 -1.394479763904394432e+00
1.249069099379081393e+00 -1.059546343977262772e+00
1.025413985034602238e+00 -1.357222144810903419e+00
1.143653738042059276e+00 -1.170604362373545149e+00
1.200062199933098261e+00 -1.536447673729933960e+00
1.107163503079025668e+00 -1.345623391919290812e+00
1.434005678645335013e+00 -1.399680002300288217e+00
8.866947084431119341e-01 -7.135242083934811852e-01
1.226190687541742985e+00 -1.812784904772500427e+00
1.013854306160004493e+00 -1.284104809161786376e+00
1.045929736905293561e+00 -1.264129230924846858e+00
1.328039183816019486e+00 -1.507825079830162007e+00
9.768007631728579110e-01 -1.233003186261410589e+00
1.285058132458690272e+00 -9.617155507741108611e-01
1.034600521366117798e+00 -1.543511858666883230e+00
1.069841147201131770e+00 -1.024882706087661743e+00
1.252569133803129731e+00 -1.418756354082173932e+00
1.183045015655549204e+00 -1.601249054318347076e+00
8.620298906605959877e-01 -1.043052439879033511e+00
1.363472303015980547e+00 -1.504265359943308455e+00
1.618294460113014921e+00 -1.745883140147078683e+00
1.147530589692502989e+00 -1.436466881576214716e+00
1.180726325890209871e+00 -1.314177121948449045e+00
5.421878409589522274e-01 -7.780651556668355395e-01
1.223314010332986479e+00 -1.315854164773298418e+00
1.091740871704570681e+00 -1.412499055461298170e+00
9.350176359028261608e-01 -1.109733374685351048e+00
1.271519038150690450e+00 -1.225713235310913252e+00
1.402866955016551342e+00 -1.363931414144147425e+00
1.033783565356603429e+00 -1.495520826352944921e+00
1.356042886044319218e+00 -1.523165450839041757e+00
7.687876232537171894e-01 -1.023720339194684747e+00
1.188147629733242061e+00 -1.428180163432422045e+00
1.092911175752772301e+00 -1.091727919325679697e+00
1.289169919550444909e+00 -1.470513374537680606e+00
1.466819530012374306e+00 -1.680559714866719068e+00
8.343126268624786457e-01 -1.125159037718256982e+00
8.561659404109476235e-01 -1.142000685738349564e+00
1.456392562346790376e+00 -1.619077380438000091e+00
1.056026452404501326e+00 -9.561308118449679538e-01
1.132146292865513715e+00 -1.546259363211435867e+00
1.357314872285658724e+00 -1.443101771498122465e+00
1.055276534656811371e+00 -1.221294400932177115e+00
1.497658021358235336e+00 -1.192228690047697715e+00
6.429700344942886892e-01 -1.135321389619732280e+00
1.216911183860772239e+00 -1.442510573771146332e+00
8.250286047833729208e-01 -1.270489923764718254e+00
1.582010416938613773e+00 -1.543613140840931930e+00
1.444406955256028358e+00 -1.431142564011899765e+00
7.415968816492274351e-01 -9.837661958499371861e-01
1.107752548232818768e+00 -1.421649061890097876e+00
1.159768483669314287e+00 -1.468961931305321045e+00
1.159188891005864530e+00 -9.376541112921646937e-01
9.278547916263185646e-01 -1.211121209192314030e+00
1.317185522489722205e+00 -1.487919278829776593e+00
1.082010028004285918e+00 -1.242196560364247748e+00
1.258968524081883311e+00 -1.746280021017016626e+00
1.435109998518668606e+00 -1.690493272408513548e+00
1.051673777053165670e+00 -1.063349425057516395e+00
8.518007343774022244e-01 -7.936419697780063842e-01
8.813947953653982204e-01 -8.656461967424655679e-01
7.316499264327568364e-01 -1.216350769856955782e+00
1.616471768914112594e+00 -1.697687977247147817e+00
1.178749769965716121e+00 -1.072233003162038623e+00
1.282952828484942520e+00 -1.745421534376818240e+00
1.032411672070520980e+00 -1.137039608509081923e+00
1.283311431954748283e+00 -1.244521633395847315e+00
1.301437486409872113e+00 -1.601125661293128166e+00
1.030349211845704716e+00 -1.160865612361079213e+00
1.077839592195119822e+00 -1.434402285972945279e+00
1.160120186468883485e+00 -1.373765697235370675e+00
9.479630134067692504e-01 -1.260417612874253690e+00
1.271711055079971064e+00 -1.390546692265965278e+00
9.989266272929855361e-01 -1.006214918677267312e+00
1.299823693593033180e+00 -1.528990533594729140e+00
1.050327913888587927e+00 -1.196796752732837588e+00
1.159569805948167609e+00 -1.504257479672883813e+00
9.671157434194763702e-01 -1.007684558263567176e+00
1.187036524814496730e+00 -1.212775986467389933e+00
1.385911296600015108e+00 -1.667090696410188588e+00
