0.0 0.0 121.946703636032410145
0.0 1.0 121.966821758651434493
0.0 2.0 122.387313777300477113
0.0 3.0 122.380834308984361769
0.0 4.0 122.086142996631224378
1.0 0.0 121.858317576810847527
1.0 1.0 122.343810530087381494
1.0 2.0 122.201173562365127623
1.0 3.0 122.512400457777772544
1.0 4.0 122.219426085872328258
2.0 0.0 121.930130496114330185
2.0 1.0 122.321994016600783084
2.0 2.0 122.202832744326485681
2.0 3.0 122.337560935279526575
2.0 4.0 121.957063180180526274
3.0 0.0 121.920761930861715427
3.0 1.0 122.238446933435739084
3.0 2.0 122.360580617880501109
3.0 3.0 122.178008165602847157
3.0 4.0 122.098762151972763945
4.0 0.0 122.146474840180928823
4.0 1.0 122.264965949575724835
4.0 2.0 122.235923429740566348
4.0 3.0 122.329585715601083962
4.0 4.0 122.383728332736353650
5.0 0.0 121.606951249063016007
5.0 1.0 122.336629742633434148
5.0 2.0 122.322769365790776419
5.0 3.0 122.221147412685908762
5.0 4.0 121.962250344580937167
6.0 0.0 122.091241276211277977
6.0 1.0 122.193043622603497056
6.0 2.0 122.817390770812750134
6.0 3.0 122.229337155746065946
6.0 4.0 121.755859378843780405
7.0 0.0 121.947006868170078064
7.0 1.0 121.992386508598343653
7.0 2.0 122.351977405457915893
7.0 3.0 122.137240624961890489
7.0 4.0 122.459426621699094540
8.0 0.0 122.071260424361113905
8.0 1.0 122.078660653254033264
8.0 2.0 122.343894373959969357
8.0 3.0 122.187779332767362916
8.0 4.0 122.083911931328827905
9.0 0.0 122.036556636148674215
9.0 1.0 122.500600148772761600
9.0 2.0 122.273758230708196493
9.0 3.0 122.263733857372130842
9.0 4.0 121.993538679137401459
10.0 0.0 122.171808920150255062
10.0 1.0 122.331600639455771784
10.0 2.0 122.626452218512966397
10.0 3.0 122.244625372844822664
10.0 4.0 121.933460627448582159
11.0 0.0 122.187726523060561590
11.0 1.0 122.015745710814968561
11.0 2.0 122.273226573140178175
11.0 3.0 122.285492217412368632
11.0 4.0 121.957013770345199077
12.0 0.0 122.185495514974803655
12.0 1.0 122.317803829554861750
12.0 2.0 122.081346938396976043
12.0 3.0 122.391396418425415504
12.0 4.0 121.934187555028785255
13.0 0.0 122.092922601172375607
13.0 1.0 122.352271454309970977
13.0 2.0 122.561962384622731292
13.0 3.0 122.195736985502705352
13.0 4.0 122.187906563752335387
14.0 0.0 122.022531851772384925
14.0 1.0 122.186697853733264196
14.0 2.0 122.340428194501370740
14.0 3.0 122.238284587823656580
14.0 4.0 121.746687721519094794
15.0 0.0 122.110492875035248517
15.0 1.0 122.391452729181779091
15.0 2.0 122.118482970668097209
15.0 3.0 122.136845906835773690
15.0 4.0 121.811105898211593512
16.0 0.0 121.706934274909002625
16.0 1.0 122.362503254504858319
16.0 2.0 122.091614688526121313
16.0 3.0 122.223346427728131403
16.0 4.0 122.081749833441080000
17.0 0.0 121.913870771663695791
17.0 1.0 122.789096977852011605
17.0 2.0 122.367700087257830432
17.0 3.0 122.100777656097037038
17.0 4.0 121.937628883987272843
18.0 0.0 122.568530776908360735
18.0 1.0 122.159288229210872601
18.0 2.0 122.359679715680300660
18.0 3.0 121.924081939290303467
18.0 4.0 121.762147539434209875
19.0 0.0 122.251213164443612413
19.0 1.0 122.342789580963454910
19.0 2.0 121.982053140182287621
19.0 3.0 122.214971224424431284
19.0 4.0 122.213490088673410128
20.0 0.0 122.145603563647270562
20.0 1.0 122.923460202720676193
20.0 2.0 122.018251413293370433
20.0 3.0 122.222947069783984375
20.0 4.0 122.125711566598951663
21.0 0.0 121.901205657503609814
21.0 1.0 122.093913763948279438
21.0 2.0 122.384666736068737691
21.0 3.0 122.388554390891755475
21.0 4.0 122.395854925130436186
22.0 0.0 122.029057975316248985
22.0 1.0 122.492953765148541834
22.0 2.0 122.449747465571419980
22.0 3.0 122.110463305765492237
22.0 4.0 121.791585917355803304
23.0 0.0 121.729259668520100490
23.0 1.0 122.239153754752237546
23.0 2.0 122.115495124066242738
23.0 3.0 122.251715175176883577
23.0 4.0 122.342373792031580138
24.0 0.0 122.113824485460341407
24.0 1.0 122.223388970303659562
24.0 2.0 122.289142095377115993
24.0 3.0 122.318051862630994719
24.0 4.0 122.037035101812051607
25.0 0.0 122.151997011379549463
25.0 1.0 122.085908453449519584
25.0 2.0 122.201380789694127316
25.0 3.0 121.901003166454103166
25.0 4.0 122.020916163126670995
26.0 0.0 122.312299725196950817
26.0 1.0 122.402333835092903769
26.0 2.0 122.223345478509358486
26.0 3.0 122.254928743492470744
26.0 4.0 121.890156100121913596
27.0 0.0 122.298049528939969832
27.0 1.0 122.294051203993220156
27.0 2.0 122.153844644604504310
27.0 3.0 122.216647786375801843
27.0 4.0 121.933723565430881308
28.0 0.0 121.886862439631272537
28.0 1.0 122.290728893657401954
28.0 2.0 122.344010641060705780
28.0 3.0 122.558781258708961559
28.0 4.0 122.176787221129799832
29.0 0.0 121.767883148533201165
29.0 1.0 122.466849865509033179
29.0 2.0 122.511306076164601109
29.0 3.0 122.467668248787376228
29.0 4.0 121.979105129845407873
30.0 0.0 122.128925959109849941
30.0 1.0 122.492670986441666514
30.0 2.0 122.347778012648618073
30.0 3.0 122.072960541421522862
30.0 4.0 122.031032851748534540
31.0 0.0 122.092982560951853088
31.0 1.0 122.492338698592263313
31.0 2.0 122.189767789074267057
31.0 3.0 122.550604867037819190
31.0 4.0 122.144804831149656366
32.0 0.0 122.024053528540392222
32.0 1.0 122.208644526916827999
32.0 2.0 122.242471021867658010
32.0 3.0 122.227725113394498635
32.0 4.0 122.533480288111348955
33.0 0.0 121.974685876358421410
33.0 1.0 122.089100214727096727
33.0 2.0 122.248175214609759109
33.0 3.0 122.192950982540878613
33.0 4.0 122.104625661225895783
34.0 0.0 121.787369028811923499
34.0 1.0 122.383726650027185201
34.0 2.0 122.355138671117458671
34.0 3.0 122.311820767633264495
34.0 4.0 122.122228297360763349
35.0 0.0 122.102216736894746418
35.0 1.0 122.387098627508692061
35.0 2.0 122.417768107966779212
35.0 3.0 122.084702519731266079
35.0 4.0 122.009073065711277195
36.0 0.0 122.151198557683585477
36.0 1.0 122.311253662203654358
36.0 2.0 122.242126854784615375
36.0 3.0 122.362559192071742586
36.0 4.0 121.844761048693982275
37.0 0.0 122.212792957604506228
37.0 1.0 121.753699109970767722
37.0 2.0 122.335578532710627542
37.0 3.0 122.206489911412788274
37.0 4.0 122.055474079336320870
38.0 0.0 121.968394633831806573
38.0 1.0 122.250793590526896537
38.0 2.0 122.271045577327640785
38.0 3.0 122.180553582620447628
38.0 4.0 122.080138554446364196
39.0 0.0 121.849920930588723422
39.0 1.0 122.476044310019133832
39.0 2.0 122.219209303194020322
39.0 3.0 122.183823722661514921
39.0 4.0 122.472523004771957744
40.0 0.0 122.134352225239339873
40.0 1.0 122.251300875170514360
40.0 2.0 122.233949406288786577
40.0 3.0 122.218450439034000965
40.0 4.0 122.183869936495327124
41.0 0.0 122.025338464024159180
41.0 1.0 121.943944860816969822
41.0 2.0 122.804947634692922520
41.0 3.0 122.167367629090293235
41.0 4.0 122.370653042655177956
42.0 0.0 122.132906606417577677
42.0 1.0 122.423602360440455072
42.0 2.0 122.577844092030190382
42.0 3.0 122.051087199591890453
42.0 4.0 122.120043970116839205
43.0 0.0 121.908669212375031066
43.0 1.0 122.397281595513064190
43.0 2.0 122.010148587425149458
43.0 3.0 122.145624394687402514
43.0 4.0 121.934028917875025400
44.0 0.0 122.121769533394015639
44.0 1.0 122.179029834348654049
44.0 2.0 122.211710518206913889
44.0 3.0 122.169938187106907890
44.0 4.0 122.533508953490198223
45.0 0.0 122.333538119888856954
45.0 1.0 122.169729515915648221
45.0 2.0 122.132066006646581968
45.0 3.0 122.474349432696669737
45.0 4.0 122.172937697746803565
46.0 0.0 121.911037818792678422
46.0 1.0 122.294951737026295291
46.0 2.0 122.470220720409429305
46.0 3.0 122.114689427052326209
46.0 4.0 122.314567617382365938
47.0 0.0 122.097618412304896651
47.0 1.0 122.376118718164363486
47.0 2.0 122.747170062867084539
47.0 3.0 122.631236505136001824
47.0 4.0 121.876624767733702015
48.0 0.0 121.933371225070317223
48.0 1.0 122.172866543901093905
48.0 2.0 122.105122255461139957
48.0 3.0 122.173214671619206229
48.0 4.0 122.247779204750315785
49.0 0.0 122.127786794598904407
49.0 1.0 122.360726247951731693
49.0 2.0 122.219958546074479955
49.0 3.0 122.153607269927022116
49.0 4.0 121.995554623205393341
50.0 0.0 122.066690030650462973
50.0 1.0 121.926063403266894625
50.0 2.0 122.349060590340997123
50.0 3.0 122.651407965188809612
50.0 4.0 121.762363000094168797
51.0 0.0 122.052898712666603842
51.0 1.0 121.783449928732878220
51.0 2.0 122.301263394820722397
51.0 3.0 122.439724451692526941
51.0 4.0 122.047159188532077678
52.0 0.0 122.051333515588467549
52.0 1.0 122.350411580993309713
52.0 2.0 122.048143378929665914
52.0 3.0 122.135550261316268461
52.0 4.0 122.269413549474649017
53.0 0.0 122.050310460022231496
53.0 1.0 122.330971417666702905
53.0 2.0 122.253933358841607060
53.0 3.0 122.448287802947092473
53.0 4.0 122.076989109972345204
54.0 0.0 121.746612864314613489
54.0 1.0 122.417351263778158454
54.0 2.0 122.330049103884391570
54.0 3.0 122.193627651836081327
54.0 4.0 122.007558305993285330
55.0 0.0 122.021122862657335872
55.0 1.0 122.395417651856035945
55.0 2.0 122.322274747513148441
55.0 3.0 122.286139008269330475
55.0 4.0 122.034218346182100845
56.0 0.0 122.223371589512623814
56.0 1.0 122.354305009641379343
56.0 2.0 122.189210416205568777
56.0 3.0 122.185936804340528283
56.0 4.0 121.848004937362389910
57.0 0.0 121.863837714992854444
57.0 1.0 122.356487776907144394
57.0 2.0 122.431706212871418415
57.0 3.0 121.930904198142883388
57.0 4.0 122.232104773192261860
58.0 0.0 122.199410242815304173
58.0 1.0 122.255023099221943994
58.0 2.0 122.369945145189234381
58.0 3.0 122.181921095018921619
58.0 4.0 121.730169927579240152
59.0 0.0 122.162138636852233731
59.0 1.0 122.407499456286330997
59.0 2.0 122.266109949515978883
59.0 3.0 122.002360338624555425
59.0 4.0 122.215131902346058723
60.0 0.0 122.468917951508998954
60.0 1.0 122.487086958837394945
60.0 2.0 122.300072472471512697
60.0 3.0 121.939603498681009341
60.0 4.0 121.925655525888288366
61.0 0.0 121.934198174940974013
61.0 1.0 122.273556338094550711
61.0 2.0 122.174695370979847553
61.0 3.0 122.346325862878643420
61.0 4.0 122.159521743865226995
62.0 0.0 121.523178789552162016
62.0 1.0 122.416917516835979995
62.0 2.0 122.405124422624680847
62.0 3.0 122.025386134631858681
62.0 4.0 122.701372321502091722
63.0 0.0 122.133993918542614665
63.0 1.0 122.273254484729037017
63.0 2.0 121.834982414655854654
63.0 3.0 122.724373967924023532
63.0 4.0 122.056421732961169369
64.0 0.0 121.845580832342477606
64.0 1.0 122.521133270768302737
64.0 2.0 122.102087712652533469
64.0 3.0 122.606815261813821394
64.0 4.0 121.929781831051968766
65.0 0.0 122.276523594854722887
65.0 1.0 122.405619424019647568
65.0 2.0 122.102993731169064517
65.0 3.0 122.217294799387815374
65.0 4.0 122.118008549370273386
66.0 0.0 122.099542024796889450
66.0 1.0 122.353303446408233413
66.0 2.0 122.337809372893715931
66.0 3.0 122.158346045326240414
66.0 4.0 122.247940319624831318
67.0 0.0 121.875877668323425951
67.0 1.0 122.482190793874835322
67.0 2.0 122.794288139187258935
67.0 3.0 121.600988841124944884
67.0 4.0 122.131760456663499781
68.0 0.0 121.846126021613230250
68.0 1.0 122.240576762272880273
68.0 2.0 122.268465285848435542
68.0 3.0 122.220895485293198135
68.0 4.0 121.768292070063239407
69.0 0.0 122.078111716238041140
69.0 1.0 122.158480929146804783
69.0 2.0 122.365252987030345366
69.0 3.0 122.220301435951583358
69.0 4.0 122.479268982071204164
70.0 0.0 121.996776786693857275
70.0 1.0 122.530782987681050145
70.0 2.0 122.155712098908040275
70.0 3.0 122.436643120659795159
70.0 4.0 121.936010765061425332
71.0 0.0 122.018505938202991956
71.0 1.0 122.451493586726769536
71.0 2.0 122.668001666165935148
71.0 3.0 122.584294495624320120
71.0 4.0 121.982474279425730401
72.0 0.0 121.657306602578756838
72.0 1.0 122.107872719834062991
72.0 2.0 122.517140552043969137
72.0 3.0 122.725893248782654155
72.0 4.0 122.112260132173872762
73.0 0.0 122.297344575302162184
73.0 1.0 122.275907164165658969
73.0 2.0 122.296805282364985601
73.0 3.0 122.044124874737747177
73.0 4.0 121.990306710040783855
74.0 0.0 122.037411786471821529
74.0 1.0 122.411311492543958934
74.0 2.0 121.979225939134138912
74.0 3.0 122.318445246477963906
74.0 4.0 121.876016874440495030
75.0 0.0 121.935146441764644010
75.0 1.0 122.392149827691341102
75.0 2.0 122.342049718881099807
75.0 3.0 122.172898504493375071
75.0 4.0 122.163010296238894625
76.0 0.0 121.976543913218833382
76.0 1.0 122.431822797184963747
76.0 2.0 122.297467857080476961
76.0 3.0 122.277399379328073792
76.0 4.0 121.930142771615351194
77.0 0.0 122.349978220331834677
77.0 1.0 122.287059571180847684
77.0 2.0 122.321421427442061258
77.0 3.0 121.823706332052097423
77.0 4.0 121.953918256771359552
78.0 0.0 121.972593089025522772
78.0 1.0 122.234278596463397548
78.0 2.0 122.211557138323811955
78.0 3.0 122.060895180642177138
78.0 4.0 122.083004459077216097
79.0 0.0 122.050291744978480324
79.0 1.0 122.277409125068913909
79.0 2.0 122.176187560344274630
79.0 3.0 122.314262824782133521
79.0 4.0 122.215825326683514618
80.0 0.0 122.302297885792128795
80.0 1.0 122.231754280704336679
80.0 2.0 122.254912698782504776
80.0 3.0 122.103952425601690379
80.0 4.0 122.481755063447124598
81.0 0.0 122.173880969243072059
81.0 1.0 122.222590800703713398
81.0 2.0 122.177526367358709081
81.0 3.0 122.384124467896711508
81.0 4.0 122.212429804631938168
82.0 0.0 122.068121326516887848
82.0 1.0 122.467806079374099681
82.0 2.0 122.111305691357671321
82.0 3.0 122.238069249632630431
82.0 4.0 122.106085174129276538
83.0 0.0 121.610559899283884988
83.0 1.0 122.408676679522613995
83.0 2.0 122.337750989927783962
83.0 3.0 122.133124560878712828
83.0 4.0 121.922888175163848246
84.0 0.0 122.169566911620464111
84.0 1.0 122.656219122077260408
84.0 2.0 122.167109054099213949
84.0 3.0 122.212897584917755012
84.0 4.0 121.993527225840750816
85.0 0.0 121.890636004683571514
85.0 1.0 122.103497542848458579
85.0 2.0 122.343214636790378336
85.0 3.0 122.643367193164110063
85.0 4.0 121.885783118376380685
86.0 0.0 121.941482086073961000
86.0 1.0 122.392620850262588306
86.0 2.0 122.293178565252219414
86.0 3.0 122.182495225004544182
86.0 4.0 122.263328771523191563
87.0 0.0 122.130147337171308664
87.0 1.0 122.255056374648887640
87.0 2.0 122.597001085495037387
87.0 3.0 122.165932558378372619
87.0 4.0 121.833261717028307203
88.0 0.0 122.081910394007195464
88.0 1.0 122.513313980215073684
88.0 2.0 122.166536332932707865
88.0 3.0 122.301073856719298760
88.0 4.0 121.985431248798036563
89.0 0.0 121.895455202231872249
89.0 1.0 122.221735437932679247
89.0 2.0 122.422818361504454288
89.0 3.0 122.354519214414651174
89.0 4.0 122.108621803480303925
90.0 0.0 121.960468104255980393
90.0 1.0 122.464595703764047130
90.0 2.0 122.107628877585028704
90.0 3.0 122.210198217810230403
90.0 4.0 121.789951152851983807
91.0 0.0 121.873032056092910125
91.0 1.0 122.568467189152300989
91.0 2.0 122.279058784861206277
91.0 3.0 122.587625206770795216
91.0 4.0 121.989585835163794059
92.0 0.0 122.139854041386854533
92.0 1.0 122.402422704684553878
92.0 2.0 122.751647227246252214
92.0 3.0 122.278026305392018003
92.0 4.0 122.032602898155275284
93.0 0.0 121.884385499010079457
93.0 1.0 122.301644349762142383
93.0 2.0 122.349769390281267079
93.0 3.0 122.254659128944510371
93.0 4.0 122.340953578807472013
94.0 0.0 121.677631522009818354
94.0 1.0 121.996286230703219644
94.0 2.0 122.434616609783063268
94.0 3.0 122.188714094947613376
94.0 4.0 121.929854607805722821
95.0 0.0 122.143643402992154279
95.0 1.0 122.328975631355831410
95.0 2.0 122.338277390774024411
95.0 3.0 122.182723758050585161
95.0 4.0 122.050294315597597006
96.0 0.0 121.933391530828259874
96.0 1.0 122.390055982315914207
96.0 2.0 122.307350647153484147
96.0 3.0 122.120158755351170043
96.0 4.0 122.524616012275188837
97.0 0.0 122.199307303686254045
97.0 1.0 122.344420121266850288
97.0 2.0 122.282986428673197565
97.0 3.0 122.127036251661593269
97.0 4.0 122.235319055039326486
98.0 0.0 122.382976827363961547
98.0 1.0 122.447485190720897208
98.0 2.0 122.155316686515618585
98.0 3.0 122.227308688112657364
98.0 4.0 122.441905659622577218
99.0 0.0 121.882546911809427570
99.0 1.0 122.464728752340548112
99.0 2.0 122.202692663164711462
99.0 3.0 122.153304015151775275
99.0 4.0 122.166854486082598896
