0.000000000000000000e+00 0.000000000000000000e+00 5.762401266583432741e-02
0.000000000000000000e+00 1.000000000000000000e+00 1.372237342939993110e-01
0.000000000000000000e+00 2.000000000000000000e+00 3.706532802440607594e-02
0.000000000000000000e+00 3.000000000000000000e+00 3.322849485582746870e-02
0.000000000000000000e+00 4.000000000000000000e+00 1.191351072877771533e-01
1.000000000000000000e+00 0.000000000000000000e+00 1.764888177989010210e-02
1.000000000000000000e+00 1.000000000000000000e+00 7.581708627498418007e-02
1.000000000000000000e+00 2.000000000000000000e+00 3.115906846237742611e-02
1.000000000000000000e+00 3.000000000000000000e+00 9.188990224625233350e-02
1.000000000000000000e+00 4.000000000000000000e+00 9.850539979259613499e-02
2.000000000000000000e+00 0.000000000000000000e+00 5.372686893287696719e-02
2.000000000000000000e+00 1.000000000000000000e+00 3.569462376456346980e-02
2.000000000000000000e+00 2.000000000000000000e+00 7.680625753187707294e-02
2.000000000000000000e+00 3.000000000000000000e+00 6.231428323817949505e-02
2.000000000000000000e+00 4.000000000000000000e+00 4.779142707043249061e-02
3.000000000000000000e+00 0.000000000000000000e+00 9.281950235540727123e-02
3.000000000000000000e+00 1.000000000000000000e+00 8.826541908325745422e-02
3.000000000000000000e+00 2.000000000000000000e+00 6.033285161303368616e-02
3.000000000000000000e+00 3.000000000000000000e+00 8.121066096766485498e-02
3.000000000000000000e+00 4.000000000000000000e+00 4.920371792245572390e-02
4.000000000000000000e+00 0.000000000000000000e+00 8.931871048455045092e-02
4.000000000000000000e+00 1.000000000000000000e+00 5.910818015703298012e-02
4.000000000000000000e+00 2.000000000000000000e+00 1.794895698925558919e-02
4.000000000000000000e+00 3.000000000000000000e+00 7.876215620929498396e-02
4.000000000000000000e+00 4.000000000000000000e+00 5.000141830433086493e-02
5.000000000000000000e+00 0.000000000000000000e+00 3.471106918811026065e-02
5.000000000000000000e+00 1.000000000000000000e+00 6.319906268806076144e-02
5.000000000000000000e+00 2.000000000000000000e+00 5.926914530029218919e-02
5.000000000000000000e+00 3.000000000000000000e+00 1.893453801123086422e-02
5.000000000000000000e+00 4.000000000000000000e+00 1.244615408787932004e-01
6.000000000000000000e+00 0.000000000000000000e+00 6.351352023257977875e-02
6.000000000000000000e+00 1.000000000000000000e+00 5.416357864948129208e-02
6.000000000000000000e+00 2.000000000000000000e+00 8.123758006370179752e-02
6.000000000000000000e+00 3.000000000000000000e+00 6.883398077131004655e-02
6.000000000000000000e+00 4.000000000000000000e+00 8.402782661150069721e-02
7.000000000000000000e+00 0.000000000000000000e+00 9.286222107947060544e-02
7.000000000000000000e+00 1.000000000000000000e+00 3.166524633838449510e-02
7.000000000000000000e+00 2.000000000000000000e+00 6.237311476662702608e-02
7.000000000000000000e+00 3.000000000000000000e+00 1.188608258133179024e-01
7.000000000000000000e+00 4.000000000000000000e+00 9.371071318808461836e-02
8.000000000000000000e+00 0.000000000000000000e+00 1.023523488839328671e-01
8.000000000000000000e+00 1.000000000000000000e+00 6.868446346527652679e-02
8.000000000000000000e+00 2.000000000000000000e+00 6.945505235215482243e-02
8.000000000000000000e+00 3.000000000000000000e+00 6.577617237633677505e-02
8.000000000000000000e+00 4.000000000000000000e+00 3.574434969935081502e-02
9.000000000000000000e+00 0.000000000000000000e+00 7.603666201577002903e-02
9.000000000000000000e+00 1.000000000000000000e+00 7.186912853284718739e-02
9.000000000000000000e+00 2.000000000000000000e+00 8.307628125745235292e-02
9.000000000000000000e+00 3.000000000000000000e+00 8.561622984846914419e-02
9.000000000000000000e+00 4.000000000000000000e+00 2.202281726888702384e-02
1.000000000000000000e+01 0.000000000000000000e+00 4.934384168627321127e-02
1.000000000000000000e+01 1.000000000000000000e+00 9.597871366069458954e-02
1.000000000000000000e+01 2.000000000000000000e+00 7.955894496539325789e-02
1.000000000000000000e+01 3.000000000000000000e+00 3.596027581865597622e-02
1.000000000000000000e+01 4.000000000000000000e+00 1.000430695485400451e-01
1.100000000000000000e+01 0.000000000000000000e+00 7.169205797043420869e-02
1.100000000000000000e+01 1.000000000000000000e+00 3.559130764625745985e-02
1.100000000000000000e+01 2.000000000000000000e+00 1.000299932338963027e-01
1.100000000000000000e+01 3.000000000000000000e+00 5.736679775930211139e-02
1.100000000000000000e+01 4.000000000000000000e+00 1.061338670273606899e-01
1.200000000000000000e+01 0.000000000000000000e+00 3.207509382971382439e-02
1.200000000000000000e+01 1.000000000000000000e+00 2.676016921651546560e-02
1.200000000000000000e+01 2.000000000000000000e+00 4.673573307551334710e-02
1.200000000000000000e+01 3.000000000000000000e+00 9.833318133881963075e-02
1.200000000000000000e+01 4.000000000000000000e+00 7.573464305561615484e-02
1.300000000000000000e+01 0.000000000000000000e+00 4.731015384857156780e-02
1.300000000000000000e+01 1.000000000000000000e+00 8.040732131859526510e-02
1.300000000000000000e+01 2.000000000000000000e+00 5.854045731509161660e-02
1.300000000000000000e+01 3.000000000000000000e+00 6.615500723729358934e-02
1.300000000000000000e+01 4.000000000000000000e+00 1.162339534318564405e-01
1.400000000000000000e+01 0.000000000000000000e+00 5.948245768896402719e-02
1.400000000000000000e+01 1.000000000000000000e+00 6.196049667000134986e-02
1.400000000000000000e+01 2.000000000000000000e+00 8.896663210674930766e-02
1.400000000000000000e+01 3.000000000000000000e+00 1.062741783708297527e-01
1.400000000000000000e+01 4.000000000000000000e+00 1.006273193821729250e-01
1.500000000000000000e+01 0.000000000000000000e+00 1.231460112306203697e-01
1.500000000000000000e+01 1.000000000000000000e+00 3.159511817666522254e-02
1.500000000000000000e+01 2.000000000000000000e+00 5.432048585986837264e-02
1.500000000000000000e+01 3.000000000000000000e+00 7.115942043494115354e-02
1.500000000000000000e+01 4.000000000000000000e+00 4.927621378421913334e-02
1.600000000000000000e+01 0.000000000000000000e+00 6.096776711264928483e-02
1.600000000000000000e+01 1.000000000000000000e+00 6.387219874025415467e-02
1.600000000000000000e+01 2.000000000000000000e+00 9.617867773119324892e-02
1.600000000000000000e+01 3.000000000000000000e+00 7.238312902148642813e-02
1.600000000000000000e+01 4.000000000000000000e+00 6.441469312468424413e-02
1.700000000000000000e+01 0.000000000000000000e+00 4.328717733587931354e-02
1.700000000000000000e+01 1.000000000000000000e+00 6.292624711997836517e-02
1.700000000000000000e+01 2.000000000000000000e+00 6.755809520527043810e-02
1.700000000000000000e+01 3.000000000000000000e+00 5.090320321117664665e-02
1.700000000000000000e+01 4.000000000000000000e+00 7.154603620673199993e-02
1.800000000000000000e+01 0.000000000000000000e+00 7.246781640720473261e-02
1.800000000000000000e+01 1.000000000000000000e+00 4.231416392520062630e-02
1.800000000000000000e+01 2.000000000000000000e+00 5.492996153683115529e-02
1.800000000000000000e+01 3.000000000000000000e+00 4.925604284721332021e-02
1.800000000000000000e+01 4.000000000000000000e+00 7.305975641212017480e-02
1.900000000000000000e+01 0.000000000000000000e+00 7.888627906010207969e-02
1.900000000000000000e+01 1.000000000000000000e+00 5.868268105533720053e-02
1.900000000000000000e+01 2.000000000000000000e+00 2.782167248298773182e-02
1.900000000000000000e+01 3.000000000000000000e+00 6.398537524643416186e-02
1.900000000000000000e+01 4.000000000000000000e+00 9.722633308145395281e-02
2.000000000000000000e+01 0.000000000000000000e+00 4.520780165650289950e-02
2.000000000000000000e+01 1.000000000000000000e+00 1.114557455061598729e-01
2.000000000000000000e+01 2.000000000000000000e+00 5.990111304504124740e-02
2.000000000000000000e+01 3.000000000000000000e+00 1.098486183625074913e-01
2.000000000000000000e+01 4.000000000000000000e+00 6.667433004381911887e-02
2.100000000000000000e+01 0.000000000000000000e+00 3.233098861032442095e-02
2.100000000000000000e+01 1.000000000000000000e+00 5.238030593301547244e-02
2.100000000000000000e+01 2.000000000000000000e+00 9.808214935480827346e-02
2.100000000000000000e+01 3.000000000000000000e+00 4.583048329957432887e-02
2.100000000000000000e+01 4.000000000000000000e+00 9.822426920168583764e-02
2.200000000000000000e+01 0.000000000000000000e+00 3.472101714841287212e-02
2.200000000000000000e+01 1.000000000000000000e+00 8.565660220173736128e-02
2.200000000000000000e+01 2.000000000000000000e+00 1.338300124988699435e-01
2.200000000000000000e+01 3.000000000000000000e+00 4.639560190284616054e-02
2.200000000000000000e+01 4.000000000000000000e+00 8.909834305775121699e-02
2.300000000000000000e+01 0.000000000000000000e+00 7.708423032744203540e-02
2.300000000000000000e+01 1.000000000000000000e+00 4.929041696236695358e-02
2.300000000000000000e+01 2.000000000000000000e+00 5.017038688344414854e-02
2.300000000000000000e+01 3.000000000000000000e+00 5.897232932585615151e-02
2.300000000000000000e+01 4.000000000000000000e+00 5.486002606906993651e-02
2.400000000000000000e+01 0.000000000000000000e+00 4.861231983763160402e-02
2.400000000000000000e+01 1.000000000000000000e+00 8.494466140084759587e-02
2.400000000000000000e+01 2.000000000000000000e+00 4.657507017427352930e-02
2.400000000000000000e+01 3.000000000000000000e+00 7.471017658626434577e-02
2.400000000000000000e+01 4.000000000000000000e+00 7.334904439908697393e-02
2.500000000000000000e+01 0.000000000000000000e+00 6.304110554251174392e-02
2.500000000000000000e+01 1.000000000000000000e+00 7.190187186964562549e-02
2.500000000000000000e+01 2.000000000000000000e+00 4.387768515698427935e-02
2.500000000000000000e+01 3.000000000000000000e+00 1.067233264764139988e-01
2.500000000000000000e+01 4.000000000000000000e+00 8.059262112463708161e-02
2.600000000000000000e+01 0.000000000000000000e+00 6.550829013984713067e-02
2.600000000000000000e+01 1.000000000000000000e+00 4.450786643564641487e-02
2.600000000000000000e+01 2.000000000000000000e+00 5.435655459123037159e-02
2.600000000000000000e+01 3.000000000000000000e+00 1.011735630255591045e-01
2.600000000000000000e+01 4.000000000000000000e+00 7.563204665978408292e-02
2.700000000000000000e+01 0.000000000000000000e+00 6.326177452749566499e-02
2.700000000000000000e+01 1.000000000000000000e+00 2.045470102683975833e-02
2.700000000000000000e+01 2.000000000000000000e+00 1.076240113363205048e-01
2.700000000000000000e+01 3.000000000000000000e+00 6.714636038751532754e-02
2.700000000000000000e+01 4.000000000000000000e+00 8.931312489473486327e-02
2.800000000000000000e+01 0.000000000000000000e+00 6.803144359049601020e-02
2.800000000000000000e+01 1.000000000000000000e+00 7.846535060290274477e-02
2.800000000000000000e+01 2.000000000000000000e+00 3.717534197070715418e-02
2.800000000000000000e+01 3.000000000000000000e+00 1.318841780502871264e-01
2.800000000000000000e+01 4.000000000000000000e+00 5.669842666187543262e-02
2.900000000000000000e+01 0.000000000000000000e+00 9.254333157757102524e-02
2.900000000000000000e+01 1.000000000000000000e+00 3.838266755241266648e-02
2.900000000000000000e+01 2.000000000000000000e+00 8.590577049293846024e-02
2.900000000000000000e+01 3.000000000000000000e+00 5.240863133217418118e-02
2.900000000000000000e+01 4.000000000000000000e+00 3.591554086351583103e-02
3.000000000000000000e+01 0.000000000000000000e+00 5.853870883950288567e-02
3.000000000000000000e+01 1.000000000000000000e+00 1.074799213135612386e-01
3.000000000000000000e+01 2.000000000000000000e+00 7.251407492818941203e-02
3.000000000000000000e+01 3.000000000000000000e+00 7.751676404296743705e-02
3.000000000000000000e+01 4.000000000000000000e+00 3.970321486904897224e-02
3.100000000000000000e+01 0.000000000000000000e+00 8.943280508712776744e-02
3.100000000000000000e+01 1.000000000000000000e+00 1.020632746265721508e-01
3.100000000000000000e+01 2.000000000000000000e+00 5.849253076499837806e-02
3.100000000000000000e+01 3.000000000000000000e+00 1.028969496343300205e-01
3.100000000000000000e+01 4.000000000000000000e+00 3.190725848365123796e-02
3.200000000000000000e+01 0.000000000000000000e+00 7.049088094723035547e-02
3.200000000000000000e+01 1.000000000000000000e+00 3.727765192548238016e-02
3.200000000000000000e+01 2.000000000000000000e+00 4.731141663184516150e-02
3.200000000000000000e+01 3.000000000000000000e+00 6.553236509139229171e-02
3.200000000000000000e+01 4.000000000000000000e+00 6.914927151584243648e-02
3.300000000000000000e+01 0.000000000000000000e+00 1.931294789734711026e-02
3.300000000000000000e+01 1.000000000000000000e+00 1.101049332734554964e-01
3.300000000000000000e+01 2.000000000000000000e+00 3.765894466224351672e-02
3.300000000000000000e+01 3.000000000000000000e+00 1.180877593509384177e-01
3.300000000000000000e+01 4.000000000000000000e+00 8.831884183510832487e-02
3.400000000000000000e+01 0.000000000000000000e+00 4.023910595384722066e-02
3.400000000000000000e+01 1.000000000000000000e+00 6.880243537368281592e-02
3.400000000000000000e+01 2.000000000000000000e+00 6.931209038868703376e-02
3.400000000000000000e+01 3.000000000000000000e+00 7.657420231047341874e-02
3.400000000000000000e+01 4.000000000000000000e+00 7.140611914709590891e-02
3.500000000000000000e+01 0.000000000000000000e+00 1.005447079374801878e-01
3.500000000000000000e+01 1.000000000000000000e+00 7.670124908460669577e-02
3.500000000000000000e+01 2.000000000000000000e+00 1.793380459185487871e-02
3.500000000000000000e+01 3.000000000000000000e+00 7.439314602577881685e-02
3.500000000000000000e+01 4.000000000000000000e+00 8.543239157811546858e-02
3.600000000000000000e+01 0.000000000000000000e+00 6.213121021683681161e-02
3.600000000000000000e+01 1.000000000000000000e+00 6.577315138942249617e-02
3.600000000000000000e+01 2.000000000000000000e+00 4.011952360691610486e-02
3.600000000000000000e+01 3.000000000000000000e+00 6.095206562231623992e-02
3.600000000000000000e+01 4.000000000000000000e+00 9.348206645002371529e-02
3.700000000000000000e+01 0.000000000000000000e+00 4.527556615575226151e-02
3.700000000000000000e+01 1.000000000000000000e+00 4.278135004455762419e-02
3.700000000000000000e+01 2.000000000000000000e+00 5.176629146411072802e-02
3.700000000000000000e+01 3.000000000000000000e+00 8.304457634791642673e-02
3.700000000000000000e+01 4.000000000000000000e+00 6.036545568247329158e-02
3.800000000000000000e+01 0.000000000000000000e+00 4.466462957698295877e-02
3.800000000000000000e+01 1.000000000000000000e+00 1.181856423381615062e-01
3.800000000000000000e+01 2.000000000000000000e+00 4.273693263958718014e-02
3.800000000000000000e+01 3.000000000000000000e+00 4.690234230349259875e-02
3.800000000000000000e+01 4.000000000000000000e+00 3.591662571231363926e-02
3.900000000000000000e+01 0.000000000000000000e+00 7.477410603622042240e-02
3.900000000000000000e+01 1.000000000000000000e+00 6.552741262630407126e-02
3.900000000000000000e+01 2.000000000000000000e+00 6.909097153661357404e-02
3.900000000000000000e+01 3.000000000000000000e+00 5.606648510290851428e-02
3.900000000000000000e+01 4.000000000000000000e+00 9.993858399312553764e-02
4.000000000000000000e+01 0.000000000000000000e+00 8.760256528697502043e-02
4.000000000000000000e+01 1.000000000000000000e+00 7.957370986069987884e-02
4.000000000000000000e+01 2.000000000000000000e+00 5.883994150466793915e-02
4.000000000000000000e+01 3.000000000000000000e+00 1.054228457982403777e-01
4.000000000000000000e+01 4.000000000000000000e+00 5.620181818477838764e-02
4.100000000000000000e+01 0.000000000000000000e+00 3.176613792770002082e-02
4.100000000000000000e+01 1.000000000000000000e+00 9.478907647810567993e-02
4.100000000000000000e+01 2.000000000000000000e+00 1.010882768558130779e-01
4.100000000000000000e+01 3.000000000000000000e+00 5.649098162636324860e-02
4.100000000000000000e+01 4.000000000000000000e+00 8.733208599163133634e-02
4.200000000000000000e+01 0.000000000000000000e+00 4.321606663343970783e-02
4.200000000000000000e+01 1.000000000000000000e+00 9.553442058102690204e-02
4.200000000000000000e+01 2.000000000000000000e+00 2.995852649894816325e-02
4.200000000000000000e+01 3.000000000000000000e+00 4.893360257021852483e-02
4.200000000000000000e+01 4.000000000000000000e+00 8.205207320540960914e-02
4.300000000000000000e+01 0.000000000000000000e+00 7.344105668405184750e-02
4.300000000000000000e+01 1.000000000000000000e+00 6.919905785456872960e-02
4.300000000000000000e+01 2.000000000000000000e+00 5.008749564308372093e-02
4.300000000000000000e+01 3.000000000000000000e+00 5.260795758240649489e-02
4.300000000000000000e+01 4.000000000000000000e+00 2.043541720118151328e-02
4.400000000000000000e+01 0.000000000000000000e+00 9.483347023693085298e-02
4.400000000000000000e+01 1.000000000000000000e+00 5.791014270881070236e-02
4.400000000000000000e+01 2.000000000000000000e+00 3.917625822328079516e-02
4.400000000000000000e+01 3.000000000000000000e+00 1.019460240645702204e-01
4.400000000000000000e+01 4.000000000000000000e+00 3.782364645380272006e-02
4.500000000000000000e+01 0.000000000000000000e+00 4.510717068087131965e-02
4.500000000000000000e+01 1.000000000000000000e+00 8.107151318461384981e-02
4.500000000000000000e+01 2.000000000000000000e+00 9.990268633677885923e-02
4.500000000000000000e+01 3.000000000000000000e+00 8.439585569988120040e-02
4.500000000000000000e+01 4.000000000000000000e+00 4.427393496391694716e-02
4.600000000000000000e+01 0.000000000000000000e+00 9.112616232670678329e-02
4.600000000000000000e+01 1.000000000000000000e+00 5.435714920636740277e-02
4.600000000000000000e+01 2.000000000000000000e+00 1.018584978808615288e-01
4.600000000000000000e+01 3.000000000000000000e+00 6.244971617785580187e-02
4.600000000000000000e+01 4.000000000000000000e+00 3.226071597309439209e-02
4.700000000000000000e+01 0.000000000000000000e+00 8.635498494723342633e-02
4.700000000000000000e+01 1.000000000000000000e+00 4.733887504332100898e-02
4.700000000000000000e+01 2.000000000000000000e+00 4.461055910230355553e-02
4.700000000000000000e+01 3.000000000000000000e+00 7.888245384487869993e-02
4.700000000000000000e+01 4.000000000000000000e+00 7.333196965123103817e-02
4.800000000000000000e+01 0.000000000000000000e+00 1.209817144889372836e-01
4.800000000000000000e+01 1.000000000000000000e+00 8.414678232565087068e-02
4.800000000000000000e+01 2.000000000000000000e+00 7.694333518118398607e-02
4.800000000000000000e+01 3.000000000000000000e+00 4.635402337996025190e-02
4.800000000000000000e+01 4.000000000000000000e+00 3.553316225042772725e-02
4.900000000000000000e+01 0.000000000000000000e+00 7.540066658598609806e-02
4.900000000000000000e+01 1.000000000000000000e+00 3.809898136251158030e-02
4.900000000000000000e+01 2.000000000000000000e+00 6.932344744461516051e-02
4.900000000000000000e+01 3.000000000000000000e+00 2.546296881746575730e-02
4.900000000000000000e+01 4.000000000000000000e+00 1.056962538558735287e-01
5.000000000000000000e+01 0.000000000000000000e+00 4.090918228125394601e-02
5.000000000000000000e+01 1.000000000000000000e+00 8.599716826620334986e-02
5.000000000000000000e+01 2.000000000000000000e+00 5.449147635134888451e-02
5.000000000000000000e+01 3.000000000000000000e+00 2.100325473370040844e-02
5.000000000000000000e+01 4.000000000000000000e+00 8.901729793647268629e-02
5.100000000000000000e+01 0.000000000000000000e+00 5.913174858809780443e-02
5.100000000000000000e+01 1.000000000000000000e+00 3.144888545984608069e-02
5.100000000000000000e+01 2.000000000000000000e+00 7.030371321688837216e-02
5.100000000000000000e+01 3.000000000000000000e+00 6.676171999453577033e-02
5.100000000000000000e+01 4.000000000000000000e+00 6.323755585644269539e-02
5.200000000000000000e+01 0.000000000000000000e+00 9.447652749664307847e-02
5.200000000000000000e+01 1.000000000000000000e+00 6.313606432535752433e-02
5.200000000000000000e+01 2.000000000000000000e+00 6.786481029101271156e-02
5.200000000000000000e+01 3.000000000000000000e+00 5.483846228888410168e-02
5.200000000000000000e+01 4.000000000000000000e+00 6.431940218047961511e-02
5.300000000000000000e+01 0.000000000000000000e+00 5.189619278423646120e-02
5.300000000000000000e+01 1.000000000000000000e+00 9.139446639640941283e-02
5.300000000000000000e+01 2.000000000000000000e+00 5.907941551558675009e-02
5.300000000000000000e+01 3.000000000000000000e+00 5.628766104249107588e-02
5.300000000000000000e+01 4.000000000000000000e+00 8.576227453072939044e-02
5.400000000000000000e+01 0.000000000000000000e+00 5.281299974222989496e-02
5.400000000000000000e+01 1.000000000000000000e+00 9.297187616247160058e-02
5.400000000000000000e+01 2.000000000000000000e+00 6.621646619466992068e-02
5.400000000000000000e+01 3.000000000000000000e+00 6.741746218931191081e-02
5.400000000000000000e+01 4.000000000000000000e+00 6.409659293156703963e-02
5.500000000000000000e+01 0.000000000000000000e+00 5.559926001268424012e-02
5.500000000000000000e+01 1.000000000000000000e+00 1.308806262707352674e-01
5.500000000000000000e+01 2.000000000000000000e+00 8.981845312681759064e-02
5.500000000000000000e+01 3.000000000000000000e+00 4.783551109286567071e-02
5.500000000000000000e+01 4.000000000000000000e+00 5.543879090742420690e-02
5.600000000000000000e+01 0.000000000000000000e+00 4.986242727506883660e-02
5.600000000000000000e+01 1.000000000000000000e+00 6.488350192318984022e-02
5.600000000000000000e+01 2.000000000000000000e+00 5.468730450627849043e-02
5.600000000000000000e+01 3.000000000000000000e+00 7.282836612238015317e-02
5.600000000000000000e+01 4.000000000000000000e+00 1.032668536221875710e-01
5.700000000000000000e+01 0.000000000000000000e+00 4.942003649947455945e-02
5.700000000000000000e+01 1.000000000000000000e+00 4.407719426807526347e-02
5.700000000000000000e+01 2.000000000000000000e+00 8.528648410255171286e-02
5.700000000000000000e+01 3.000000000000000000e+00 9.805003035210942131e-02
5.700000000000000000e+01 4.000000000000000000e+00 7.302414102219934033e-02
5.800000000000000000e+01 0.000000000000000000e+00 7.711201446203044818e-02
5.800000000000000000e+01 1.000000000000000000e+00 5.160004155837706608e-02
5.800000000000000000e+01 2.000000000000000000e+00 5.268659825594848578e-02
5.800000000000000000e+01 3.000000000000000000e+00 8.773103455252592719e-02
5.800000000000000000e+01 4.000000000000000000e+00 5.747766156850549202e-02
5.900000000000000000e+01 0.000000000000000000e+00 9.927389599568996192e-02
5.900000000000000000e+01 1.000000000000000000e+00 7.019231373931861251e-02
5.900000000000000000e+01 2.000000000000000000e+00 6.985664197081568882e-02
5.900000000000000000e+01 3.000000000000000000e+00 8.915812313752545515e-02
5.900000000000000000e+01 4.000000000000000000e+00 3.728071355378133334e-02
6.000000000000000000e+01 0.000000000000000000e+00 7.132157996239918418e-02
6.000000000000000000e+01 1.000000000000000000e+00 6.411697564836697782e-02
6.000000000000000000e+01 2.000000000000000000e+00 8.197939684382529735e-02
6.000000000000000000e+01 3.000000000000000000e+00 5.220314785864661744e-02
6.000000000000000000e+01 4.000000000000000000e+00 7.726014876122075381e-02
6.100000000000000000e+01 0.000000000000000000e+00 7.526183310435528850e-02
6.100000000000000000e+01 1.000000000000000000e+00 3.469103142795064432e-02
6.100000000000000000e+01 2.000000000000000000e+00 9.545445428106255625e-02
6.100000000000000000e+01 3.000000000000000000e+00 3.849307453360593934e-02
6.100000000000000000e+01 4.000000000000000000e+00 7.697101647931249568e-02
6.200000000000000000e+01 0.000000000000000000e+00 6.879591878721492970e-02
6.200000000000000000e+01 1.000000000000000000e+00 7.102832311714425695e-02
6.200000000000000000e+01 2.000000000000000000e+00 4.453396045122814950e-02
6.200000000000000000e+01 3.000000000000000000e+00 6.023755711796709156e-02
6.200000000000000000e+01 4.000000000000000000e+00 7.473239367315680226e-02
6.300000000000000000e+01 0.000000000000000000e+00 5.683662133952685491e-02
6.300000000000000000e+01 1.000000000000000000e+00 2.927182305223429565e-02
6.300000000000000000e+01 2.000000000000000000e+00 7.528643199680731812e-02
6.300000000000000000e+01 3.000000000000000000e+00 1.064873506715196400e-01
6.300000000000000000e+01 4.000000000000000000e+00 6.040882215612441986e-02
6.400000000000000000e+01 0.000000000000000000e+00 1.141400765546749657e-01
6.400000000000000000e+01 1.000000000000000000e+00 7.013649833950849621e-02
6.400000000000000000e+01 2.000000000000000000e+00 7.527405750749120716e-02
6.400000000000000000e+01 3.000000000000000000e+00 5.064748697850157688e-02
6.400000000000000000e+01 4.000000000000000000e+00 6.318630593629474823e-02
6.500000000000000000e+01 0.000000000000000000e+00 4.502017806788657234e-02
6.500000000000000000e+01 1.000000000000000000e+00 1.011236121202412075e-01
6.500000000000000000e+01 2.000000000000000000e+00 6.762397929421705423e-02
6.500000000000000000e+01 3.000000000000000000e+00 2.023923069416177709e-02
6.500000000000000000e+01 4.000000000000000000e+00 5.680901832571887133e-02
6.600000000000000000e+01 0.000000000000000000e+00 3.025856658170169092e-02
6.600000000000000000e+01 1.000000000000000000e+00 8.652554357838970756e-02
6.600000000000000000e+01 2.000000000000000000e+00 1.023130021617566499e-01
6.600000000000000000e+01 3.000000000000000000e+00 4.753055796552209389e-02
6.600000000000000000e+01 4.000000000000000000e+00 6.656185946757879612e-02
6.700000000000000000e+01 0.000000000000000000e+00 6.904666486340842180e-02
6.700000000000000000e+01 1.000000000000000000e+00 2.910999186206877573e-02
6.700000000000000000e+01 2.000000000000000000e+00 8.189221763246802566e-02
6.700000000000000000e+01 3.000000000000000000e+00 8.829490455944606631e-02
6.700000000000000000e+01 4.000000000000000000e+00 1.045945608921291375e-01
6.800000000000000000e+01 0.000000000000000000e+00 1.291939783961174870e-01
6.800000000000000000e+01 1.000000000000000000e+00 6.509192692291553006e-02
6.800000000000000000e+01 2.000000000000000000e+00 1.940990331659116913e-02
6.800000000000000000e+01 3.000000000000000000e+00 3.004216168098723314e-02
6.800000000000000000e+01 4.000000000000000000e+00 4.297230234085702705e-02
6.900000000000000000e+01 0.000000000000000000e+00 6.539388205590693226e-02
6.900000000000000000e+01 1.000000000000000000e+00 6.224293670186797911e-02
6.900000000000000000e+01 2.000000000000000000e+00 5.012971194420079435e-02
6.900000000000000000e+01 3.000000000000000000e+00 6.779255582796796242e-02
6.900000000000000000e+01 4.000000000000000000e+00 7.841068532635731003e-02
7.000000000000000000e+01 0.000000000000000000e+00 6.807980245256284313e-02
7.000000000000000000e+01 1.000000000000000000e+00 6.192720329198013463e-02
7.000000000000000000e+01 2.000000000000000000e+00 5.002299722947674970e-02
7.000000000000000000e+01 3.000000000000000000e+00 4.156609919652776153e-02
7.000000000000000000e+01 4.000000000000000000e+00 2.810145194751266159e-02
7.100000000000000000e+01 0.000000000000000000e+00 6.244887771689578565e-02
7.100000000000000000e+01 1.000000000000000000e+00 1.230245852344468011e-01
7.100000000000000000e+01 2.000000000000000000e+00 8.425542837106878014e-02
7.100000000000000000e+01 3.000000000000000000e+00 7.341218215146455561e-02
7.100000000000000000e+01 4.000000000000000000e+00 8.238053605064234175e-02
7.200000000000000000e+01 0.000000000000000000e+00 4.302941802241874725e-02
7.200000000000000000e+01 1.000000000000000000e+00 5.427749109241292863e-02
7.200000000000000000e+01 2.000000000000000000e+00 5.847247531772695878e-02
7.200000000000000000e+01 3.000000000000000000e+00 3.138546989355157218e-02
7.200000000000000000e+01 4.000000000000000000e+00 1.273512539366656593e-01
7.300000000000000000e+01 0.000000000000000000e+00 3.661994959054500759e-02
7.300000000000000000e+01 1.000000000000000000e+00 2.859222102192870291e-02
7.300000000000000000e+01 2.000000000000000000e+00 8.800307326192327584e-02
7.300000000000000000e+01 3.000000000000000000e+00 6.173071888821466541e-02
7.300000000000000000e+01 4.000000000000000000e+00 7.433949026479497180e-02
7.400000000000000000e+01 0.000000000000000000e+00 4.762584357309453120e-02
7.400000000000000000e+01 1.000000000000000000e+00 8.171244744697987727e-02
7.400000000000000000e+01 2.000000000000000000e+00 5.766697580999330386e-02
7.400000000000000000e+01 3.000000000000000000e+00 1.010671675302008132e-01
7.400000000000000000e+01 4.000000000000000000e+00 5.885844880387558486e-02
7.500000000000000000e+01 0.000000000000000000e+00 8.512211938051501836e-02
7.500000000000000000e+01 1.000000000000000000e+00 3.512725261582764352e-02
7.500000000000000000e+01 2.000000000000000000e+00 7.369158798729924520e-02
7.500000000000000000e+01 3.000000000000000000e+00 3.358756736182592212e-02
7.500000000000000000e+01 4.000000000000000000e+00 9.526545060884078486e-02
7.600000000000000000e+01 0.000000000000000000e+00 5.016188513233688778e-02
7.600000000000000000e+01 1.000000000000000000e+00 1.210582174850233506e-01
7.600000000000000000e+01 2.000000000000000000e+00 3.604617785969919247e-02
7.600000000000000000e+01 3.000000000000000000e+00 9.954315005073702260e-02
7.600000000000000000e+01 4.000000000000000000e+00 6.026603810296264629e-02
7.700000000000000000e+01 0.000000000000000000e+00 1.157929675909060846e-01
7.700000000000000000e+01 1.000000000000000000e+00 3.341276372529986688e-02
7.700000000000000000e+01 2.000000000000000000e+00 5.015834840441198150e-02
7.700000000000000000e+01 3.000000000000000000e+00 3.472472896312470136e-02
7.700000000000000000e+01 4.000000000000000000e+00 5.430241673095476812e-02
7.800000000000000000e+01 0.000000000000000000e+00 1.190808545277578095e-01
7.800000000000000000e+01 1.000000000000000000e+00 1.374386402261844331e-01
7.800000000000000000e+01 2.000000000000000000e+00 5.629691038684247334e-02
7.800000000000000000e+01 3.000000000000000000e+00 4.316993016782200848e-02
7.800000000000000000e+01 4.000000000000000000e+00 6.367983085955310207e-02
7.900000000000000000e+01 0.000000000000000000e+00 4.868387900407475377e-02
7.900000000000000000e+01 1.000000000000000000e+00 3.433501399861429992e-02
7.900000000000000000e+01 2.000000000000000000e+00 8.992786049584225450e-02
7.900000000000000000e+01 3.000000000000000000e+00 6.999606530956831163e-02
7.900000000000000000e+01 4.000000000000000000e+00 9.937148516605914805e-02
8.000000000000000000e+01 0.000000000000000000e+00 4.309829650046996530e-02
8.000000000000000000e+01 1.000000000000000000e+00 5.378486420807968016e-02
8.000000000000000000e+01 2.000000000000000000e+00 3.068175076802281964e-02
8.000000000000000000e+01 3.000000000000000000e+00 9.995030202060586899e-02
8.000000000000000000e+01 4.000000000000000000e+00 1.048181516314440620e-01
8.100000000000000000e+01 0.000000000000000000e+00 6.924012553681212212e-02
8.100000000000000000e+01 1.000000000000000000e+00 5.200153305308619078e-02
8.100000000000000000e+01 2.000000000000000000e+00 5.986771617820708241e-02
8.100000000000000000e+01 3.000000000000000000e+00 7.282594165861150382e-02
8.100000000000000000e+01 4.000000000000000000e+00 5.236705944971751375e-02
8.200000000000000000e+01 0.000000000000000000e+00 2.915009709553515599e-02
8.200000000000000000e+01 1.000000000000000000e+00 3.419837926334241829e-02
8.200000000000000000e+01 2.000000000000000000e+00 1.147665778175430834e-01
8.200000000000000000e+01 3.000000000000000000e+00 8.235283281016295143e-02
8.200000000000000000e+01 4.000000000000000000e+00 4.305760202285285887e-02
8.300000000000000000e+01 0.000000000000000000e+00 1.086709048014355833e-01
8.300000000000000000e+01 1.000000000000000000e+00 9.074000416173017003e-02
8.300000000000000000e+01 2.000000000000000000e+00 4.375011492663767598e-02
8.300000000000000000e+01 3.000000000000000000e+00 1.249532035545937031e-01
8.300000000000000000e+01 4.000000000000000000e+00 6.017776489581590921e-02
8.400000000000000000e+01 0.000000000000000000e+00 7.113608597944909295e-02
8.400000000000000000e+01 1.000000000000000000e+00 1.927181395290915311e-02
8.400000000000000000e+01 2.000000000000000000e+00 3.352762519517087092e-02
8.400000000000000000e+01 3.000000000000000000e+00 1.054773068623295479e-01
8.400000000000000000e+01 4.000000000000000000e+00 4.062505740561622031e-02
8.500000000000000000e+01 0.000000000000000000e+00 2.537805201369783270e-02
8.500000000000000000e+01 1.000000000000000000e+00 1.153849786591226306e-01
8.500000000000000000e+01 2.000000000000000000e+00 8.402391551852617102e-02
8.500000000000000000e+01 3.000000000000000000e+00 7.405999292127095346e-02
8.500000000000000000e+01 4.000000000000000000e+00 9.630166170238750600e-02
8.600000000000000000e+01 0.000000000000000000e+00 6.116037962628213115e-02
8.600000000000000000e+01 1.000000000000000000e+00 9.471305449328358550e-02
8.600000000000000000e+01 2.000000000000000000e+00 5.573296546790601491e-02
8.600000000000000000e+01 3.000000000000000000e+00 1.769214635837928346e-02
8.600000000000000000e+01 4.000000000000000000e+00 4.544449486288842932e-02
8.700000000000000000e+01 0.000000000000000000e+00 8.608222698890390101e-02
8.700000000000000000e+01 1.000000000000000000e+00 1.203057697911072248e-02
8.700000000000000000e+01 2.000000000000000000e+00 8.106226798696655744e-02
8.700000000000000000e+01 3.000000000000000000e+00 4.570210904575336408e-02
8.700000000000000000e+01 4.000000000000000000e+00 1.187703220591578984e-01
8.800000000000000000e+01 0.000000000000000000e+00 9.071856904535140209e-02
8.800000000000000000e+01 1.000000000000000000e+00 5.078294833414459530e-02
8.800000000000000000e+01 2.000000000000000000e+00 8.019411035352742856e-02
8.800000000000000000e+01 3.000000000000000000e+00 4.988124727421276716e-02
8.800000000000000000e+01 4.000000000000000000e+00 7.321994192925979084e-02
8.900000000000000000e+01 0.000000000000000000e+00 4.259034641935053461e-02
8.900000000000000000e+01 1.000000000000000000e+00 8.916544893978722852e-02
8.900000000000000000e+01 2.000000000000000000e+00 7.367809836277942892e-02
8.900000000000000000e+01 3.000000000000000000e+00 8.434653945599290825e-02
8.900000000000000000e+01 4.000000000000000000e+00 6.756746040806851927e-02
9.000000000000000000e+01 0.000000000000000000e+00 6.112158188277624915e-02
9.000000000000000000e+01 1.000000000000000000e+00 9.291348996119284942e-02
9.000000000000000000e+01 2.000000000000000000e+00 9.953914224874259309e-02
9.000000000000000000e+01 3.000000000000000000e+00 6.104614723539392163e-02
9.000000000000000000e+01 4.000000000000000000e+00 4.040968859348588460e-02
9.100000000000000000e+01 0.000000000000000000e+00 2.389748627164420616e-02
9.100000000000000000e+01 1.000000000000000000e+00 3.284051701082665170e-02
9.100000000000000000e+01 2.000000000000000000e+00 9.193031002940335594e-02
9.100000000000000000e+01 3.000000000000000000e+00 1.114864831288904928e-01
9.100000000000000000e+01 4.000000000000000000e+00 1.027466259392678938e-01
9.200000000000000000e+01 0.000000000000000000e+00 6.015054401612583007e-02
9.200000000000000000e+01 1.000000000000000000e+00 4.726602951309930023e-02
9.200000000000000000e+01 2.000000000000000000e+00 3.312539266668537707e-02
9.200000000000000000e+01 3.000000000000000000e+00 7.849402093128092506e-02
9.200000000000000000e+01 4.000000000000000000e+00 8.472684260413068658e-02
9.300000000000000000e+01 0.000000000000000000e+00 7.746146507411094673e-02
9.300000000000000000e+01 1.000000000000000000e+00 4.414289633582316186e-02
9.300000000000000000e+01 2.000000000000000000e+00 3.917544202111719609e-02
9.300000000000000000e+01 3.000000000000000000e+00 5.055348961309427680e-02
9.300000000000000000e+01 4.000000000000000000e+00 7.865568016264036511e-02
9.400000000000000000e+01 0.000000000000000000e+00 7.799998596036047949e-02
9.400000000000000000e+01 1.000000000000000000e+00 4.109764901257811215e-02
9.400000000000000000e+01 2.000000000000000000e+00 9.606019337325875929e-02
9.400000000000000000e+01 3.000000000000000000e+00 2.928536802077649423e-02
9.400000000000000000e+01 4.000000000000000000e+00 4.766078035892243325e-02
9.500000000000000000e+01 0.000000000000000000e+00 6.599209922923779392e-02
9.500000000000000000e+01 1.000000000000000000e+00 4.989303578630020775e-02
9.500000000000000000e+01 2.000000000000000000e+00 9.030722672009279528e-02
9.500000000000000000e+01 3.000000000000000000e+00 7.990664667223601469e-02
9.500000000000000000e+01 4.000000000000000000e+00 4.899771388911603603e-02
9.600000000000000000e+01 0.000000000000000000e+00 3.610258584998923131e-02
9.600000000000000000e+01 1.000000000000000000e+00 4.322055544484085243e-02
9.600000000000000000e+01 2.000000000000000000e+00 4.771344838843723235e-02
9.600000000000000000e+01 3.000000000000000000e+00 6.019736363200835910e-02
9.600000000000000000e+01 4.000000000000000000e+00 8.662625235781647171e-02
9.700000000000000000e+01 0.000000000000000000e+00 3.397193033227636355e-02
9.700000000000000000e+01 1.000000000000000000e+00 5.517565125451009272e-02
9.700000000000000000e+01 2.000000000000000000e+00 5.979773769678711770e-02
9.700000000000000000e+01 3.000000000000000000e+00 8.101038521748687993e-02
9.700000000000000000e+01 4.000000000000000000e+00 6.983977399487636961e-02
9.800000000000000000e+01 0.000000000000000000e+00 4.539173631164229727e-02
9.800000000000000000e+01 1.000000000000000000e+00 3.972698977304092022e-02
9.800000000000000000e+01 2.000000000000000000e+00 7.064203745057165418e-02
9.800000000000000000e+01 3.000000000000000000e+00 9.248815790017801686e-02
9.800000000000000000e+01 4.000000000000000000e+00 5.241788398376605318e-02
9.900000000000000000e+01 0.000000000000000000e+00 7.833178661574353996e-02
9.900000000000000000e+01 1.000000000000000000e+00 5.150947349261265212e-02
9.900000000000000000e+01 2.000000000000000000e+00 9.546879026324583961e-02
9.900000000000000000e+01 3.000000000000000000e+00 6.966401345847395010e-02
9.900000000000000000e+01 4.000000000000000000e+00 6.628689045056605778e-02
