3.696353526854981995e-06 1.802633166178072474e-05
7.494298726178347584e-05 7.570497650462349219e-05
-1.753805583368859632e-06 1.578989229903181998e-05
-5.752640806362644410e-01 5.598559653995045515e-01
-4.490940485877696923e-05 -3.339271032281632167e-05
-2.716234217746376078e-01 3.056505563456714536e-01
2.590694851834475232e-01 -1.002499448289818906e-01
-3.239750317670589684e-05 3.429900501034005824e-06
-1.995435905188183701e-01 3.967781069223800805e-01
-2.448360879423468472e-01 2.481907602790963674e-01
1.106130191597933160e-05 7.725854573285403297e-05
-4.196508325395533756e-01 1.381793292773622062e-01
-2.136065738387478152e-01 2.585393378558893396e-01
-7.106860589537161784e-06 -2.661635020325634237e-06
5.564227938170298026e-05 3.877798118887220119e-05
1.037312324591358782e-02 1.333957401093686657e-01
-2.358624617263134771e-01 1.774819643380134981e-01
1.102785740421412143e-05 2.618209310587646765e-05
-1.257741468085580223e-05 5.349710087031832831e-06
-2.477845351481789138e-01 3.711072851785517379e-01
3.350689793339019354e-05 7.002590111783609222e-05
2.631381036361541415e-01 -1.430676502329799316e-01
-2.164889465108645636e-05 -1.168055741403242391e-05
-5.921173923598600508e-01 3.551788506341140295e-01
8.879825786955057845e-06 6.223562479643663682e-05
-1.964041934030843206e-01 2.413369852249986625e-01
-1.568086141360183530e-05 7.767553161753225355e-05
3.265595956290693516e-06 3.619715083871867127e-05
-1.796285560766896884e-05 -9.541210304808987107e-06
1.695202641003331900e-01 -1.598344925824174145e-01
1.256914036714552542e-05 4.455052926952193234e-05
-7.720636269951901124e-06 1.809957380221417561e-05
-6.747934753190084759e-06 1.962739883604562788e-05
-2.430771618563295766e-01 4.581195923177486251e-01
-1.170641836590618073e-01 -3.983025647295670296e-02
-2.573783885955764905e-01 3.199004738623397737e-01
-6.290993500876719546e-02 8.671426914313463963e-02
-1.167590259454154566e-01 3.653433852426714590e-01
-1.993880241041433258e-05 1.247529137615160859e-05
-5.093575013944523603e-06 6.146034359738485590e-06
2.675488208854115801e-05 5.202060302760123554e-05
-5.256524672404882040e-05 -2.602736138713877771e-05
-2.033520042898375180e-01 5.014521719619604578e-01
1.333616138590919109e-05 4.597152295998335969e-05
-3.208673175789863725e-05 -3.709782481445058635e-05
4.722910737508109410e-05 5.490215417972838229e-05
-1.918233787509261157e-01 2.481932161936445391e-01
-7.955433119163685032e-05 -9.636775334407249517e-06
1.178352560500888575e-06 3.045452049128072141e-05
1.210136800297865557e-05 1.763119891787080329e-05
4.407361807304947685e-05 3.354618909960832074e-05
1.291598535649490051e-05 3.926853923654539923e-06
-2.397670904058572250e-01 4.035304910653944588e-01
-3.275901694268533171e-01 2.619355385019206950e-01
-3.859482083452613899e-01 3.083039527825276460e-01
1.232580797098278238e-07 3.868628801601379289e-06
1.027051944893830371e-05 9.081723321081659918e-06
-2.476073918183028522e-01 1.563957077504410653e-01
-6.001067512252183933e-01 6.322252752987315150e-01
4.603901067170701868e-05 5.933096235327695191e-05
5.270564049681941479e-06 -4.497776189614227925e-06
-4.187252579309316824e-01 3.595404784336621029e-01
4.431632955287817836e-05 1.377819836539822361e-05
-2.913325314337255056e-01 5.155389511592229912e-01
-2.169285030768060007e-01 2.068591488478852269e-01
2.650345834840132087e-01 -1.184236514879333929e-01
-1.722983874233040280e-01 2.515419469406431907e-01
2.479088527251296914e-02 3.938334507458392253e-02
-6.922716640357929885e-01 6.336280312279360949e-01
-1.633636477590886106e-05 -1.099489758355944640e-05
-7.878083515034279031e-05 -4.946563341159280417e-05
6.689627585874934090e-05 9.464629171023210253e-05
-2.396006444419709750e-05 2.636458665846696212e-06
-2.348830454494083009e-01 2.820880940817687144e-01
3.547467448454117567e-05 4.347904805470376578e-05
6.794033144484764195e-06 3.570899699478201778e-05
-2.771056905365717278e-05 -3.029117641364215312e-05
4.827225793188537161e-05 7.117296096485252140e-05
-3.334178567511092428e-01 2.627347068429290444e-01
-2.029704679751422325e-01 2.963757090233445912e-01
-4.353392088360031331e-01 4.483236259223105646e-01
-1.470913173036602350e-01 1.892599436134148605e-01
-4.182197267929063910e-05 -9.693525300206135107e-06
4.676880033651876844e-05 4.523506548666512533e-05
1.992641239634316438e-05 2.749601464572665719e-05
1.672968897066903120e-05 -1.992328713510374452e-05
-2.482413569460343861e-01 2.154267883703378239e-01
5.737639652512126470e-05 9.379545433739126901e-05
-5.738514220302177847e-05 -1.468512231204856025e-05
-3.287677226368379557e-01 4.478256233863850966e-01
-5.438329217947063254e-01 4.730150777215194613e-01
2.453732672185235941e-01 -2.936060701009705065e-01
-7.929068718741968946e-02 2.547915027110265185e-01
-4.095965767367234963e-05 -4.652858930308285951e-06
4.731874488045577484e-05 8.479018398908616647e-05
6.212549954884947802e-06 3.807555356832303408e-05
-8.367646826749425282e-01 5.973209928940613755e-01
2.748545892626703957e-02 -6.578599887683199421e-02
1.358966151573475951e-05 2.702813732175164582e-05
6.222997815380704656e-05 5.016227364201167706e-05
-4.735770609963667610e-01 4.424852760779212080e-01
-1.695300868531733340e-01 1.967478323666362605e-01
2.973685823713235754e-01 -1.580361822292130625e-01
6.005785687149652529e-05 1.007120029124136988e-04
-7.064515397666212132e-05 -4.008556515138840174e-05
-3.347951585957096854e-01 3.002225977028714632e-01
-9.481621079901925327e-05 -6.007184504625568268e-05
5.947724116375746161e-05 6.450042267981785920e-05
-2.878350595075621077e-01 2.457267631373950267e-01
7.773579167751294759e-05 7.905685365544026441e-05
-4.173787094047814062e-05 -4.859179991415704398e-05
-2.755889290556601257e-01 4.525091837101757886e-01
-4.455267498282110402e-05 -1.394469521104848435e-05
-1.461447688813744539e-01 2.328450898796708690e-01
7.500516989997378712e-05 1.014797467659407464e-04
-5.649582792656261989e-06 3.252562166678379046e-05
1.416707913692944161e-05 -1.271865965214860648e-06
-2.178454501656338638e-01 2.078309733085613800e-02
-3.738438982381497855e-01 4.495460858340919463e-01
4.424264691157374217e-05 7.329494774970275327e-05
-4.500576778243026155e-01 2.546322141983063392e-01
2.548170416500735572e-05 6.440779287872576409e-05
-1.152688005418779777e-05 1.015672892743539494e-06
4.300417788755463866e-05 4.585555982126181029e-05
-1.084185464203282836e-05 2.635695518290936406e-05
-7.993587056751187757e-05 -7.344827935081555651e-05
-2.330879189291880094e-01 2.587822687255303400e-01
7.038696274346434995e-05 7.965310448665666328e-05
-2.682895293001641979e-01 4.267554051849726249e-01
-9.681340501009845501e-02 1.967933842643421471e-01
2.890219633799478066e-05 3.870424581343737521e-05
-4.250731764222767661e-01 4.418271534371766007e-01
1.087482457752814570e-04 4.550149986336720709e-05
-2.919036689464158396e-01 1.482168832770937028e-01
-5.662791073542423614e-01 3.311879826811762184e-01
-3.875696338768973845e-05 -1.090826598255417897e-04
2.477716239570799565e-05 7.579249396866486323e-05
-5.763441986592225952e-01 6.333669630735978551e-01
1.097025934844406565e-05 8.134782490182709488e-05
1.966248210793935085e-05 1.991602976014145106e-05
1.300511118652295214e-05 2.385192348531552382e-05
3.260429686832752285e-05 4.079048619624611949e-05
-8.939782108034717090e-05 -7.949601667724627679e-06
-2.587052032757787834e-01 3.223642107584657190e-01
3.405893987443200347e-05 3.183155624820007594e-05
-2.541915289061372762e-01 3.687240929880760687e-01
2.417366619721026533e-05 6.720169651018085264e-05
-6.521379738879360399e-01 3.677100171060203593e-01
5.606262394636634117e-01 -2.044612996642276859e-01
-2.225014108247664879e-01 6.907438390547117335e-02
-4.171749976465382172e-06 -1.296076657104817969e-05
-1.454248390360911025e-01 4.094490485081571651e-01
5.446946403192781498e-05 5.368381186367733709e-06
-1.885797345139786918e-01 4.792626050431371687e-01
-1.092462800370205269e-04 -1.239688355618838088e-05
1.402147807686170977e-01 -6.424313299990040693e-02
-3.005109731602326195e-01 4.642646057860458364e-01
-4.020468241437653578e-01 3.547834019122418359e-01
-3.622673375700888146e-06 -3.604725647941252602e-05
-2.317268824508442737e-01 4.527727655518202221e-01
2.645993097953092676e-01 -2.635044412610638709e-01
1.375653121459483086e-05 5.127426322972267750e-05
6.425481240553472951e-05 9.951846270711838015e-05
-5.290266742210358863e-01 2.677768430405615407e-01
-3.297735151566437151e-01 1.820382629422173937e-01
-1.471501035683515091e-01 1.094144104682754359e-01
6.796943371944764436e-06 1.943201035531480066e-05
5.984978568397539468e-05 6.560136850679261023e-05
-2.635373473787032128e-01 8.582177998923187778e-02
-4.679300330061406665e-01 5.466043676760756753e-01
-2.107182663637769127e-01 1.333371498796259436e-01
3.292933778266056883e-05 4.119181903815368384e-05
-1.763256345857812657e-01 5.429472611069198484e-02
3.144756123766789070e-05 3.711230310790451168e-05
-4.604057476755125111e-01 4.960350658716456973e-01
1.147484468098494103e-05 2.056379096750547486e-05
-6.256278597504950117e-06 -2.947201159714875644e-05
-1.680582520815848413e-01 3.660962948438615250e-01
-3.075064581412116360e-01 2.787589380250803939e-01
-2.441042928212586172e-01 4.208166562460119442e-01
-1.201934813881184908e-05 1.079463050998436704e-05
-1.664832914759728499e-01 2.188556177316040019e-01
7.888051048610977787e-06 4.258074963558955374e-05
-1.783929308019548687e-01 3.036004908751657183e-01
-1.307838724472285443e-05 5.838614221797952590e-06
-2.083293097898650525e-01 8.492293826169196314e-02
5.888491941401878256e-05 7.237867132754310679e-05
-2.202345439997832333e-01 2.023473866936560395e-01
-3.985598882314324021e-01 2.641258053085385749e-01
1.927681789302147761e-05 3.114607696451966712e-05
1.917288031002883025e-05 6.732440509487125683e-05
-2.667036493362571109e-05 1.154304289605678427e-05
2.112323630546374398e-01 -7.586127569751099919e-02
1.351758946531249012e-05 2.989470002943719377e-05
-4.946237004289684713e-01 3.551198630629559538e-01
5.042430020641689551e-06 -1.355920011290440345e-05
-3.607276137903022706e-01 2.796815776647927354e-01
-3.549741191458009038e-01 2.888873904769039824e-01
1.733574506275195867e-05 3.273608945667027468e-05
2.714105416560859754e-02 5.939089720342448364e-02
3.807040870709807890e-05 4.480587090193242754e-05
-2.027376152223046130e-05 -2.235706129870446100e-05
-4.555978716885631941e-01 6.018955600030279074e-01
-2.245368894129320947e-01 2.952625368465322531e-01
8.339097993241094528e-06 1.121951042348663834e-05
-5.998975128282035607e-05 -1.697407785957828896e-05
-4.024594135036094755e-01 5.130724887952525792e-01
1.178288242889171360e-05 -3.425655532902269372e-06
8.822277376883354879e-05 6.014924823172170697e-05
-3.423230107341442841e-01 3.655841813279299690e-01
1.007983894077942854e-06 2.576631395349439726e-05
1.022933660260112629e-04 1.115988401240897734e-04
-1.000645441139488801e-04 -5.001072195189449064e-05
9.180135332269725196e-06 1.170884417810173245e-05
-3.948243600961657274e-01 3.475195145662651197e-01
-1.803197009584135702e-01 2.650974286188506612e-01
-3.618681995842696421e-05 -4.607450143303957373e-05
2.333408129897935945e-05 4.627263672735142688e-05
6.078912263605428971e-05 5.807133978882347516e-05
-6.232668214844029331e-01 5.163736748477604221e-01
4.854511191349047521e-05 4.463368227230456186e-05
-4.235778904681125057e-01 2.268316377639064130e-01
2.761864151636217305e-05 4.877467339711654228e-05
1.005619310459866842e-05 4.688200038399721912e-05
-4.967883824438013875e-05 -1.077851640885719525e-05
9.015292654837449293e-03 5.857407096856437345e-02
-2.157966811312247435e-01 1.115743193296990232e-01
-2.931506923549218602e-01 5.415310399115823570e-01
1.359297256440195453e-05 9.078194660187771396e-07
-1.790998919421646698e-02 -2.316598720574419845e-02
2.208931348399074956e-01 -2.354449040247013347e-01
-3.636165727321859498e-01 3.193547652807486870e-01
-6.357366203173884234e-01 6.983372389707592776e-01
1.646779885317843859e-05 3.749637362601287456e-05
2.534793179434734528e-05 2.273116494808089636e-05
2.605539983636797087e-05 2.598119210197044013e-05
-3.649563036936971372e-01 3.435533508419691961e-01
-4.790811500298065018e-01 3.268667674730013628e-01
1.188712314804141968e-05 5.628154517615459893e-05
2.912954022781583663e-01 -1.547712610929499466e-01
-4.742762527368810099e-01 4.226239342306832292e-01
5.472760011155999318e-05 4.842662813875685615e-05
-3.849728119784985303e-01 3.917353826923556381e-01
2.918178212452625653e-01 -3.605013960531693318e-01
-2.110574663002102607e-06 4.525449802165225566e-05
-3.108376405145198973e-01 3.367815232695675620e-01
8.290440223814504522e-06 7.212908596025239822e-05
-3.078184132311577063e-05 -1.453932361453247050e-05
4.965505532417790162e-05 7.315207113154316757e-05
-2.316946563829670370e-05 -3.325712505958951205e-05
-2.286442725900320605e-01 4.652604722425382477e-01
-1.856686110938608600e-06 -7.708925932630159952e-06
-1.560524054999752053e-01 2.988116452327252981e-01
-5.329838566372306088e-05 -9.148090161873622916e-06
2.228797797977382955e-05 3.535422929600319904e-05
-3.506159245730161735e-05 4.903027912837711278e-06
-2.415387497273773776e-01 1.473561934421828701e-01
4.785640097322108131e-05 3.723609448101332527e-05
-1.823818979880870161e-01 2.852199697174597204e-01
5.391043648831185460e-06 4.249254678850468431e-05
-5.632682891571101358e-01 5.245256923878619526e-01
-1.418471456770590833e-01 1.797444344872349276e-01
-2.933733359710448685e-01 3.912769662185193731e-01
2.137188462117025345e-01 -4.185003576887460497e-01
7.248829267762244108e-05 8.804623262428748519e-05
2.151798394940764283e-05 6.562699806644846910e-05
-2.643358914108638325e-01 1.463401918104939581e-01
1.094404081802258719e-05 3.918063949764282957e-05
-2.531810065525909592e-01 1.979993403582128719e-01
1.174559351309245143e-05 -2.441870734210763612e-06
2.422861580691896589e-05 2.026244665262110512e-05
-3.103671050083236832e-05 -1.186712790869693984e-05
1.418058966946631104e-05 4.557151074160285424e-05
-6.121331813629944385e-01 5.511341674508614119e-01
3.195712005152485230e-05 3.785705187124890745e-05
5.489153160830183325e-05 7.634957478762276835e-05
-5.202547607204073277e-01 3.675685994025425507e-01
-3.896634799564456797e-01 6.445954750194420324e-01
2.952540836659853229e-01 -4.562564191853555329e-01
-6.272146669469723225e-06 1.231694121334751059e-05
-3.209840415632091437e-01 5.075242793201381053e-01
1.144021458791472596e-05 5.578899195506693040e-05
-1.024341676974697400e-05 -8.863256914258999488e-06
-2.355283142552108688e-01 3.526839965702897040e-01
-5.645371147416536742e-06 -3.531473436026805814e-05
-7.193082440482291540e-05 -6.581734311823657031e-06
2.832827932449915256e-05 3.293266077076650850e-05
2.216672605500348003e-01 -2.498752968896562898e-02
-4.119181650363595293e-01 4.362446065478192136e-01
5.899212639965351584e-06 3.250144593706685408e-05
-5.336720122969321653e-06 9.266979801186499987e-06
1.164464144648442838e-05 1.054885058778243179e-05
-1.169180283297665685e-01 3.529036529256946442e-01
-5.271645939122947879e-05 6.094790086533462519e-06
-1.011361765437150256e-01 2.493455521278117315e-01
-3.098914188329877084e-01 2.630868636356562540e-01
8.180730392347048685e-01 -3.978997207991211149e-01
-2.392573600783943766e-01 3.366225444389625010e-01
-4.718406332546075110e-01 3.753871896023503463e-01
-4.114247976722742450e-01 3.989052539620759341e-01
1.529281404075323044e-05 2.261736140194359611e-05
3.099564818766150791e-05 5.498686391444540517e-05
-2.375931104768396473e-01 3.696964207740317532e-01
8.702711525147669930e-06 8.734505419385659439e-06
-4.426953775583521988e-01 1.952505317458278766e-01
-2.073367648300216970e-01 5.676470137572663388e-01
-9.415549842877094888e-05 -4.230075888769003242e-05
5.000967441711223928e-05 1.305945859799568862e-05
-4.045300820331941934e-05 -2.759108388209714427e-05
3.299024807444986534e-05 6.814472935846911813e-05
-1.463031615990310341e-01 2.149305082274161893e-01
-4.034545536082611017e-01 5.311295140678728988e-01
-6.493272416908424415e-05 -1.498005617815634874e-05
5.357020502448131674e-05 4.645980397846783587e-05
7.744936424757467575e-02 -1.191139495456629456e-02
-7.904823722960093271e-05 -3.882447833847702933e-05
-2.636781649756114684e-06 1.025940626006920156e-05
4.671202926411611511e-06 1.558308843189810903e-05
2.999718007599119494e-05 6.562270386041290933e-05
-1.234313156967756231e-01 3.975273667938797328e-01
-3.489678655842408106e-01 2.034282122000622139e-01
-1.949629042517623569e-05 5.679882561699870484e-05
4.364551662443167692e-05 5.030922860664467763e-05
1.955296901079422452e-05 5.384688286871286413e-06
-1.509593525846155693e-01 1.075495148987010013e-01
2.789346972493562975e-05 2.506261610128785762e-05
-1.958383253647641986e-01 2.117187925951367067e-01
-3.253029558818922862e-01 5.569310747687608032e-01
-4.744634426585799442e-05 -2.871009948116115724e-05
-5.165618908695253884e-03 1.095967393123666034e-01
-5.380079475002156331e-01 3.817100933222440373e-01
-1.292327585403588442e-06 -4.689418723232997369e-06
9.549204029843594765e-05 1.307011864049863030e-04
3.410307161720164126e-01 -1.307547517982183549e-01
-9.548738380233102411e-05 -2.281080617562733997e-05
-3.303563145433255355e-01 3.739644996640386077e-01
-5.806943367228275930e-05 -1.339070731743806483e-05
-2.019046947594364538e-01 3.192077883065394528e-01
5.176421047779765393e-05 7.072907483987573131e-05
1.472050666993071633e-01 -1.827133671183263364e-01
3.757549256582290572e-05 5.676777615788130676e-05
3.472073264318858873e-05 4.880614996639147103e-05
1.580302311881532802e-05 5.746339196155586559e-05
-1.919480926432094348e-05 -2.860437848970400581e-06
-8.807005594899228098e-05 -3.072988694555507666e-05
3.700702297041010626e-05 6.719875126366174297e-05
-7.566053521469628951e-01 4.435764503538218717e-01
8.284798564997072792e-05 5.753096750566003307e-05
-1.168565616357219796e-05 -3.939931574384132384e-05
-3.377798859870148607e-01 3.686428137130993710e-01
1.945687125423559472e-05 6.059150058228933777e-06
-7.289158856356683369e-01 7.906730494364722084e-01
3.651114245120571939e-07 3.370213454264462569e-06
-8.807739124902655425e-02 1.467196822384609356e-01
1.819339608270212523e-05 1.692801819873036232e-05
-2.665333534174794833e-05 -3.875275433270279185e-05
5.379640574092303521e-05 5.450342059602729519e-05
-3.487660752175609780e-01 4.819913042130680170e-01
-5.210212933703998184e-01 5.343587678077844627e-01
6.782328995320224715e-06 9.869326113435305757e-07
3.297476199582542185e-06 4.667845944661843489e-05
-4.828658376371829375e-01 3.440570295812538371e-01
2.039496227721599442e-01 -2.226245349251719519e-01
-2.475071434910285639e-01 3.368774894372269513e-01
3.118737798688342927e-05 4.483745152872228710e-05
1.172851349102066870e-01 5.974664313162637852e-02
9.238206204219572934e-06 8.763842933611405456e-05
-3.603909153251524389e-01 1.522505003915433086e-01
-2.099428475156704110e-01 3.643129364730588460e-01
1.014526959311187054e-01 -2.166775248903152484e-01
-2.821621828752042260e-01 4.002788770702434551e-01
-4.208907582796579394e-01 5.989743649596404040e-01
-3.480013326808165108e-01 5.099146762188980775e-01
-1.745836504294630821e-05 -3.682106139593342053e-05
3.809178383900673204e-01 -3.833649358887115111e-01
-3.609165122203771144e-05 3.381686274305989943e-06
-3.770710791964327729e-05 -1.676767983526150131e-05
-4.886666695500245239e-01 3.653150289910170878e-01
8.418179313345404066e-05 1.111308797895638889e-04
2.395980645437196651e-05 1.161543886845115914e-05
-2.485243493391062763e-01 1.132646321032637349e-01
-1.747376412544452140e-01 2.863640250020463296e-01
-2.373373826767741501e-01 3.505036034965792191e-01
-2.723024059421713106e-01 4.769287425508043632e-01
2.929715741835094978e-01 -2.877535599977683600e-01
-1.433046537622051364e-01 2.924484086212885692e-01
5.407404855210639082e-05 6.215080463169928840e-05
-3.001676522391525381e-01 3.379053076415031720e-01
-6.713630988664272953e-05 -4.430094643991491679e-05
-4.606855937179042682e-02 1.416704215158763047e-01
3.450930623689903002e-05 3.080865616583522914e-05
-2.305161424686063276e-01 3.833819431824481705e-01
-5.206197254227836746e-01 7.543796201094867815e-01
-3.514785556492640116e-05 -2.263060282535128424e-05
-3.913974304141401552e-07 -2.965916322316004670e-05
-3.630537703091856194e-01 6.472953036236863689e-01
4.153472720858863729e-06 -2.943391229017317065e-06
-5.172056609658425431e-05 -2.639042204879696581e-05
1.445775486337245494e-05 3.452670640461470204e-05
3.979477788346090118e-06 2.760150087300336020e-05
4.379280041355657627e-01 -2.386923779254676581e-01
-4.597939570745500637e-01 2.721570845819519247e-01
2.908066270956430121e-05 4.377596652287989881e-05
2.259524373247031242e-05 9.444843018397424555e-05
-7.093207091566371321e-05 -1.885148407276517873e-05
-5.164676201356284135e-01 2.963481188028216362e-01
-2.973073738347421502e-01 4.926898346594374978e-01
-1.108385847378139839e-05 1.694435654860091170e-05
7.217392400637812685e-05 6.001685682226139172e-05
-9.627192190272314064e-06 -1.966280132742897165e-05
-3.689587455441499797e-01 2.816115262153664478e-01
-4.690330826644444895e-01 2.411868131799983772e-01
3.981047840062068609e-05 9.045576329292584082e-05
4.379305858332754320e-01 -4.561344421523257919e-01
1.482250249757317875e-05 7.576398088141379804e-05
-1.681123698345649842e-01 3.097123421166253499e-01
2.183493465285806371e-05 6.565888711373398044e-05
-1.065789447316747076e-04 -6.252654281665931478e-05
2.026331896743008385e-05 1.441843502672502938e-05
3.712911564375107520e-05 5.693875522726289163e-05
-4.932834905945450710e-01 6.733217748301146832e-01
-1.730974535674403292e-01 1.560313642792326705e-01
4.304652032734606378e-05 2.369383316833202006e-05
-4.758795527337055550e-05 -6.873820488372180961e-05
4.337281108958509384e-05 6.135940048242489856e-05
1.961030857984400309e-05 1.416897072410319179e-05
1.591201803547548677e-05 3.895287684513123501e-05
-1.778647959400872225e-01 3.274559962756372067e-01
-3.421358391506987284e-01 2.608867453893826682e-01
-1.456871072659997046e-01 1.225464036037552940e-01
-6.055236232221483661e-01 4.138522748274736096e-01
2.727477645658163419e-01 -2.438423137820853182e-01
-1.616107176347497329e-02 -3.113768037732340607e-02
7.035050972257294959e-05 1.275147309751207235e-04
-2.939327126498271769e-01 3.732649379528788502e-01
-1.320250586852036359e-05 1.547495232154747828e-05
-2.827326112007608769e-05 -1.617463976617688562e-05
-3.701618322101221659e-01 2.791924595215947713e-01
2.845611790554898176e-05 6.683317925879604139e-05
2.898782468788254732e-05 4.031510735803473709e-05
-2.868132633865842813e-06 -9.128856596379075679e-06
2.242249724766510457e-05 8.578164517360343632e-05
-2.234716951123024431e-01 1.665421915076376602e-01
-1.978611652817799634e-05 -1.949435358120247405e-05
1.316332764478315538e-05 6.195759127002265160e-05
-4.003925422503687437e-01 4.436485319555233953e-01
-2.534000172761565195e-01 3.381872615082279765e-01
2.461917006916603144e-05 4.683066572352143840e-05
4.151837744327210311e-01 -1.015198740701222097e-01
-8.437961600310979482e-05 -3.987381441722117833e-05
7.177693493071327709e-05 7.041300018324376533e-05
-3.796728723691662912e-05 -3.443521327063940092e-05
-1.879184639711093747e-05 -4.512968792329047852e-06
-3.636702564948834371e-01 5.255266738406757510e-01
-1.976260557747290750e-05 3.392918278546440365e-05
-3.660072105572987899e-01 2.660401625300121142e-01
-3.928581745172665083e-05 -3.927815292761561116e-05
-3.562516237878702863e-01 6.048976004174901888e-01
5.385234006092010930e-05 7.635607406426855154e-05
3.098163788188906744e-06 -2.250200150575850248e-06
-2.571394420106471457e-01 5.658435707178927077e-01
4.108862556423960033e-01 -2.308868468581624922e-01
-2.677541011276091676e-01 2.758409305942527978e-01
-6.014921180765927134e-05 -2.623636157692873480e-05
-2.844437861217751773e-01 3.090211640620985079e-01
5.421776648769078801e-05 1.021805009734664198e-04
3.217496626967077575e-07 7.382722732706029424e-06
-1.530951577261547252e-05 3.798318224840914567e-05
-5.859455873216061050e-05 -5.820094015562946624e-05
-1.852404759840266257e-01 2.675147110145760787e-01
3.854668544203608370e-05 4.620241848578698766e-05
4.560685339058198623e-05 3.312960807027478367e-05
-4.972036253434501396e-01 5.013422216197986891e-01
-1.945825959754457059e-05 -4.024874676559832275e-06
-3.422734948943573774e-01 2.286024958187381773e-01
-2.310056533772618936e-01 3.550454584527477087e-01
-1.876274187184655173e-05 3.171182584559677095e-05
7.877283490530312068e-05 1.211298390481729663e-04
-3.650558324439639335e-05 -7.217796368819997468e-06
-2.832572534634262478e-05 -6.067239027266806232e-05
-6.218161884698498731e-01 2.097658440961025772e-01
7.399112301983351533e-06 -1.772326088420534131e-05
2.052997475270737569e-05 6.666715633163183428e-05
-2.256172794760393230e-01 5.290059197443616190e-01
4.496621594248691720e-05 2.089643347937473114e-05
4.994466276369488578e-05 6.727526740938465641e-05
-2.140592350231258212e-01 3.608527166824294641e-01
4.962619622149278502e-06 6.720930018042680699e-05
-8.372182232117271705e-06 3.768716566024145704e-06
-7.013164163564296989e-05 -6.270541574050238470e-05
-3.372018567427205492e-05 6.941762326364722326e-06
-3.665250432934676894e-01 4.318794293058066947e-01
1.328185232311778277e-04 5.286596844639315725e-05
-4.459107344054901723e-01 4.139626424174037700e-01
-3.269325972718465367e-01 1.485277644401638841e-01
-3.037391029294740363e-01 2.883403064968717566e-02
-2.149325938438084449e-01 3.415614612775696446e-01
2.497680560624255942e-05 5.659321200053561452e-05
-1.251188987856780566e-01 1.721873948918738739e-01
4.949304278697928388e-05 3.331491707541990338e-05
