0.0 0.0 0.055395596205287410
0.0 1.0 0.060596406942584884
0.0 2.0 0.083705600387754153
0.0 3.0 0.113197737529121253
0.0 4.0 0.058870279769116254
1.0 0.0 0.039604052045378320
1.0 1.0 0.096520650645485304
1.0 2.0 0.077391054070376539
1.0 3.0 0.038001954480062959
1.0 4.0 0.051803305220107954
2.0 0.0 0.062135952730033639
2.0 1.0 0.106996297530823070
2.0 2.0 0.058143908398657199
2.0 3.0 0.057221682309984825
2.0 4.0 0.050369145460081359
3.0 0.0 0.015515289111927934
3.0 1.0 0.042523651363485057
3.0 2.0 0.073825628199382015
3.0 3.0 0.125124479893880813
3.0 4.0 0.054880503971081844
4.0 0.0 0.075952556446403294
4.0 1.0 0.069803586347501612
4.0 2.0 0.022730437466769816
4.0 3.0 0.078462019061364380
4.0 4.0 0.106280694239796761
5.0 0.0 0.036719471776441942
5.0 1.0 0.053109297476235134
5.0 2.0 0.065480851426494388
5.0 3.0 0.121470366061861873
5.0 4.0 0.078266980908115485
6.0 0.0 0.048959353690507079
6.0 1.0 0.074005859790584300
6.0 2.0 0.041700513078330399
6.0 3.0 0.053967868367114952
6.0 4.0 0.083686197255419370
7.0 0.0 0.079402363707112442
7.0 1.0 0.065927233868397328
7.0 2.0 0.097799647155847380
7.0 3.0 0.068419219118866142
7.0 4.0 0.027064787681458397
8.0 0.0 0.037389741313352085
8.0 1.0 0.078482484419976462
8.0 2.0 0.076322195811558080
8.0 3.0 0.061230987533221565
8.0 4.0 0.057610403882770354
9.0 0.0 0.093887771795450103
9.0 1.0 0.055399337478887707
9.0 2.0 0.052171569833646722
9.0 3.0 0.057620889936652958
9.0 4.0 0.056752319497369308
10.0 0.0 0.077297696936816762
10.0 1.0 0.052612820219240353
10.0 2.0 0.098862708402779734
10.0 3.0 0.017937733853383098
10.0 4.0 0.074122782760604633
11.0 0.0 0.111042676382059710
11.0 1.0 0.035157862724048451
11.0 2.0 0.068886279379693161
11.0 3.0 0.085622707780090915
11.0 4.0 0.087961123212884129
12.0 0.0 0.061811896036788785
12.0 1.0 0.059986480356767333
12.0 2.0 0.071856160907512540
12.0 3.0 0.062800940890757370
12.0 4.0 0.070506320270549344
13.0 0.0 0.049481428993630984
13.0 1.0 0.072945397002982415
13.0 2.0 0.054596677568652219
13.0 3.0 0.054193917707346766
13.0 4.0 0.047849314070827653
14.0 0.0 0.070694675047145369
14.0 1.0 0.042746541955125950
14.0 2.0 0.085086280326434297
14.0 3.0 0.092752042589824307
14.0 4.0 0.037873220228338965
15.0 0.0 0.038738868167721707
15.0 1.0 0.083456750610005320
15.0 2.0 0.102229998006817646
15.0 3.0 0.052700011911423317
15.0 4.0 0.043904761417704725
16.0 0.0 0.066637447823371568
16.0 1.0 0.057650701634842552
16.0 2.0 0.097514189130034901
16.0 3.0 0.051526718712237574
16.0 4.0 0.028597936730797545
17.0 0.0 0.057648226339047606
17.0 1.0 0.089470354359978202
17.0 2.0 0.113416486800933081
17.0 3.0 0.038835742973312215
17.0 4.0 0.064248863041044935
18.0 0.0 0.065005428907425500
18.0 1.0 0.033060486683638347
18.0 2.0 0.080568541488366868
18.0 3.0 0.046136319145331200
18.0 4.0 0.092163633985091253
19.0 0.0 0.101430888624735538
19.0 1.0 0.059313728635990201
19.0 2.0 0.071007472720793621
19.0 3.0 0.064451147614265958
19.0 4.0 0.092599998556418608
20.0 0.0 0.066478987455064947
20.0 1.0 0.075396976359619436
20.0 2.0 0.056611010041232784
20.0 3.0 0.026811729069503236
20.0 4.0 0.063251347072660946
21.0 0.0 0.027485368216444293
21.0 1.0 0.075489564779770923
21.0 2.0 0.055594374984933401
21.0 3.0 0.086916229154231861
21.0 4.0 0.109393055686263313
22.0 0.0 0.091064513950649184
22.0 1.0 0.073965162262272177
22.0 2.0 0.075068074634424317
22.0 3.0 0.055634586359059497
22.0 4.0 0.067019479497309312
23.0 0.0 0.044912959581432203
23.0 1.0 0.017419557181117339
23.0 2.0 0.122579992742530369
23.0 3.0 0.070114987744311130
23.0 4.0 0.085165042995830414
24.0 0.0 0.094224747519731811
24.0 1.0 0.037076539140255632
24.0 2.0 0.100735727662677160
24.0 3.0 0.060910909898630003
24.0 4.0 0.007018554987030565
25.0 0.0 0.074655130234664482
25.0 1.0 0.054493322048009413
25.0 2.0 0.052900721593271888
25.0 3.0 0.068489165946199318
25.0 4.0 0.061077130937549698
26.0 0.0 0.077425419425691644
26.0 1.0 0.061396422767885157
26.0 2.0 0.012212396260129071
26.0 3.0 0.066258330603099130
26.0 4.0 0.097887416859877147
27.0 0.0 0.080726418956503371
27.0 1.0 0.071541196765281145
27.0 2.0 0.035830497171564751
27.0 3.0 0.087568866097353759
27.0 4.0 0.100454603415229063
28.0 0.0 0.105563352116265385
28.0 1.0 0.072763124682473507
28.0 2.0 0.081475561973064492
28.0 3.0 0.049040775418810523
28.0 4.0 0.055461113965786166
29.0 0.0 0.042685782707461754
29.0 1.0 0.066907501793878638
29.0 2.0 0.102628004450762519
29.0 3.0 0.089904104350842701
29.0 4.0 0.005989521566195664
30.0 0.0 0.062727228359493098
30.0 1.0 0.078701103567962394
30.0 2.0 0.039853372925290037
30.0 3.0 0.063997108441054995
30.0 4.0 0.080282350499162339
31.0 0.0 0.072323999721369922
31.0 1.0 0.069634853379017952
31.0 2.0 0.073953266317678706
31.0 3.0 0.049186855944266680
31.0 4.0 0.057978640465189593
32.0 0.0 0.035320602631551262
32.0 1.0 0.100704557725347699
32.0 2.0 0.062165010093535429
32.0 3.0 0.056366605995158421
32.0 4.0 0.058293494963299095
33.0 0.0 0.055003905149854260
33.0 1.0 0.072274744464674787
33.0 2.0 0.102127653451494937
33.0 3.0 0.048314325487047033
33.0 4.0 0.042444786342732264
34.0 0.0 0.044940326409645195
34.0 1.0 0.034397965317631958
34.0 2.0 0.057732249729036289
34.0 3.0 0.140318177329662008
34.0 4.0 0.076042556852388365
35.0 0.0 0.062039881717996112
35.0 1.0 0.028076732721273055
35.0 2.0 0.085061247841091633
35.0 3.0 0.039880157746296774
35.0 4.0 0.093204066425503579
36.0 0.0 0.117493052362338465
36.0 1.0 0.090203798198917939
36.0 2.0 0.047712796177423689
36.0 3.0 0.030329712662132358
36.0 4.0 0.051782500024118348
37.0 0.0 0.080222950024403869
37.0 1.0 0.062371870536387194
37.0 2.0 0.077456200676480583
37.0 3.0 0.067403836488490687
37.0 4.0 0.037304717291534409
38.0 0.0 0.016128158781730420
38.0 1.0 0.055344428158847089
38.0 2.0 0.056413567390909247
38.0 3.0 0.102197312180725211
38.0 4.0 0.084762702416762592
39.0 0.0 0.073383941047046097
39.0 1.0 0.084545324199878369
39.0 2.0 0.047184333864948504
39.0 3.0 0.090847283784421778
39.0 4.0 0.014748765658619344
40.0 0.0 0.051069557154816453
40.0 1.0 0.071727875426195062
40.0 2.0 0.103537994129772049
40.0 3.0 0.081345147004589613
40.0 4.0 0.026106368438882657
41.0 0.0 0.067608221634301996
41.0 1.0 0.095081791366067939
41.0 2.0 0.044541759671680017
41.0 3.0 0.061508988186097492
41.0 4.0 0.067459997891754900
42.0 0.0 0.048146546244942960
42.0 1.0 0.079708445965686187
42.0 2.0 0.029955888250834228
42.0 3.0 0.096907901130139001
42.0 4.0 0.055179882668474137
43.0 0.0 0.059783650407075124
43.0 1.0 0.129871306678837395
43.0 2.0 0.048892519454460479
43.0 3.0 0.041790279142919273
43.0 4.0 0.107005039876039515
44.0 0.0 0.041655354589946944
44.0 1.0 0.070027826365392787
44.0 2.0 0.071907226624595255
44.0 3.0 0.074668456990119231
44.0 4.0 0.073328112473862575
45.0 0.0 0.034597331037634932
45.0 1.0 0.068609233843601652
45.0 2.0 0.066201014077351253
45.0 3.0 0.041975907965428133
45.0 4.0 0.103140957670222189
46.0 0.0 0.089848448983053678
46.0 1.0 0.015633919470223648
46.0 2.0 0.036352582704545007
46.0 3.0 0.078486867361059851
46.0 4.0 0.089387390504197042
47.0 0.0 0.119303298032658101
47.0 1.0 0.036171386482342888
47.0 2.0 0.049695473734280071
47.0 3.0 0.057351501633819510
47.0 4.0 0.051148042005983371
48.0 0.0 0.089566807489298808
48.0 1.0 0.063916393971717056
48.0 2.0 0.089090951844526561
48.0 3.0 0.049151158265623204
48.0 4.0 0.052716935752068469
49.0 0.0 0.074663766191598466
49.0 1.0 0.062583227472940192
49.0 2.0 0.058272922256933313
49.0 3.0 0.107153054101534570
49.0 4.0 0.044290739416079007
50.0 0.0 0.054241228287391273
50.0 1.0 0.117925425261771757
50.0 2.0 0.061539094560931512
50.0 3.0 0.071579014838193705
50.0 4.0 0.061458106611414563
51.0 0.0 0.066514515574347094
51.0 1.0 0.101886385417708919
51.0 2.0 0.050888354562078478
51.0 3.0 0.068326995432581639
51.0 4.0 0.051323957886746041
52.0 0.0 0.091993504770845919
52.0 1.0 0.052239097746875851
52.0 2.0 0.070479484649202298
52.0 3.0 0.035694285186618449
52.0 4.0 0.082220587013804164
53.0 0.0 0.071025496284136375
53.0 1.0 0.059332701434100410
53.0 2.0 0.075368679294855925
53.0 3.0 0.024661246519257413
53.0 4.0 0.092459495235801589
54.0 0.0 0.028618562684817387
54.0 1.0 0.076364671139548174
54.0 2.0 0.078006674604715082
54.0 3.0 0.045101310115950075
54.0 4.0 0.086725454402830138
55.0 0.0 0.036948039781368652
55.0 1.0 0.072104937000557562
55.0 2.0 0.065730448217015180
55.0 3.0 0.089894158408230548
55.0 4.0 0.081763795673028633
56.0 0.0 0.049445690005875162
56.0 1.0 0.017258052090200066
56.0 2.0 0.102485916236431884
56.0 3.0 0.045310232129578812
56.0 4.0 0.109731133171040454
57.0 0.0 0.009243437046310032
57.0 1.0 0.076169437162652301
57.0 2.0 0.028281766571875411
57.0 3.0 0.105547087051102259
57.0 4.0 0.078218575675666341
58.0 0.0 0.074810000307596408
58.0 1.0 0.079201752644746146
58.0 2.0 0.064596917098311335
58.0 3.0 0.063433178220539010
58.0 4.0 0.070163920071633315
59.0 0.0 0.072647158023545932
59.0 1.0 0.051291031831944695
59.0 2.0 0.021294758045892766
59.0 3.0 0.061232077491380550
59.0 4.0 0.112460751474373788
60.0 0.0 0.060664479844145289
60.0 1.0 0.097767366838250089
60.0 2.0 0.094233341644703872
60.0 3.0 0.029725330407979297
60.0 4.0 0.024519219331526156
61.0 0.0 0.028418334659551403
61.0 1.0 0.102130144577963183
61.0 2.0 0.071083246781980733
61.0 3.0 0.025976392688269196
61.0 4.0 0.086589047814193437
62.0 0.0 0.067051926695309697
62.0 1.0 0.026088950804538089
62.0 2.0 0.087182606256271195
62.0 3.0 0.115380290975656163
62.0 4.0 0.067353414939531425
63.0 0.0 0.064715924413630027
63.0 1.0 0.077328560012772926
63.0 2.0 0.054256179789915086
63.0 3.0 0.052746420741811108
63.0 4.0 0.046009007372230612
64.0 0.0 0.114762528360607463
64.0 1.0 0.048894645426453096
64.0 2.0 0.028658214480991193
64.0 3.0 0.023357345340066941
64.0 4.0 0.103673602095982420
65.0 0.0 0.060502604624535584
65.0 1.0 0.043913664376505152
65.0 2.0 0.100918579571770750
65.0 3.0 0.072788400615440091
65.0 4.0 0.036983265476477435
66.0 0.0 0.045771081784851175
66.0 1.0 0.015290372100663210
66.0 2.0 0.075618315640775854
66.0 3.0 0.069015917252189973
66.0 4.0 0.089149350424645807
67.0 0.0 0.067543278615358457
67.0 1.0 0.033369942369812819
67.0 2.0 0.044113855863236004
67.0 3.0 0.114845762446148567
67.0 4.0 0.037100880279156888
68.0 0.0 0.075892613068000381
68.0 1.0 0.041440565992288791
68.0 2.0 0.010660402790296813
68.0 3.0 0.090157458009387653
68.0 4.0 0.094092132644748222
69.0 0.0 0.078822374204282092
69.0 1.0 0.076370232050586295
69.0 2.0 0.008578597746286755
69.0 3.0 0.052270940193646295
69.0 4.0 0.092863756078800680
70.0 0.0 0.071597487404380919
70.0 1.0 0.051795705641607709
70.0 2.0 0.117053764101401475
70.0 3.0 0.055261662120416215
70.0 4.0 0.066591067769459181
71.0 0.0 0.064711634587718142
71.0 1.0 0.105891499825232757
71.0 2.0 0.059190997139977775
71.0 3.0 0.069096218880241214
71.0 4.0 0.026467920048001605
72.0 0.0 0.091584724226824343
72.0 1.0 0.076453916265003127
72.0 2.0 0.021631900716637925
72.0 3.0 0.070592540265757842
72.0 4.0 0.044151357148271397
73.0 0.0 0.050328149194378516
73.0 1.0 0.123593511146838808
73.0 2.0 0.052316304670363176
73.0 3.0 0.029708856842822064
73.0 4.0 0.046041872119971516
74.0 0.0 0.022371438505811615
74.0 1.0 0.089731226168522346
74.0 2.0 0.044553388742210008
74.0 3.0 0.103467678771471672
74.0 4.0 0.088688681245068998
75.0 0.0 0.073687745405213695
75.0 1.0 0.074363931011072110
75.0 2.0 0.081347843360351196
75.0 3.0 0.045973686113861462
75.0 4.0 0.112834928607140270
76.0 0.0 0.087596611674462255
76.0 1.0 0.059270596079382065
76.0 2.0 0.037843821087175815
76.0 3.0 0.037924198287850500
76.0 4.0 0.102434362878189578
77.0 0.0 0.086647269053254622
77.0 1.0 0.051521265014870615
77.0 2.0 0.097423215335161364
77.0 3.0 0.045876442562765303
77.0 4.0 0.080857728315171171
78.0 0.0 0.071418861613746526
78.0 1.0 0.081107043489104094
78.0 2.0 0.050160358855876760
78.0 3.0 0.090720038633654687
78.0 4.0 0.069645976903993767
79.0 0.0 0.080869286386091893
79.0 1.0 0.021412498235198665
79.0 2.0 0.014451712009263432
79.0 3.0 0.098144710086615100
79.0 4.0 0.107803826850520826
80.0 0.0 0.054337028801150170
80.0 1.0 0.042710313199380401
80.0 2.0 0.113392423899743841
80.0 3.0 0.068376114977705432
80.0 4.0 0.073289659003082722
81.0 0.0 0.046079557494516622
81.0 1.0 0.085516084157232761
81.0 2.0 0.065388327657425152
81.0 3.0 0.093649547637624467
81.0 4.0 0.058320025279957166
82.0 0.0 0.074273150027655069
82.0 1.0 0.048694290067121559
82.0 2.0 0.106265107871716016
82.0 3.0 0.044632572507050820
82.0 4.0 0.026436981880221089
83.0 0.0 0.055446260664162014
83.0 1.0 0.066311154852135901
83.0 2.0 0.032585813988340012
83.0 3.0 0.063207742568022918
83.0 4.0 0.104555782845430725
84.0 0.0 0.038054519212978186
84.0 1.0 0.044869987121786227
84.0 2.0 0.071204683676625635
84.0 3.0 0.129479570506446123
84.0 4.0 0.046387287615216710
85.0 0.0 0.086364334904393089
85.0 1.0 0.071514331786675517
85.0 2.0 0.101511496750244776
85.0 3.0 0.056519239603622942
85.0 4.0 0.028181774029111321
86.0 0.0 0.035625469525173550
86.0 1.0 0.071499931606473985
86.0 2.0 0.048910944918545196
86.0 3.0 0.051452247485118188
86.0 4.0 0.095967630546984220
87.0 0.0 0.059321572160843009
87.0 1.0 0.108503027539898003
87.0 2.0 0.086769522224147744
87.0 3.0 0.088770407968410930
87.0 4.0 0.071707740218210247
88.0 0.0 0.047949067986290304
88.0 1.0 0.033976615763784239
88.0 2.0 0.083205160007323239
88.0 3.0 0.072639845529096692
88.0 4.0 0.072437360775010035
89.0 0.0 0.066449288775156878
89.0 1.0 0.041923560010870817
89.0 2.0 0.087780259851614237
89.0 3.0 0.051777277536937512
89.0 4.0 0.088007503024171499
90.0 0.0 0.068230375306823396
90.0 1.0 0.038531664462041884
90.0 2.0 0.054271681775956829
90.0 3.0 0.113243398872443973
90.0 4.0 0.046661003207238691
91.0 0.0 0.124518317271799378
91.0 1.0 0.097853282231497737
91.0 2.0 0.030858490022709587
91.0 3.0 0.035642257563257541
91.0 4.0 0.038515266423222873
92.0 0.0 0.038119211680645540
92.0 1.0 0.036884201546427686
92.0 2.0 0.036457173250222949
92.0 3.0 0.104738000404132864
92.0 4.0 0.111630737087135209
93.0 0.0 0.082475187872056863
93.0 1.0 0.045597926999265841
93.0 2.0 0.058835406372499746
93.0 3.0 0.119385887084428252
93.0 4.0 0.050918736616871643
94.0 0.0 0.144422632023201020
94.0 1.0 0.025051556972197353
94.0 2.0 0.063112719664303416
94.0 3.0 0.066213683659861577
94.0 4.0 0.058322532997997542
95.0 0.0 0.004001816984015256
95.0 1.0 0.050520165398623564
95.0 2.0 0.109552179964855348
95.0 3.0 0.112671896098521254
95.0 4.0 0.047387095528387463
96.0 0.0 0.087569276474314089
96.0 1.0 0.037814901922876773
96.0 2.0 0.040206751939144927
96.0 3.0 0.105602147450924749
96.0 4.0 0.056669970660380570
97.0 0.0 0.071689372054141803
97.0 1.0 0.047233011752716290
97.0 2.0 0.144578949232071680
97.0 3.0 0.041409757610269750
97.0 4.0 0.042197164766435410
98.0 0.0 0.080534253814279685
98.0 1.0 0.096710259060402787
98.0 2.0 0.078760939941789329
98.0 3.0 0.075149063153614248
98.0 4.0 0.079254818616218331
99.0 0.0 0.119715923961746268
99.0 1.0 0.041232620596984640
99.0 2.0 0.078263079164582514
99.0 3.0 0.007716121258258751
99.0 4.0 0.062998984413063064
