0.0 0.0 32.987195243785158993
0.0 1.0 33.118537163203825457
0.0 2.0 32.930243856619711096
0.0 3.0 33.072133568748434129
0.0 4.0 32.877661602137600028
1.0 0.0 32.958606474494359873
1.0 1.0 33.002909995468606041
1.0 2.0 32.883718800678749972
1.0 3.0 32.878791199055157790
1.0 4.0 32.882803482040898757
2.0 0.0 32.892726242572770445
2.0 1.0 33.081530984165482323
2.0 2.0 32.897691297306238312
2.0 3.0 32.974124576991904689
2.0 4.0 32.935189477330112595
3.0 0.0 32.911628756246138039
3.0 1.0 33.009309510978283697
3.0 2.0 33.112356898053569410
3.0 3.0 32.848635882017909182
3.0 4.0 33.322912672092108721
4.0 0.0 32.912912668263295757
4.0 1.0 32.992304582353625619
4.0 2.0 32.979726361699647441
4.0 3.0 32.979118016665800894
4.0 4.0 32.865731572994548060
5.0 0.0 32.986050362796106583
5.0 1.0 32.929987680573006514
5.0 2.0 33.045021866220842810
5.0 3.0 32.968399260222156499
5.0 4.0 33.016084528005741561
6.0 0.0 32.957976106056577237
6.0 1.0 33.094337125469799332
6.0 2.0 32.990713478504034128
6.0 3.0 32.930225630264594372
6.0 4.0 32.908792482969737137
7.0 0.0 33.056653087055501317
7.0 1.0 32.902031937629324432
7.0 2.0 32.939533049549382326
7.0 3.0 32.883714515513709387
7.0 4.0 32.816383745344644751
8.0 0.0 33.032558732494457843
8.0 1.0 32.906830898695879739
8.0 2.0 33.001802627819273539
8.0 3.0 32.944655330722355302
8.0 4.0 32.889073415990530691
9.0 0.0 32.888345981487411507
9.0 1.0 33.086838043217042582
9.0 2.0 33.008137287167379270
9.0 3.0 32.922592177492248311
9.0 4.0 32.925820485599452070
10.0 0.0 32.978245124759226314
10.0 1.0 33.074422664986244058
10.0 2.0 33.083650295082748016
10.0 3.0 32.841860415966991127
10.0 4.0 32.921308544431326482
11.0 0.0 32.990712404500264654
11.0 1.0 32.897668018511801336
11.0 2.0 33.079780476798305244
11.0 3.0 32.834309124327205609
11.0 4.0 32.965616302648427904
12.0 0.0 32.936252158435763704
12.0 1.0 32.998820234977841892
12.0 2.0 33.097660471097057666
12.0 3.0 32.906996978490518302
12.0 4.0 32.883847719658405140
13.0 0.0 32.931084569704452747
13.0 1.0 32.930618641056945251
13.0 2.0 33.023254165129273474
13.0 3.0 32.919588525993319195
13.0 4.0 32.874766067988453244
14.0 0.0 33.099283613450310781
14.0 1.0 32.945143209716448496
14.0 2.0 32.903677636917414873
14.0 3.0 33.102997424787247382
14.0 4.0 32.902766031841345296
15.0 0.0 32.991068762811430304
15.0 1.0 33.044571087621221750
15.0 2.0 33.039637485637989300
15.0 3.0 32.881152741510142334
15.0 4.0 32.861910691693395847
16.0 0.0 32.939517236783174781
16.0 1.0 33.055753821310581486
16.0 2.0 33.009290592137872977
16.0 3.0 33.019923187037029777
16.0 4.0 32.862057021587581573
17.0 0.0 32.976691901058245548
17.0 1.0 33.134040526395217796
17.0 2.0 33.116306967911157244
17.0 3.0 32.770725432477149752
17.0 4.0 32.872796439306000593
18.0 0.0 32.939216412359890285
18.0 1.0 33.001920078015331228
18.0 2.0 33.086736463492691485
18.0 3.0 32.809267072513968344
18.0 4.0 32.958348437345982518
19.0 0.0 32.953737804218675933
19.0 1.0 33.092329115267752115
19.0 2.0 32.944930796163014008
19.0 3.0 32.879072967392623639
19.0 4.0 33.039761919983206440
20.0 0.0 32.981393129438373535
20.0 1.0 33.037220594871520518
20.0 2.0 32.985171716408316911
20.0 3.0 32.865106574817502860
20.0 4.0 32.897175859418467780
21.0 0.0 33.007205200903428022
21.0 1.0 33.010347093197829338
21.0 2.0 32.913377303627314063
21.0 3.0 32.985612526960636615
21.0 4.0 32.908671056675892430
22.0 0.0 32.960708619018106447
22.0 1.0 32.962785729391185896
22.0 2.0 33.024906006890184074
22.0 3.0 32.938681300787386874
22.0 4.0 32.865111424594154244
23.0 0.0 32.986426388474022531
23.0 1.0 32.962792475519762547
23.0 2.0 33.087776849805550228
23.0 3.0 32.953484781955722838
23.0 4.0 32.787889964566389267
24.0 0.0 33.083730807795667772
24.0 1.0 32.919343965572650745
24.0 2.0 32.953491398702766446
24.0 3.0 32.944186856980742562
24.0 4.0 33.081872006777814477
25.0 0.0 33.002516947536754799
25.0 1.0 33.056306811918894084
25.0 2.0 32.959997799478379932
25.0 3.0 32.906971717240850239
25.0 4.0 32.855894996112517958
26.0 0.0 32.994335205348562567
26.0 1.0 33.106965348370451352
26.0 2.0 32.972104466085426111
26.0 3.0 32.883170538845845954
26.0 4.0 32.907036280957569829
27.0 0.0 32.930249784606097307
27.0 1.0 33.004642409979922490
27.0 2.0 33.039361774771030866
27.0 3.0 32.893026249656450943
27.0 4.0 32.947211843394640596
28.0 0.0 32.860936945232012363
28.0 1.0 32.972354079516620118
28.0 2.0 33.033767995862007183
28.0 3.0 32.988106706563151249
28.0 4.0 32.939812875715212215
29.0 0.0 32.948838114293586443
29.0 1.0 32.990560343849367086
29.0 2.0 32.939543430818289949
29.0 3.0 32.964466429432384587
29.0 4.0 32.979079430871578893
30.0 0.0 32.939558281484124791
30.0 1.0 32.971620052279313029
30.0 2.0 32.969807513300104063
30.0 3.0 33.018441437618456291
30.0 4.0 32.916680015705786388
31.0 0.0 32.897692444694023095
31.0 1.0 32.974962946876821945
31.0 2.0 33.160333911977680543
31.0 3.0 33.015379013203599357
31.0 4.0 32.933423365817880324
32.0 0.0 32.977757458069575591
32.0 1.0 33.009300706180880525
32.0 2.0 33.003540017407452467
32.0 3.0 32.860468476005806338
32.0 4.0 33.085408781189727279
33.0 0.0 33.085521909682597652
33.0 1.0 32.987436356770622581
33.0 2.0 32.981375221556497479
33.0 3.0 32.882555876033748632
33.0 4.0 32.972223246543691744
34.0 0.0 33.029875671994993525
34.0 1.0 32.976739794630432812
34.0 2.0 33.002096526867262583
34.0 3.0 33.001518906754213845
34.0 4.0 32.951900275135713514
35.0 0.0 32.972107393304639800
35.0 1.0 33.035731936073233328
35.0 2.0 33.154757990320646854
35.0 3.0 32.994048710549357395
35.0 4.0 32.846463261117833099
36.0 0.0 32.930236815456225941
36.0 1.0 32.953201956790678651
36.0 2.0 33.066633990170338109
36.0 3.0 32.846053288575930651
36.0 4.0 32.935189109052956269
37.0 0.0 33.000320214628921178
37.0 1.0 32.837576789550290357
37.0 2.0 33.009288241127407559
37.0 3.0 32.991653424871628886
37.0 4.0 32.943675830537202387
38.0 0.0 33.035460710901055847
38.0 1.0 33.018612114864019702
38.0 2.0 33.000008256068582568
38.0 3.0 33.003432416845392083
38.0 4.0 32.990291561563068967
39.0 0.0 32.993361886186569620
39.0 1.0 33.085908907424524728
39.0 2.0 32.858413702340868667
39.0 3.0 32.909853012766504321
39.0 4.0 32.910521890793027922
40.0 0.0 32.958125802672100235
40.0 1.0 32.853076759414506114
40.0 2.0 33.011765166088373746
40.0 3.0 32.868151387966875632
40.0 4.0 32.902776543374876894
41.0 0.0 33.017490482449339595
41.0 1.0 32.976884562920197652
41.0 2.0 32.976748050584753003
41.0 3.0 32.963950290833125223
41.0 4.0 32.962653530936229629
42.0 0.0 33.025028036100927409
42.0 1.0 33.014920332766976685
42.0 2.0 32.908169010545364586
42.0 3.0 32.893779165267432063
42.0 4.0 32.894935391722398776
43.0 0.0 33.027193003694947038
43.0 1.0 32.920946016451381411
43.0 2.0 33.152617302384498998
43.0 3.0 32.880416794408745318
43.0 4.0 32.960707884827158409
44.0 0.0 32.995364377173665105
44.0 1.0 33.004648999157488731
44.0 2.0 32.903254934551043220
44.0 3.0 32.966648571938499401
44.0 4.0 32.939382421960118563
45.0 0.0 33.046328003224566316
45.0 1.0 32.900136372739318347
45.0 2.0 32.995390676797846652
45.0 3.0 32.844821273093522507
45.0 4.0 33.037038260768639475
46.0 0.0 32.967252403440085118
46.0 1.0 32.934888262268607662
46.0 2.0 33.082240401156404630
46.0 3.0 32.939539549303567867
46.0 4.0 32.902798562916160563
47.0 0.0 32.962797475565878358
47.0 1.0 32.894281746675765987
47.0 2.0 33.032577164862907182
47.0 3.0 32.902308480432857607
47.0 4.0 32.972220156080574327
48.0 0.0 33.152214351021157768
48.0 1.0 32.960010186682524136
48.0 2.0 32.924355951604219683
48.0 3.0 32.973658979990339901
48.0 4.0 32.956718889878402479
49.0 0.0 32.923415234101462090
49.0 1.0 33.065126353326824926
49.0 2.0 32.910545387804042150
49.0 3.0 32.955476321789717531
49.0 4.0 32.957474043913087769
50.0 0.0 32.902320750282832762
50.0 1.0 32.936884967428987636
50.0 2.0 32.963347566091805163
50.0 3.0 32.970433353218972172
50.0 4.0 33.020112017300604634
51.0 0.0 33.122985140909953827
51.0 1.0 32.947389824807160608
51.0 2.0 33.003888484190213148
51.0 3.0 32.881870251836687657
51.0 4.0 32.962969059172436914
52.0 0.0 33.061357849692960542
52.0 1.0 33.066751275852041658
52.0 2.0 32.999607970905934451
52.0 3.0 32.875846535027910988
52.0 4.0 32.961672789907026981
53.0 0.0 32.930215521632099751
53.0 1.0 32.986040925022514614
53.0 2.0 32.995370157206281192
53.0 3.0 33.047876351195270672
53.0 4.0 32.835526817035969316
54.0 0.0 33.043379517260596856
54.0 1.0 33.074431702885938478
54.0 2.0 32.966063701862964308
54.0 3.0 32.869779981286114889
54.0 4.0 33.110883949603454823
55.0 0.0 32.915515524644234802
55.0 1.0 33.004652119708204339
55.0 2.0 32.986771398925604615
55.0 3.0 32.856001979987674133
55.0 4.0 32.902259959630612229
56.0 0.0 32.972079717837175394
56.0 1.0 32.879080770821168755
56.0 2.0 32.972773201569154367
56.0 3.0 33.018597468225742375
56.0 4.0 33.051714463969553037
57.0 0.0 32.958141001467268438
57.0 1.0 32.967438284941110282
57.0 2.0 33.014314502479614077
57.0 3.0 32.935250806674460478
57.0 4.0 33.001264911693773740
58.0 0.0 32.972105232589022705
58.0 1.0 33.054329640035994942
58.0 2.0 32.906601722079479089
58.0 3.0 32.974838881192013673
58.0 4.0 32.822260105106209949
59.0 0.0 32.949743142727236034
59.0 1.0 32.944206903104088724
59.0 2.0 33.088378561097400166
59.0 3.0 32.879063603655907855
59.0 4.0 32.862293023963268013
60.0 0.0 33.031295472936086810
60.0 1.0 33.047590470816409436
60.0 2.0 32.872160352525519045
60.0 3.0 32.916258834919666754
60.0 4.0 32.967598511459598853
61.0 0.0 33.073605506523847453
61.0 1.0 32.997347842792969175
61.0 2.0 32.923532794236649579
61.0 3.0 32.892524369196273426
61.0 4.0 32.936399005063094592
62.0 0.0 32.883725822926500371
62.0 1.0 33.093009302092838197
62.0 2.0 33.060768424108644581
62.0 3.0 32.930281793755909803
62.0 4.0 32.903073363583310140
63.0 0.0 32.913449251339407908
63.0 1.0 32.994873592542418805
63.0 2.0 32.966360154499341206
63.0 3.0 32.867036811730486079
63.0 4.0 33.055564925934135090
64.0 0.0 32.990963622946033240
64.0 1.0 32.986061504331544825
64.0 2.0 33.014571653447575272
64.0 3.0 32.798398905711735551
64.0 4.0 33.037020057364031800
65.0 0.0 32.930589046092194394
65.0 1.0 32.878500828665309541
65.0 2.0 33.021419217528183765
65.0 3.0 32.948840848700925221
65.0 4.0 32.962976821132549787
66.0 0.0 32.952501573118517797
66.0 1.0 33.068715601588721142
66.0 2.0 32.917729888712230490
66.0 3.0 32.907784629922069541
66.0 4.0 32.879645456813854310
67.0 0.0 33.037499308927309016
67.0 1.0 33.106079083330335777
67.0 2.0 32.925598673393579929
67.0 3.0 32.953489108707124444
67.0 4.0 32.938476770753879919
68.0 0.0 32.905474862581002071
68.0 1.0 33.025052084490923221
68.0 2.0 33.048624360996548432
68.0 3.0 32.959908071402857388
68.0 4.0 32.916659061022940591
69.0 0.0 33.033004621726092864
69.0 1.0 33.015013648190169704
69.0 2.0 32.967420436156167796
69.0 3.0 32.973668056966964457
69.0 4.0 32.970708009051335807
70.0 0.0 32.855989837778686535
70.0 1.0 32.929189481402310946
70.0 2.0 32.990714388117247324
70.0 3.0 32.941044126594043462
70.0 4.0 33.020633890073526118
71.0 0.0 32.944170379614895694
71.0 1.0 33.107039249493418254
71.0 2.0 32.974222946659743627
71.0 3.0 32.938262428543652049
71.0 4.0 33.080766467981810308
72.0 0.0 32.980545075656181098
72.0 1.0 33.153001788805482875
72.0 2.0 33.032564538202848325
72.0 3.0 32.865102468687375392
72.0 4.0 32.921826003174075481
73.0 0.0 33.098753464738194907
73.0 1.0 32.902313277057167795
73.0 2.0 32.928147072368680881
73.0 3.0 32.945923521679972623
73.0 4.0 32.879642886032165450
74.0 0.0 32.879929875079426438
74.0 1.0 32.966481019987661227
74.0 2.0 32.967750496642246105
74.0 3.0 32.927549020195613139
74.0 4.0 33.014185549715286072
75.0 0.0 33.023283309954869935
75.0 1.0 32.849714914400145460
75.0 2.0 33.045502544851515836
75.0 3.0 32.962801176324113328
75.0 4.0 32.851838527921643163
76.0 0.0 32.935872699452055201
76.0 1.0 32.975125606130866629
76.0 2.0 33.019075897798408903
76.0 3.0 32.874443189734641635
76.0 4.0 32.921313749634634860
77.0 0.0 32.994331556725619237
77.0 1.0 33.180151480121523377
77.0 2.0 33.046501555185798793
77.0 3.0 32.893009572134523921
77.0 4.0 32.902794187838551920
78.0 0.0 32.930658958359835253
78.0 1.0 32.948829590802731104
78.0 2.0 32.976743115145360719
78.0 3.0 32.936314597752904376
78.0 4.0 33.084146761340839760
79.0 0.0 33.067226133407373823
79.0 1.0 32.862297076634874315
79.0 2.0 33.093006586108302258
79.0 3.0 32.929157929969179008
79.0 4.0 32.881963985286319030
80.0 0.0 32.842150442907374952
80.0 1.0 33.037201622378823629
80.0 2.0 33.079077905385567249
80.0 3.0 32.835920832408426406
80.0 4.0 32.902771366113277907
81.0 0.0 33.056694217063920860
81.0 1.0 32.895751471836213398
81.0 2.0 32.918589383977703733
81.0 3.0 32.984730518327573634
81.0 4.0 32.998412894639471915
82.0 0.0 32.944218178726870860
82.0 1.0 32.981395596393198844
82.0 2.0 33.087243580546839894
82.0 3.0 32.867578940513624275
82.0 4.0 32.999079929741569117
83.0 0.0 32.935432939789244244
83.0 1.0 33.054299675668303848
83.0 2.0 32.967447401282356623
83.0 3.0 33.079932282249458808
83.0 4.0 32.895897994139538412
84.0 0.0 33.101808835914354745
84.0 1.0 32.954789228171662785
84.0 2.0 32.992135580387248694
84.0 3.0 32.862574155223093442
84.0 4.0 32.893546318090479019
85.0 0.0 32.981888225839099960
85.0 1.0 33.037224561446045357
85.0 2.0 32.953489852713424568
85.0 3.0 32.928394761018893178
85.0 4.0 32.932552367377013525
86.0 0.0 33.009111542084937696
86.0 1.0 33.024374135214436876
86.0 2.0 33.055805648124717777
86.0 3.0 32.851152989158009632
86.0 4.0 32.935205917405596665
87.0 0.0 33.076620478094213240
87.0 1.0 33.000023715218169684
87.0 2.0 32.949063825580374498
87.0 3.0 32.906629177513757156
87.0 4.0 32.894646919365840176
88.0 0.0 32.883867742566721404
88.0 1.0 33.088389080753493943
88.0 2.0 33.060043481574830082
88.0 3.0 32.760793759876214892
88.0 4.0 32.909970718340886719
89.0 0.0 32.872568270212326524
89.0 1.0 32.962749266209726784
89.0 2.0 33.054999629822503948
89.0 3.0 33.039847390779897296
89.0 4.0 32.773335887667222721
90.0 0.0 33.026533717711544114
90.0 1.0 32.920938170725030147
90.0 2.0 32.929921346744571053
90.0 3.0 32.942995601932231864
90.0 4.0 32.962954096996618603
91.0 0.0 33.026374280611300094
91.0 1.0 33.022950325742272071
91.0 2.0 32.925577567273599300
91.0 3.0 32.944208273341224924
91.0 4.0 32.884304641480554210
92.0 0.0 32.953494181410441399
92.0 1.0 32.921941433219878093
92.0 2.0 32.995378770280332503
92.0 3.0 33.125244016301579109
92.0 4.0 32.916674945323158852
93.0 0.0 33.048912656503475205
93.0 1.0 32.934872382882979025
93.0 2.0 33.020229883097215406
93.0 3.0 32.921069148732755139
93.0 4.0 32.954198131632786328
94.0 0.0 33.088401020206525516
94.0 1.0 32.879900811433515173
94.0 2.0 32.968880776657165654
94.0 3.0 32.827902292437343590
94.0 4.0 32.997987621076042331
95.0 0.0 32.976740571959879844
95.0 1.0 32.973223134566886472
95.0 2.0 33.013957742223141167
95.0 3.0 32.854474559809474954
95.0 4.0 32.853427840943865590
96.0 0.0 33.007982456795993187
96.0 1.0 33.047113023098283691
96.0 2.0 32.976732631465807799
96.0 3.0 32.921625333749304332
96.0 4.0 32.930933766024033105
97.0 0.0 32.964718848430472065
97.0 1.0 32.953730902804309721
97.0 2.0 32.989106076925772015
97.0 3.0 32.919809675073409494
97.0 4.0 32.935174592758194478
98.0 0.0 33.066393753852807436
98.0 1.0 32.907246279282801993
98.0 2.0 32.883718245156700277
98.0 3.0 32.976739241068145247
98.0 4.0 32.973324872641526895
99.0 0.0 32.942408197664256875
99.0 1.0 33.039127323995757024
99.0 2.0 32.917362697595279997
99.0 3.0 32.976514293948469003
99.0 4.0 32.927318401232056999
