1.030689753015994192e+00 -1.092914951795125988e+00
2.839370508136637161e-01 -3.104545493415756807e-01
3.515697361937084042e-01 -6.087368372941865946e-01
-5.384450521781882827e-06 -4.921168364606139242e-05
7.403695224510707940e-01 -1.193648281708396874e+00
4.112260806636706123e-01 -4.613474133706140790e-01
5.005007719540305322e-01 -8.865793766300400502e-01
6.716792201504784288e-01 -9.223588743510769961e-01
3.992519875413762520e-01 -3.250520284103391444e-01
6.498174955877280556e-01 -9.715591356724772032e-01
8.024244374967636206e-01 -8.262015259155192082e-01
-1.313983924319069011e-05 -6.058515996991251676e-05
3.629916825511487755e-01 -5.323952555881760196e-01
-5.731623730645634389e-05 -1.194269411676136025e-04
1.037045581980313935e+00 -1.093074606467776988e+00
7.803804992072405078e-01 -7.586444787092591069e-01
-3.667308787372025581e-05 -1.040098213831755188e-04
6.694091816161564790e-01 -8.686034383749362542e-01
4.929993494346697758e-01 -1.024253740786618350e+00
4.356408132347123763e-01 -2.759711356027589879e-01
2.683971973251985110e-01 -3.607913506956061389e-01
4.195336123431234188e-01 -7.152582995054480586e-01
6.531736943666306416e-01 -7.423526470884008743e-01
-2.691811454425166626e-05 -1.414811198445946122e-04
6.801753732520373630e-01 -7.124093516486152966e-01
6.412947393785605188e-01 -8.466071709430615932e-01
9.031282767318492555e-01 -6.101632148541995537e-01
5.638701032812285519e-01 -7.587898936770987035e-01
-6.306408681613348338e-05 -9.900353568288974338e-05
5.066421360588478917e-01 -8.764688287083327589e-01
1.884687363818833283e-01 -4.100479195945464506e-01
-3.127415248865185872e-05 -1.435234862351436754e-04
7.639826452767516374e-01 -9.054336661297293087e-01
4.644617414312350312e-01 -4.547018104646571857e-01
6.490359424141448619e-01 -7.298370528625541809e-01
9.406528911662773718e-01 -8.967398517946401082e-01
-2.517322037468584366e-06 -6.760077334067652037e-05
5.461277830180726323e-01 -6.175903607996356959e-01
-4.838503576513237018e-05 -1.275787716491926134e-04
5.403941793104355407e-01 -7.498511118376132156e-01
6.232833548103500210e-01 -9.163739623325255490e-01
4.486860813429671135e-01 -7.971482357645941486e-01
6.104206132057559131e-01 -4.809285478696280203e-01
9.614925550003180499e-01 -8.284858835583499559e-01
-8.271085051476251282e-05 -1.291204978717007184e-04
9.384639014169472437e-01 -1.051517762859708327e+00
-2.065514319868529204e-05 -3.432218669747182798e-05
4.312344295896540780e-01 -5.688268791889843357e-01
6.600943548444381248e-01 -6.868470851128469779e-01
6.553097215561408673e-01 -1.177970893166847333e+00
5.555488019908443320e-01 -7.349552775700117779e-01
8.507649858092276585e-01 -1.105534089438361844e+00
5.267265533230124364e-01 -5.822241319168656171e-01
4.964860616545919703e-01 -8.339829584907241244e-01
2.261967880680769982e-01 -3.413385640752554240e-01
3.860398932707447828e-01 -6.475353471758799051e-01
4.211341201569787085e-01 -7.387558144176696873e-01
-9.266827048062465096e-06 -1.238914244815314644e-04
-9.575088649012610450e-06 -4.183142141242954904e-05
8.619462655386641581e-01 -6.972142952926847492e-01
-2.092560565596908605e-05 -1.243272492146193771e-04
4.936473188961242875e-01 -6.742723035757862693e-01
4.787093507462321651e-01 -5.779926499110591420e-01
3.792768526168235899e-01 -4.022950411439329965e-01
6.651703114272824457e-01 -9.004083870069079509e-01
6.064266919229844843e-01 -9.944884130988002058e-01
6.452482366379292955e-01 -1.083524205331138024e+00
9.793203381145465015e-05 3.050013436114381606e-05
-3.483905829272455261e-05 -6.135032477711230877e-05
6.854815156201660153e-01 -8.590036239295664178e-01
-1.090883468138901663e-01 -6.025584842423822307e-01
4.727250966222349970e-01 -2.100585752337082723e-01
7.971676204138821165e-01 -8.313555120597501125e-01
1.115861606596005445e-01 -3.341266685647233947e-01
7.356266843833276781e-01 -7.270538987692288790e-01
7.884228024715297378e-01 -9.239310148652276622e-01
5.690281892641705364e-01 -8.856745484755773612e-01
-3.944814941705852504e-05 -7.376155578616643926e-05
5.079323586085260356e-01 -7.620053197272447232e-01
7.832038107506814617e-01 -6.564238342770140067e-01
-2.418266859583151387e-05 -7.503857546346368761e-05
6.130865001795099412e-01 -7.441147377189798462e-01
-5.263793690886024506e-05 -8.363475879163615161e-05
7.391066234634361409e-01 -7.684942084223812531e-01
9.559317671818577944e-01 -1.067480568858622414e+00
-8.342745474243977520e-05 -1.646453832905719363e-04
1.166184392482034760e+00 -1.182154586895886705e+00
5.563692569412488344e-05 8.622227329486022146e-06
-1.634881643486602726e-02 -9.484246886354003037e-02
3.726802284852055447e-01 -3.387809525348609019e-01
-3.737593211449472073e-05 -9.280767779107973925e-05
-6.685945406687072361e-05 -1.376699237147092003e-04
5.543470510818562236e-01 -6.263199898181770475e-01
8.716459795618832773e-01 -1.054871936634858898e+00
6.941548053386469297e-01 -4.595123620101547735e-01
5.717285411423225217e-01 -8.169127006575860328e-01
2.264164708835134932e-01 -5.322541502138908864e-01
4.536858765551749495e-01 -7.108994216818181888e-01
4.489572846676767592e-01 -4.288356857913884213e-01
9.706819330703937432e-01 -1.107931625469089187e+00
5.035481198305589157e-01 -6.659915010781486400e-01
5.170230076944108966e-01 -7.047742038833278988e-01
3.319866085316937609e-01 -5.443531957445620906e-01
1.049902406763616680e+00 -8.956792617841580206e-01
-7.033804601341285035e-05 -1.456769128710138533e-04
7.418537086003221814e-01 -9.237027083029889507e-01
4.475871031460945670e-01 -1.021043423793262850e+00
8.335130170277922357e-01 -7.955997138718055028e-01
2.296652349907938873e-01 -3.845607890969399700e-01
1.790485387426242399e-05 -3.486899545672648136e-05
6.245349554003227777e-01 -8.811882775267758650e-01
5.874922496912935443e-01 -4.913142366118850579e-01
5.234071293905169231e-01 -8.512059701033781733e-01
4.663406652453914725e-01 -9.385892416155697804e-01
4.511022401142607552e-01 -4.065941178502192055e-01
1.020254701783801732e+00 -1.195905149763397235e+00
5.251451500487908097e-01 -8.102632228144533988e-01
6.711115619298514412e-01 -9.272144280634267988e-01
2.445973086512963635e-01 -1.958848579549289648e-01
2.647459366081301724e-01 -4.836013782772962122e-01
6.749773728736112588e-01 -1.009329420163969537e+00
8.835152634994865029e-01 -9.232822549690162806e-01
4.020313862411679651e-01 -4.909559948881855318e-01
4.189300740804118850e-01 -6.299140163559852068e-01
2.824742380766797067e-01 -4.996292224054419973e-01
-8.390314976385162887e-05 -1.008250606604391397e-04
8.644669486333146358e-01 -1.103120487474752220e+00
6.542001945818031183e-01 -7.162628697431130398e-01
5.699749780583719394e-01 -5.307095198649582901e-01
6.739623040039307567e-01 -8.350179602839430393e-01
-2.097822690109650524e-05 -5.029094933133075812e-05
8.689450476737869966e-01 -9.569774280648957188e-01
9.036346481258737962e-01 -8.263951349883356112e-01
7.776487344752736064e-01 -1.067087285341006275e+00
-6.625364999998979037e-05 -9.191323538284861450e-05
-7.438209567795475610e-05 -1.863340495382806179e-04
6.176771509048804010e-01 -4.567915567493860407e-01
3.100161386585337797e-01 -5.312304252048331010e-01
6.568586210664296710e-01 -4.980302204349002504e-01
6.704209789501404115e-01 -9.665325869557721550e-01
-2.493407213076437627e-05 -6.157148162176732638e-05
8.024936486120165524e-01 -1.105736504605671966e+00
4.491361065698853960e-01 -7.541145347501163609e-01
6.172647898188480253e-01 -8.218020736982348806e-01
6.712126384001225743e-01 -5.681536033652294648e-01
7.095265201432088276e-01 -1.138178792527497096e+00
8.713939705300376426e-01 -8.048339039010685703e-01
-5.076076047650018104e-05 -9.047004627147804266e-05
6.798503090403665849e-01 -5.570977929524113526e-01
2.619555074895286162e-01 -5.439367261882686044e-01
-3.180746011386978433e-02 -4.317107787858128765e-01
3.522404540954396368e-01 -5.210858806728597692e-01
6.551816138846811022e-01 -6.597227119899746750e-01
6.122597148710871018e-01 -5.340951705634314761e-01
8.142128527879585187e-01 -1.063248502409680052e+00
3.833438873171998718e-01 -5.606065706696701234e-01
3.194687491234581844e-01 -5.472314003397371618e-01
6.106253661757242712e-01 -7.857874004847994476e-01
9.106150154595864521e-01 -1.124118262288586134e+00
4.382600505024478177e-01 -6.015730168381230314e-01
4.124500241803040756e-01 -7.429919052155672388e-01
9.802351410071687976e-01 -8.836643530464244334e-01
7.255578078209550252e-01 -6.866150781447259988e-01
-4.824177602212258680e-05 -1.007585386566458311e-04
-2.263723092105428180e-05 -9.638941046910780156e-05
3.172858952818278233e-01 -7.347364895492474179e-01
4.628878707017537453e-01 -8.444750900926244475e-01
8.662904481245454757e-01 -6.984428307917652790e-01
5.421914732936434778e-01 -7.739780686735150406e-01
5.265231355313690909e-01 -5.676770047866355196e-01
5.429280926834300081e-01 -8.731862789732298680e-01
-1.838823041466207227e-05 -7.665353646500558296e-05
6.036121825414255682e-01 -8.137459384548890728e-01
5.548358920893484703e-01 -6.560612690384202139e-01
6.037646068993142157e-01 -6.741149955282164097e-01
7.167876575236250547e-01 -6.950604600895997631e-01
6.450498488103707517e-01 -8.006688920712755619e-01
4.487405673429374353e-01 -6.237410421366575974e-01
-4.553273141120771280e-05 -9.840609240557630672e-05
6.347808518670551292e-01 -8.307364366800630284e-01
7.445373042579446210e-01 -9.467221573460939954e-01
-3.583325146225109438e-05 -9.927105118992890173e-05
4.432875685669348531e-01 -6.641405320275644009e-01
8.104997543611173194e-01 -8.499264280383559411e-01
3.979097904948308839e-01 -4.976528371008406282e-01
4.688036487617552317e-01 -6.501373542057485855e-01
8.988900621722620832e-01 -8.138466872682700304e-01
4.287881288899189625e-01 -7.782861576783635105e-01
5.030039765993382650e-01 -7.204956672713390686e-01
3.816551413544885252e-01 -6.622893503148626904e-01
7.553074839283837314e-05 -3.402734986683112877e-05
-5.403809363112578151e-05 -1.032862304434527045e-04
4.866981786207553728e-01 -6.429338907132216008e-01
5.595522022439463061e-01 -8.031391725836747320e-01
6.585662155248633853e-01 -8.354256770244834485e-01
4.395168263575890966e-01 -6.500384729632228131e-01
7.095202851274559075e-01 -8.439160964461100978e-01
-4.076325540505394050e-05 -9.783020627550202686e-05
8.969011548997628536e-01 -1.135384874923168086e+00
4.562439550253866161e-01 -4.192425500489617152e-01
2.580140091553966286e-01 -3.774954740107911988e-01
6.041705333631536279e-01 -1.082887577807632340e+00
4.490731940093781183e-01 -4.543582872388033933e-01
6.640758557280566077e-01 -9.357729074595760865e-01
7.457776207319075645e-01 -7.087256631594291978e-01
5.989235562395527346e-01 -6.903984569800084570e-01
-5.127785634834602230e-02 -9.219486718434311001e-02
8.692415784778269039e-01 -1.085380812117612725e+00
6.796456374685606594e-01 -6.377308933963244941e-01
5.589130622802526149e-01 -6.105692820991195369e-01
4.984255230257029767e-01 -7.789600481436497192e-01
9.452966985603152850e-01 -1.011029504907347665e+00
-2.333122151223093890e-05 -5.922888602942745576e-05
7.195338304921162775e-01 -8.993083343417235254e-01
3.352562196779862447e-01 -5.240641121187987750e-01
6.268431238616383183e-01 -7.298851952421555600e-01
4.433880711902105087e-01 -9.283070801747413947e-01
5.555440875593288252e-01 -6.165275066203140808e-01
6.989409721675579057e-01 -4.922429447565331850e-01
4.024880355702097900e-01 -8.931367699301241414e-01
7.454869888916071385e-01 -8.000014538165148847e-01
4.571560966943134519e-01 -8.863993839577751777e-01
6.168354023837127054e-01 -5.222519660659165064e-01
4.348781585174537057e-01 -4.791979057061114822e-01
-5.274864968859965521e-05 -1.341039298904470869e-04
4.724929610999695218e-01 -5.176231763147233211e-01
7.199476845800055758e-01 -7.146526603594380855e-01
5.746166349655642547e-01 -5.323278639806333645e-01
6.868967258699540945e-01 -1.109021398900251754e+00
-7.616276874712333872e-05 -1.235482530978318266e-04
-4.334326900230702141e-07 -8.518664390397031173e-05
-5.748838322383843455e-05 -5.822007194795847043e-05
7.800455503891081666e-01 -8.894688483268440304e-01
6.503419712874095593e-01 -8.018410654637264656e-01
7.782998669955135673e-01 -9.213965368504082321e-01
5.348491889291765444e-01 -7.690128071015788214e-01
4.665406691306241971e-01 -6.486558866834900572e-01
7.191018272367923903e-01 -6.493696176483043647e-01
4.912402525189450975e-01 -7.443909233186829510e-01
-2.384008032113550400e-05 -9.631381816539197371e-05
-6.823658819964537807e-06 -6.763834740035250888e-05
8.613887560787877318e-01 -5.613004268614343317e-01
-2.260928716869933450e-02 -4.556481596141190860e-01
-1.013426527388257215e-05 -1.150445932018227373e-04
7.320198615266724218e-01 -8.157387117075348693e-01
-3.351450651108634008e-05 -1.052997817279125548e-04
4.986516780310047414e-01 -4.657601801821121268e-01
6.302908656189337711e-01 -8.393780487265806167e-01
6.838496790024636285e-01 -6.850045295385718269e-01
5.207836864139062660e-01 -8.393845239434269967e-01
3.857057770844505296e-01 -3.417066361884978365e-01
6.773876809091804452e-01 -1.126387542277502707e+00
3.124918390698433658e-06 -5.272093029001920298e-05
8.836633594176048767e-01 -1.199981381698085103e+00
3.739568491912502179e-01 -4.201338111839491574e-01
4.502017396874744004e-01 -6.816731165805677284e-01
9.036740789904786075e-02 -5.796732819392683700e-01
5.666117752022880039e-01 -4.668812499063871857e-01
7.472389587419722146e-01 -6.988339242871396406e-01
3.319567567533356911e-01 -5.780964690046074272e-01
4.477387414206357441e-01 -3.041763308652803977e-01
7.165666230376831480e-01 -9.157441462768514118e-01
-4.968969326755485897e-05 -2.075292428921891004e-05
7.744961878924118137e-01 -1.219355409947807445e+00
1.067050981850508728e+00 -1.237495889243221292e+00
-3.553797940466940116e-05 -3.400573630182322690e-05
5.931738862669611034e-01 -9.053833949898334454e-01
8.944042959199840492e-01 -1.031229230467012981e+00
5.842542292260247683e-01 -9.087865417543189439e-01
6.377530136745217515e-01 -6.742323762992964431e-01
8.021238663827870985e-01 -6.754734941403869319e-01
2.821332943284090011e-01 -5.121923516166180246e-01
4.947248925652027451e-01 -8.118451105003864354e-01
2.417155855878343751e-01 -6.276232979148717028e-01
7.791990396360130022e-01 -8.897885812362827940e-01
5.798539845798932335e-01 -5.464860878833764923e-01
4.512315238586990795e-01 -7.233345350846691613e-01
7.306722931791735931e-01 -6.985334151987088180e-01
5.390811876249789192e-01 -9.661812860882170728e-01
3.687370073641560997e-01 -6.202450867157328629e-01
7.156611355304972610e-01 -6.966240621120081133e-01
7.250581420731714299e-01 -8.467611426968680854e-01
4.673045899034986017e-01 -7.136196685016051866e-01
-1.542859815227894747e-05 -4.968882337184331739e-05
6.897296387718035993e-01 -1.041647765246199953e+00
5.499237139773374139e-01 -1.092868985368989687e+00
5.591742177782231815e-01 -7.110545331911941602e-01
2.238941889931775064e-01 -3.234089779339682225e-01
6.798435559846343068e-01 -6.604096283624395491e-01
6.299313759009637081e-01 -8.334386783379371666e-01
4.560732595637208009e-01 -6.968830469394771132e-01
6.290814566993796486e-01 -6.193036318383655647e-01
5.944195314484136405e-01 -7.708513213442791390e-01
4.722920509679615630e-01 -8.328596256600820924e-01
5.779457342454497049e-01 -7.427113664787923231e-01
8.994687532988248080e-01 -1.397305563575160336e+00
5.905977365406630542e-01 -6.908494413975471149e-01
5.678447007651123979e-01 -7.311998332727724925e-01
3.236951266841708308e-01 -5.022999719812127895e-01
2.926272580055223616e-01 -2.619176646135455977e-01
4.733099905964613385e-01 -7.113321280978276429e-01
6.097579185806434321e-01 -4.647531743059418741e-01
6.874654103797701588e-01 -7.798277524016186124e-01
5.938386308176571982e-01 -8.714442502259654999e-01
5.200867943691875328e-02 -4.069451447141484435e-01
6.543822807502431838e-01 -5.559905023810881586e-01
4.718418430457720913e-01 -7.196212278443330224e-01
5.780643169398423931e-01 -6.390494985234524972e-01
4.845441176486794954e-01 -1.083412650722959114e+00
5.284979890301477745e-01 -6.935155496124528751e-01
4.251708787838983095e-01 -7.149263000628351961e-01
4.881051306421672620e-01 -8.223432048398601202e-01
3.164943756630150262e-01 -5.095092171362515243e-01
1.021348923362551072e-04 9.094055434702875358e-06
6.828722600562779910e-01 -1.037473000601460971e+00
2.170827797084082245e-01 -6.201934002413858060e-01
3.631743738292531609e-01 -6.856748248258622835e-01
8.566915813676702074e-01 -1.086845804606728416e+00
3.888082068215527043e-01 -4.872152899656142511e-01
7.255174110879747396e-01 -6.148361034145809478e-01
-4.880982384607821005e-05 -7.310421721675175726e-05
3.867999425405799774e-01 -5.083942668177390267e-01
1.123492132685889988e+00 -1.255078738599440635e+00
8.504144627462284500e-01 -1.000997458540422880e+00
3.291104975872972682e-01 -5.431979931253025917e-01
-2.833044424982645825e-05 -6.824595624926837578e-05
5.106380196620209366e-01 -8.429877366922838844e-01
1.028042065329037635e+00 -9.857776355498796272e-01
3.726073355940857645e-01 -9.239502079945828283e-01
6.118508203456345385e-01 -4.730482820996646520e-01
3.501722252770329002e-01 -7.945696255069472080e-01
-3.097844063377938980e-05 -1.067646436665241160e-04
3.573591591734401884e-01 -2.058402063198358223e-01
1.127599256874235234e+00 -8.669768857439825727e-01
-5.084192596338376485e-05 -1.316842111433141720e-04
7.285983500528118162e-01 -8.022738812048750834e-01
5.225733865559265556e-01 -8.212718739281492653e-01
2.988031822838109197e-01 -5.367757866175620896e-01
5.717540906242292165e-01 -4.746087104163105863e-01
6.020623447273475426e-01 -1.043105063963480017e+00
6.206472599233452403e-01 -7.388016614904449053e-01
7.317539104630823577e-01 -6.850677152607448361e-01
6.462567895010506991e-01 -6.291575845415421364e-01
4.939879175690469193e-01 -8.289574594952117126e-01
-6.776951441197038510e-05 -1.340076381272676403e-04
7.847804029853446828e-01 -8.913884176604548459e-01
4.292768990904999304e-01 -5.415248298805029892e-01
7.666902198612284280e-01 -7.046378180262935498e-01
-7.632062483003145242e-05 -1.558092616017564774e-04
4.183928963332118056e-01 -5.752297401072031802e-01
8.239411229122802771e-01 -7.948661149607274545e-01
3.721792326455914401e-01 -6.772612631038446018e-01
-4.048285566862603831e-05 -1.042264083425270836e-04
4.254470532538534577e-01 -4.907475619443616988e-01
7.030801847861420928e-01 -9.132240491878677036e-01
-5.216419422942133489e-05 -1.601283612256650438e-04
7.673980239335739004e-05 3.480042079410639960e-05
3.646204038007457293e-01 -7.463228655340767848e-01
5.352703208953346614e-01 -6.727738667823680574e-01
7.888338302821844561e-01 -9.226113945539583527e-01
9.031784736046897244e-01 -9.291501225099920713e-01
-3.103486807860930170e-05 -9.097933879469265585e-05
7.794917824510213533e-01 -9.221667893303822083e-01
-6.486672099324069499e-05 -7.875318552483576541e-05
7.829302871646965922e-01 -8.225846656953071934e-01
6.248272006337443063e-01 -7.405176452261260645e-01
6.849090575547943649e-01 -7.204666572222525600e-01
-5.041466759625784537e-05 -1.040430328709768211e-04
-2.452380077069496404e-05 -7.911486431914270751e-05
8.830842210720067920e-01 -1.002315609795189966e+00
2.600269611603947539e-01 -5.598412351701972378e-01
6.088352310070530571e-01 -4.939131592373781077e-01
3.427635797952853225e-01 -6.031124642996935625e-01
8.603541840573399879e-01 -1.399850000199309275e+00
5.096782143458079561e-01 -4.975022023823311712e-01
-4.704388933749883642e-05 -1.200713114062680506e-04
-9.783691087189345817e-05 -1.374806087491706381e-04
6.474162273167907156e-01 -8.097803560209797524e-01
1.204386904279161613e-04 1.350242889857071905e-05
6.960625147855982187e-01 -7.452001146476912030e-01
4.813244528954658263e-01 -7.679352451062814167e-01
-2.899628447741457436e-05 -1.014582721821003614e-04
4.321104879745321092e-01 -5.246981555689849142e-01
5.741703741573360681e-05 -4.865411551665599453e-06
7.745637209164363268e-01 -1.080871059951841184e+00
5.607923640807717103e-01 -7.283664042877516787e-01
3.686007829654538437e-01 -2.623374840837233157e-01
2.715740232079997818e-01 -6.222352595796821761e-01
6.566021732024749369e-01 -9.099259391512620754e-01
7.885850583231490685e-01 -1.051772263279771913e+00
4.848013771357900237e-01 -6.230646348916429877e-01
6.768828223936951272e-01 -7.569012223206051937e-01
-2.302075350030279838e-05 -2.504054192367756785e-05
5.921678181875841274e-01 -1.105514379298426775e+00
9.937582982348579508e-01 -1.046594378994135655e+00
4.298268219766410159e-01 -4.042948170815639508e-01
7.159023967347919459e-01 -7.029645948185949678e-01
7.480649386597786332e-01 -1.112843682527679734e+00
4.711167324516797317e-01 -9.143962405511572022e-01
3.440788239145146643e-01 -4.527469140550939297e-01
8.704778505054170390e-01 -1.129606852786620319e+00
-4.811179194853834438e-05 -1.117932308118592817e-04
3.252288034545726125e-01 -3.033458226984471762e-01
6.328384951749782550e-01 -4.722535935636492099e-01
5.763232975393317581e-01 -1.011917265561208978e+00
4.835667745877464951e-01 -8.820220531191477198e-01
-5.145454706147030107e-05 -7.359265475013964069e-05
5.430629655251373311e-01 -9.847783681732095173e-01
1.040952784966621358e+00 -7.347577439024201018e-01
5.434742126044210808e-01 -5.884705324377692559e-01
3.351008177811558020e-01 -5.154893593522371642e-01
6.229864806792347887e-01 -7.898165770831071519e-01
6.142055936306922703e-01 -7.473637985030969766e-01
4.456226078781478916e-01 -1.016405774537446849e+00
6.242611313987015409e-01 -5.214294745166916378e-01
5.541083783777288607e-01 -7.279910400968808704e-01
8.272352115173554621e-01 -1.038567856813427115e+00
4.263188762876224946e-01 -8.140868375695353709e-01
5.880347939044424654e-01 -8.577662678093994630e-01
3.157649988047608034e-05 -3.237653424102922937e-06
2.741977424715745824e-05 9.919083100757279358e-06
8.992796628369268408e-01 -1.179803235790275684e+00
6.452147350427412942e-01 -9.373096462403661677e-01
3.318286140018850694e-01 -9.407780705484325434e-01
5.802289793045841693e-01 -4.332838029987062800e-01
9.152003456718020846e-01 -1.109672175987789000e+00
-6.212860829337770341e-05 -7.100886775474518414e-05
1.066302832253601229e+00 -1.007629291787166759e+00
-1.893971608199762556e-05 -8.186313671446258477e-05
4.701536842921171799e-01 -6.165306339598601859e-01
1.959919161803550247e-01 -6.240996586322304918e-01
3.531899972278308431e-01 -6.284424897374799590e-01
8.294301335311328183e-01 -1.153962420406025258e+00
7.672164523660381930e-01 -5.053100848842444481e-01
4.922811370398731956e-01 -6.588614818535799555e-01
2.776204346675869572e-01 -4.655270210230089134e-01
7.054131854089155107e-01 -9.350558868432700121e-01
9.320398033900154089e-03 -5.523423818038274424e-01
6.681495475172796858e-05 -1.711169601701712558e-05
6.347321515513483225e-01 -5.988302287413433955e-01
9.544657576790677167e-01 -1.113601771559646902e+00
6.855409296899002136e-01 -4.932236731237474303e-01
-7.256976909542707695e-05 -1.592594227043209014e-04
-6.283231741609272922e-05 -9.199723322956725798e-05
6.853258239276985853e-01 -5.881570820218890994e-01
5.623713928650374561e-01 -7.296571310643155117e-01
4.365541778110682003e-01 -6.740866435422698810e-01
6.657235288340427326e-01 -5.322128980818339183e-01
6.095531126581579251e-01 -8.023057154206421071e-01
-3.731169111732304778e-05 -1.241125719364976265e-04
5.509301485688569144e-01 -4.340391530900607475e-01
-7.560851970457172465e-03 -6.021029620826694462e-01
6.162210680589204070e-01 -7.498311086805221626e-01
5.087542117862623448e-01 -5.322274076865654013e-01
6.043187283528186349e-01 -6.951049975689741478e-01
6.970420495475719846e-01 -6.873465989935181319e-01
-3.658763732276611570e-05 -1.350969033925478028e-04
-5.137982376391949459e-06 -2.194077491534636174e-05
7.386511895985800047e-01 -7.851960544914086126e-01
6.094938325835225212e-01 -9.135212106648729069e-01
4.884719262990670496e-01 -5.113154309872651737e-01
8.517374793540527511e-01 -8.831793614854221985e-01
2.938362860377750629e-01 -7.568686217108179237e-01
4.893695945644972456e-01 -6.726988015635523288e-01
5.306341440325136327e-01 -7.886099499062556584e-01
7.115244723919705860e-01 -9.152482874622042130e-01
5.752250109554886137e-01 -6.888193684461180188e-01
6.043711663935033007e-01 -7.327472056085078123e-01
-6.052003307700979631e-05 -1.266704744249467617e-04
6.048156771148400779e-01 -5.612902759486387838e-01
7.109354386187978214e-01 -7.589606711378852344e-01
6.531647812277422416e-01 -7.156954737195648786e-01
5.035213577170583044e-01 -4.738834761133214890e-01
2.806513599182219876e-01 -6.881497350690363168e-01
9.832579202121673190e-02 -4.782899647324541093e-01
7.570626264449700216e-01 -1.056668596480956568e+00
5.037267389478315982e-01 -7.394781671864714134e-01
1.047775343646564494e-01 4.226184460691358169e-02
3.685029081564577536e-01 -8.369117984373450891e-01
3.756750632972700177e-01 -8.106922180547811996e-01
-6.203452570331643220e-05 -1.119922201869757295e-04
2.066914987585957431e-01 -4.104402288642319818e-01
8.600007613268696449e-01 -9.618272326092998092e-01
6.576950221092201510e-01 -6.082701067812912310e-01
8.636820324592815457e-01 -1.037777677892874673e+00
-2.996138059486094175e-05 -6.520018608610907260e-05
7.577618338575532464e-01 -8.167339334217482705e-01
9.398715527653595274e-05 1.826491420140837532e-05
6.048091139730160659e-01 -1.038661736618639253e+00
4.718040520652766467e-01 -9.148632927138689030e-01
4.964697487604383119e-01 -8.249545214995294140e-01
6.526884727935932107e-01 -4.682195407639792584e-01
6.554658256204064504e-01 -8.671817284444944818e-01
4.590839593132824970e-01 -6.833287371837039048e-01
4.570722426882626310e-01 -7.815044371707909887e-01
-3.702797024559352241e-03 -9.122143765595750950e-03
-2.501639212700837019e-05 -1.087459685375771420e-04
7.178475587594167484e-01 -7.352239168705574368e-01
5.511301710836126189e-01 -7.246947931490037575e-01
6.959058733125899066e-01 -6.999001406159944816e-01
