7.731183557924860006e-01 -5.934621574669863842e-01 -2.685574317735965333e-01 2.531002960868731777e-01
1.369095784771013236e+00 -5.094927932199704301e-01 -1.471115492892007270e-01 6.638545258791013204e-01
2.202008943049402819e-04 1.003182265439559552e-04 -1.747408014369688639e-06 1.580610387511681509e-05
1.243564021899384198e+00 -6.220988540477533357e-01 -8.700405607641229500e-01 8.173426298169658155e-01
1.730663335465092460e-04 9.638058543478532109e-05 -4.490461711809601368e-05 -3.337562097406921477e-05
1.063254196249811878e+00 -4.542296547859905331e-01 -5.104253698192695587e-01 5.482666391333329559e-01
4.162909528240632540e-01 5.457925816403238345e-02 1.093609134825875434e-01 6.523960015284636926e-02
1.416089316419584909e+00 -1.069752965203004447e+00 -6.018443626341898334e-01 3.590192293047093086e-01
1.696878778894669315e+00 -9.066380892535950142e-01 -5.872110903370406643e-01 8.371213764857160511e-01
1.184914506623786279e+00 -2.103603414153487339e-01 -5.021036528782174546e-01 5.775506831716628042e-01
1.936057198034643785e-04 7.994643671323769911e-05 1.106872623670510103e-05 7.727720158114126381e-05
1.377150934941017590e+00 -9.831483685998164690e-01 -8.226129218691253797e-01 4.042776858147889008e-01
1.523684504344086532e+00 -8.749656406839920741e-01 -6.702799103805235914e-01 5.797422977363306806e-01
1.346869437410716638e-04 1.091457331831283042e-04 -7.098028792165266184e-06 -2.646264147433744862e-06
1.238017871526391644e+00 -6.185980861633949557e-01 -6.678334100707314369e-02 3.066545577933075806e-01
1.534762349780614432e+00 -1.091016695123611990e+00 -4.100294022623389711e-01 4.797846889364129064e-01
1.178553254512996751e-01 8.099983484068162820e-02 -2.340261577585830283e-02 1.895335725928380330e-02
1.170565790448157450e+00 -2.116808095591750649e-01 -2.425904537148006745e-01 4.596953668695878958e-01
6.059546536218826107e-01 -4.005173404372951683e-03 -1.117940241238802312e-01 1.474135711115380498e-01
1.328256941469561081e+00 -9.946873523562550501e-01 -5.921273348542560599e-01 5.906944089815225896e-01
1.612590043878423529e+00 -6.228227695366758132e-01 -3.530881745290594953e-01 7.723028375872602602e-01
1.230597870779722713e+00 -7.198678310788112489e-01 -8.014297576200030138e-02 1.163360263873815664e-01
1.463126423932647135e+00 -9.299784161736314170e-01 -4.925859349858361380e-01 2.799204390690454014e-01
1.215602282716907835e-04 1.143560476570713511e-04 -8.065742724900281605e-05 -7.091803502074144407e-07
1.188986920710707607e-01 3.788138257016559346e-02 3.262418114015455499e-03 5.763177822028590219e-02
7.530860581100902174e-01 -3.797375659438673168e-01 -4.198130014941574006e-01 4.121674397513708232e-01
1.928694029402084675e+00 -1.317960343495289122e+00 -8.695835615673644936e-01 9.417094246373455269e-01
1.909494496734481263e-04 8.899099930027086860e-05 3.272329702202071096e-06 3.621368724801134827e-05
1.450672344451584328e+00 -6.027657650495096275e-01 -4.112855372390469277e-01 3.932408377576480096e-01
1.397051824799178999e-04 8.436497025896974665e-05 1.536339889455275989e-05 -1.198882229889292571e-05
9.636987681224112867e-02 3.881768260162365980e-02 8.096985097150528193e-03 4.232367698519651916e-02
6.241720006335298443e-01 2.107774720352745268e-01 -7.290815018834435890e-02 2.429334979995910193e-01
1.466235337870577471e+00 -9.296418303304029296e-01 -5.160420000135647056e-01 4.709776749832851883e-01
1.256604071942346135e+00 -7.493228107676556116e-01 -5.559929794137307146e-01 6.523451401125495153e-01
1.465298615667381066e+00 -9.372599976793384302e-01 -5.413044875670226519e-01 2.962201071419419685e-01
1.622306245008418912e+00 -1.202509216653246948e+00 -7.436116563355609221e-01 6.756343200982372066e-01
1.414747688038686446e+00 -7.387407998913426699e-01 -3.760040237677206854e-01 3.655490277542909894e-01
9.548089565927750932e-01 -3.604376785631632774e-01 -2.881058131940035794e-01 5.308850887988734168e-01
6.608688914466047670e-01 1.340693950952696334e-01 -1.182020458333246510e-01 2.406650837108821606e-01
1.282706994454130094e-04 5.832747772952966766e-05 -5.090750475627837394e-06 6.158278852738167955e-06
1.199798127175043305e+00 -2.929418844273270484e-01 -3.292410211059795810e-01 6.473638726064291360e-01
1.810377327550613210e-04 1.329630290751656902e-04 -5.256049372260207953e-05 -2.600794450130302520e-05
1.331754049690913488e+00 -7.852061108253772792e-01 -5.052281578262701744e-01 7.632877833004256818e-01
1.388116041506650244e+00 -1.011084758505401915e+00 -4.591322401605812953e-01 4.925283892252046436e-01
1.688134796558536080e-04 7.025114128442085093e-05 -3.208263578577209488e-05 -3.708391319371226225e-05
1.371384957861206733e+00 -6.342620861337321392e-01 -2.819182303752708063e-01 5.960526802928567403e-01
1.115362690656670708e+00 -4.477051807248138005e-01 -4.834573533640671994e-01 5.163979754048633186e-01
1.696426412117700844e+00 -1.286471136852215258e+00 -9.625543282660110611e-01 4.835408121243320312e-01
1.085742038230201212e+00 -4.433669126984194353e-01 -3.942592255010629043e-01 5.155839246465825365e-01
1.915760121873275057e-04 1.237076062123940309e-04 1.211091344746390272e-05 1.765002063870858552e-05
1.644367953618232070e+00 -7.055076261454299447e-01 -1.162336873345205662e-01 3.654505297015735454e-01
1.420256646811059870e-02 7.222743662829041005e-03 1.310262030581135252e-03 5.110842105194974248e-04
4.005278803698278933e-01 4.352468564613908714e-02 -1.154506421567915581e-01 2.957537465561209666e-01
1.165698253529327211e+00 -5.952769643582317416e-01 -6.861423734492971827e-01 5.441204289715728670e-01
1.609755463876564097e+00 -1.086625484535044039e+00 -8.079593636542166113e-01 6.057151196375939461e-01
1.809870307928772748e-04 7.285278327742333610e-05 1.292534879278431387e-07 3.884652646264864460e-06
1.781502194619348652e-04 8.613578018474496174e-05 1.027459166693695471e-05 9.096100354799334243e-06
1.303088601289551507e+00 -6.818100274737308730e-01 -5.664622003674422146e-01 4.805871657989371770e-01
9.292475569114856393e-01 2.299374991832749474e-02 -6.606966589914451404e-01 8.607149530577206109e-01
1.145379732902087389e+00 -9.635187293385293339e-01 -2.297735056945287013e-01 3.779012166066120781e-01
1.542870865661056357e+00 -8.173060512283020218e-01 -3.600771989285259100e-01 3.202709669255641156e-01
1.169885731903936123e-04 1.043593045077214688e-04 -4.547878539447108501e-05 2.557460010972083708e-05
1.504160879026826381e+00 -7.806804622553258355e-01 -1.063637779410085693e-01 2.478075470143940584e-01
1.423329358230210673e+00 -1.002705964364038582e+00 -7.041485682661965395e-01 7.658297314774958897e-01
1.550326427205669694e-04 8.305252786505619423e-05 -2.192634486609411335e-05 1.857668646902278973e-05
1.276989721343007700e+00 -7.001178561031621284e-01 -3.026414044532811307e-02 1.445851321786081889e-01
7.930361234428565664e-01 1.043772503688903536e-01 -9.545035066224535902e-02 3.258834595230531983e-01
1.224224258994845327e+00 -8.046444749327684720e-01 -2.926249077078522109e-01 4.434897732620513011e-01
1.355352606383510667e-04 8.413351389683809049e-05 -6.831271615052064597e-05 4.840056199323594871e-05
1.009588804220822311e+00 -6.052424051928366744e-01 -3.566656727892407175e-01 2.090752183350415017e-01
1.892263602051077597e-04 1.470738661257777944e-04 -7.877344924212947158e-05 -4.944441849728654459e-05
1.383346365643981501e+00 -1.148550403407350151e+00 -3.217013639443433437e-01 6.454316416414751512e-01
1.874941575023408635e+00 -1.179825993479122426e+00 -6.981149926743253076e-01 4.994085251300546258e-01
1.385535934951479106e-04 1.097345210219407370e-04 -1.801091960187889415e-05 3.352708265242164935e-05
1.348584096756144879e+00 -6.924727838417321646e-01 -2.763610752706515128e-01 4.544419602125525093e-01
1.385868715687564645e+00 -7.666337445569444409e-01 -4.149411052263874966e-01 4.884094385133775917e-01
1.308359833763901819e-04 6.422848320524088435e-05 -2.770674754630839928e-05 -3.028011405212077307e-05
8.605264696596053309e-01 -3.936165300815351875e-01 -1.756287244664928582e-01 5.027647215609154507e-01
1.717115957646070168e+00 -7.007188850089760557e-01 -7.835015548706341093e-01 7.202982399032407113e-01
1.334663237472279107e+00 -6.593870770251493152e-01 -5.252255164641638219e-01 6.438872299567280910e-01
1.198706495150514417e+00 -4.483667907157907750e-01 -7.398962245569462581e-01 7.968642119595288342e-01
1.560821847702459575e+00 -1.044660137378009335e+00 -6.158905039296065365e-01 4.583030073311599728e-01
1.219305862603067059e+00 -5.228978840272443529e-01 -4.891509416766204876e-01 3.468208530075313489e-01
1.469794134296858179e-01 5.405457266217054274e-02 3.848176776597736493e-02 4.306277942981089762e-02
9.568037654075780551e-01 -4.214109783065584924e-01 -2.282391083918056951e-01 3.546739046573462173e-01
2.037169359610735907e-04 1.153000240326970400e-04 1.673618534065342549e-05 -1.990514646865168408e-05
1.566524662399340961e+00 -1.051364252640045294e+00 -7.051439968209686215e-01 5.655520970930545399e-01
4.055042058599928612e-01 2.718742532810086016e-02 4.879415533990624776e-02 3.427346706308014301e-01
2.102807039333215444e-04 1.277731146061221435e-04 -5.737823569310108193e-05 -1.466400846413810440e-05
1.158311849793235648e+00 -8.277997156266976297e-01 -6.160532005444835368e-01 6.006312387569285871e-01
1.561531149795994944e+00 -7.355462780398269729e-01 -9.345089389016585368e-01 8.542315987489849105e-01
5.052453253275310807e-01 -3.682968858305367410e-02 7.731198163604188767e-02 -4.059495122546967483e-02
1.200183897477172357e+00 -5.200939353136386778e-01 -2.937182146925006454e-01 5.045929158184887520e-01
1.121966496498523425e+00 -1.940008693976951193e-01 -5.586176036375283260e-01 4.590333323398355647e-01
1.251761073990339757e+00 -9.089521152850922325e-01 -4.046895502061269578e-01 6.488071674745984341e-01
1.263112460540258830e+00 -4.771169307164275231e-01 -4.388691999496844298e-01 5.336200139479094773e-01
1.182103246906810234e+00 -5.918847069222399337e-01 -1.114570093410772289e+00 8.537244113667884493e-01
7.752244578893611182e-01 -5.410925150422046803e-01 -2.322027712672119493e-01 1.072435520659296426e-01
1.831590439310944118e+00 -9.272557118560215139e-01 -4.020493345416346620e-01 5.526891123134651806e-01
1.190010566428148842e+00 -3.786246837470534921e-01 -1.151174894962232395e-02 4.461849920307425221e-01
1.010495341722953855e+00 -3.429161589495263174e-01 -7.083263779611180810e-01 7.108259339309633829e-01
1.279925801658950535e+00 -6.516043390424409720e-01 -5.417743658040149457e-01 5.212436069590276055e-01
1.973764490984609499e-04 9.885025920265390559e-05 4.384235823484177927e-05 3.423667708742429992e-06
1.704013767692669212e+00 -1.007717069980035962e+00 -3.984303784819504535e-01 8.368031140822609348e-01
1.468150808636365160e-04 7.619703555362245364e-05 -7.063843269044365225e-05 -4.007247492410799387e-05
1.204381859333076399e+00 -3.839781467885911015e-01 -6.859785529583988239e-01 6.855220500926511029e-01
1.166728454685409533e+00 -4.113880110183198435e-01 -6.728961843900091999e-01 2.280593614551913173e-01
1.204456875467430743e+00 -8.341672802255204466e-01 -1.359758157542770296e-01 4.337394327840763397e-01
1.394462936292977240e+00 -6.281514021228742362e-01 -6.007165569780130721e-01 5.323132567905816126e-01
1.371012974854242339e+00 -6.914789064004320807e-01 -1.535443714405475557e-01 5.912680920653534677e-01
1.908932716211888419e-04 1.308113765396956281e-04 -4.173275408387972337e-05 -4.857365170276071011e-05
1.153291809035307702e+00 -9.096617347460175251e-01 -6.137937791607936955e-01 6.467700111124703444e-01
1.420974925862009242e+00 -9.040823967261204519e-01 -6.379517289418789039e-01 3.252751737701683465e-01
9.410439326270296778e-01 -3.559005906206112457e-01 -3.501309454650468056e-01 4.504024581874494504e-01
1.683245719979525878e+00 -5.863296430043961616e-01 -3.175525957795555798e-01 9.156600107559215163e-01
1.083878770628597499e+00 -5.072141071268070345e-01 -4.273084861006268276e-01 5.088967913537029153e-01
1.392355080270462437e-04 2.946846933972658810e-05 1.416967315103928344e-05 -1.261653681281760358e-06
1.107448164987465011e+00 -3.210544822839114243e-01 -4.512193000270374177e-01 2.975490044435885606e-01
1.182865648982753370e+00 -7.812683563116663565e-01 -7.050764862600373828e-01 7.044823449385528846e-01
1.584274257277227482e+00 -5.253405520893448255e-01 -3.820402867841243277e-01 7.943325393222058217e-01
1.444725667755703880e+00 -7.328177871198406912e-01 -8.459467963693025894e-01 6.066421624754241293e-01
1.173289651450490009e-03 2.889188593716964047e-04 2.538040103355423158e-04 6.433199120856025180e-04
1.314718596992461741e+00 -6.137495969095551063e-01 -3.940874393814802201e-01 3.891629450940669588e-01
1.124004318852929174e+00 -5.286375415185502469e-01 -1.155053076075541613e-01 4.125104609410416567e-01
1.769794772788993594e-04 1.032373489720119468e-04 -1.084194902156537857e-05 2.636887870682708756e-05
1.452148398502287607e+00 -7.943958250856256731e-01 -6.688403198954423479e-01 9.555535017833995115e-02
1.093362027032175110e+00 -4.128505631200433124e-01 -4.838211995462067261e-01 5.939149872715511203e-01
1.786636921663014910e+00 -9.464901295400969250e-01 -2.189321172850457464e-01 6.199474452128425073e-01
8.979959973084753466e-01 -4.702442110130185537e-01 -5.223053419362611027e-01 6.344525453701815865e-01
1.142364248205943955e+00 -4.687665535233337955e-01 -3.868380329467400736e-01 5.034584784765842036e-01
1.467217439179121952e+00 -8.076309290064479507e-01 -3.275618141003192596e-01 5.018947386918127807e-01
1.045839398702059331e+00 -4.541883392995674784e-01 -6.600718307199505697e-01 6.698941827502051805e-01
7.721371280226753120e-01 -1.850454463431641383e-01 2.743078629637608068e-01 1.518039530150494254e-01
1.439317815934602830e-04 9.478054823996416589e-05 -4.429083843240187311e-05 -4.029903831041487013e-06
1.173274596916426882e+00 -5.750860928935449534e-01 -8.663884001646834365e-01 5.679030113025850257e-01
1.505796288847564683e-04 8.951451054213627428e-05 -3.875297027778802384e-05 -1.090686156331754263e-04
1.320048618565700170e-04 3.997104948130399680e-05 2.478021713588464072e-05 7.580118965531708732e-05
1.503500955857175692e+00 -5.720553703814860169e-01 -8.841169752416239147e-01 1.035724313017403642e+00
7.230992038101574648e-02 1.447348133357146543e-02 2.697354944962352622e-03 7.043845685386111721e-02
1.920045154104138563e+00 -1.158468409001782051e+00 -4.293923122070955056e-01 4.641496239996439899e-01
5.518537954809565882e-01 -1.328491609743334134e-01 -3.406489960394530614e-02 1.459286892503871003e-01
7.342971290656158390e-01 -8.919853076257613228e-03 -1.085753799864073443e-01 4.312458502373090474e-01
1.988732204780507384e-04 1.365427228518151291e-04 -8.938673625865529440e-05 -7.925400838661085748e-06
1.662764735386053960e+00 -8.773186407183841684e-01 -7.152390166765478785e-01 6.723419051563263027e-01
1.279179902589183904e+00 -9.930164559659059309e-01 -2.026668054903986160e-01 2.541394262747148081e-01
1.331812918654811773e+00 -5.877071129457447363e-01 -5.998593272694754397e-01 7.081612759157406289e-01
1.316698572471959316e+00 -7.904555324327379173e-01 -4.970208794390185703e-01 6.679265266375673527e-01
1.124461663551044266e+00 -5.293672933682780357e-01 -8.941919387192872604e-01 6.351580429321294075e-01
1.517637687916101763e+00 -8.447235354009038355e-01 1.423936821695773458e-01 1.676402369124541381e-01
1.699504721308768584e-04 1.166059099738834078e-04 -3.943286911484366285e-05 -1.214822432667778597e-05
1.689351650620351337e-04 9.571584049809687630e-05 -4.166287645775769736e-06 -1.294562186995204196e-05
5.930436180571717619e-01 1.193131644845599193e-01 -7.947205810837230933e-02 3.992857652370493393e-01
1.619030878615959290e+00 -1.036873267954062205e+00 -5.247469533232649447e-02 1.554991379087357073e-01
1.366887683658608355e+00 -7.918269274185696371e-01 -5.310389076620122273e-01 7.714887011189279775e-01
9.096883699678177670e-01 -4.299337017537419037e-01 -9.238110893223230313e-01 5.473201180237626806e-01
1.389743846013002493e+00 -7.645759806570593398e-01 -2.199034167732453471e-01 2.252697110127015456e-01
9.991184735083685764e-01 -9.439242507801978710e-02 -4.567005261947976180e-01 7.367866513885722446e-01
1.220520677393592379e+00 -7.663497348148614607e-01 -7.582483068634592316e-01 6.363444907826337760e-01
1.485594941485755438e+00 -1.084099913222968503e+00 -3.207885953954520142e-01 3.355724546440876088e-02
1.017803035727457894e+00 -1.537278349435371450e-01 -4.231682491193360929e-01 7.662061087379451463e-01
2.107106174694389083e-04 1.352295044793551295e-04 2.299629566583440729e-05 -2.259292872824833159e-05
1.004535559647193210e+00 -5.875955691588964358e-01 -4.054753870207525868e-01 5.359125996190878816e-01
1.869408690822475849e+00 -9.311463457772014563e-01 -4.114078611957119880e-01 1.016395021433150081e+00
1.335420600842017524e+00 -8.900311955802602260e-01 -9.051225093570872682e-01 5.042129950194628174e-01
1.542587749038247004e-04 7.657750489265753081e-05 -4.882578725498945717e-05 -8.132102723689984633e-07
8.546716276804797729e-01 -2.686859923897030322e-01 -3.312914960250706309e-01 3.336831077454323613e-01
1.171223487669734054e+00 -2.384818251091465335e-01 -2.702975117999091847e-01 4.121862818325128242e-01
1.452141287330855457e+00 -7.241204866304821186e-01 -3.197921362495436126e-01 6.422078137466777914e-01
1.359222283937105757e+00 -9.398976407842707381e-01 -5.950284185417414884e-01 2.873366297395789637e-01
1.241395459316317451e+00 -6.966012687466005548e-01 -7.303935919102465535e-01 7.832321922715685947e-01
1.616172811026646858e-04 1.410312741391806608e-04 -2.877968763222968056e-05 2.791725735848976212e-06
2.072266126152514154e+00 -1.229127575897475344e+00 -3.916324439639429777e-01 4.985486254515384963e-01
1.322526600375029560e+00 -8.052217557656505820e-01 -4.718042276656698730e-01 2.995706203469688522e-01
9.588587764897911203e-01 -5.159643987687810851e-01 -2.117574421926333716e-01 3.679931817419486162e-01
1.273427946378735243e+00 -6.778021993988544436e-01 -8.058835404602151531e-01 7.861342007758478356e-01
1.028788719196407797e+00 -6.134686503942349267e-01 -3.054720597497281864e-01 3.338209548550226113e-01
9.125675826962583725e-01 -5.344997850665662575e-01 -1.699289381694930878e-01 4.593394886616448958e-02
1.712215948832121803e+00 -9.803230626501667766e-01 -5.781652157876201459e-01 7.312690336023255355e-01
1.349444736450553961e+00 -6.364458387527663907e-01 -6.312433322407908776e-01 5.193850854026288433e-01
1.341221258816002404e+00 -2.078556799090960361e-01 -5.580263134568451688e-01 8.920205340951009587e-01
1.818155944485608168e-04 8.502554820468080795e-05 -1.201221813005916384e-05 1.081211243808008084e-05
1.197449345517992647e+00 -4.826611039277174386e-01 -4.471577769576142725e-01 4.851050630222875082e-01
1.165506525173601204e+00 -7.030298213703540799e-01 -4.001998970215632778e-01 4.923623930654326686e-01
9.448831437772895470e-01 -3.010639530105586048e-01 -3.921107743291633030e-01 5.624381517016920906e-01
1.592547302670012321e+00 -8.719329707557128550e-01 -5.543338019975799780e-01 4.562857745387268738e-01
1.230920892212645557e+00 -5.153393590771164767e-01 -5.033604087853811304e-01 3.830423801480231094e-01
7.144486172871941654e-02 1.107284997320891196e-02 4.298445709528875280e-02 5.911677097939745107e-02
9.074812151248339287e-01 -3.947811753961091852e-01 -4.345343866368746588e-01 4.623452308819726020e-01
1.881230338173829120e+00 -9.964686155025767045e-01 -8.507263595444546356e-01 6.499311414798131237e-01
1.447556852154500584e+00 -6.013045873733918745e-01 -3.670617221713206590e-01 5.022049019475902654e-01
9.874761404711011048e-01 -6.347226394061596944e-01 -3.816420913903996737e-01 5.680489410802470607e-01
1.257042032545396110e-04 6.476244435762086333e-05 -2.666731472155235100e-05 1.155423002379690344e-05
1.496512026604328360e+00 -8.002559761333440935e-01 -1.771499033354494435e-01 2.875401127340482255e-01
1.557459174671586233e+00 -6.340584500913499788e-01 -4.462187999839166697e-01 6.250474821407954185e-01
1.349325017486499023e+00 -5.956291190991264139e-01 -8.261430251226241639e-01 6.177962557528257070e-01
1.356292872923795967e+00 -6.394637823252351527e-01 -2.407777637454520392e-01 2.311764803490562459e-01
1.611483081550880714e+00 -7.903348192707535524e-01 -7.682424702435658448e-01 6.371004098192335485e-01
1.153554387477330190e+00 -8.590786110967346678e-01 -6.804482132044609166e-01 4.133737408933084723e-01
1.678446956392232550e-04 8.173407226824890785e-05 1.734148833763310996e-05 3.275193825765296664e-05
1.306321762059613266e-04 5.083330610025181410e-05 4.029114471381240310e-05 7.549888824421624488e-05
1.430819291537064109e+00 -5.914573133679728034e-01 -2.916168756346685931e-01 5.393385560107818444e-01
1.565745947326963950e-04 6.041437557796677235e-05 -2.026849917425577999e-05 -2.234307673354492911e-05
8.792836105406899305e-01 -2.269307367396088682e-01 -6.234022852841054618e-01 8.044882665454411441e-01
1.425808464939490650e+00 -6.611728038448346778e-01 -6.058325623348606026e-01 6.682508830769342545e-01
1.254508142843389518e+00 -8.152413002026991373e-01 -3.234586225890278000e-01 3.023988041480726863e-01
8.411311824459533071e-01 -6.918349807458982204e-01 -6.493962605421397249e-01 3.301596908188214052e-01
4.506729505312689898e-01 1.090536830138625207e-01 -1.903165481988181307e-01 3.638182684684766466e-01
1.596411440888781429e-04 1.195310071152383348e-04 1.178557987560328760e-05 -3.411266175359760801e-06
1.881364713981283243e+00 -1.037908907021243721e+00 8.927032752253807966e-04 3.653605421315798130e-01
1.837552991128789337e+00 -1.191156857113385925e+00 -8.222886251881901254e-01 7.483445719961615561e-01
6.734543523977566393e-01 -2.502903298757823136e-01 -2.334146490287639930e-01 3.480977129381725432e-01
1.845059148470338251e+00 -7.717852780826893744e-01 -2.006537875631799195e-01 8.264760252210150426e-01
1.267160776903222041e+00 -7.153448915693210175e-01 -8.565302046041398665e-01 3.314721150617203627e-01
1.370415545138727209e+00 -7.596771577338966575e-01 -3.567449499337264074e-01 3.531384110971931833e-01
1.136207143356717575e+00 -4.728938455180402567e-01 -6.688321473448287646e-01 6.365948481995390429e-01
1.476393546370020026e-04 5.628670484572221655e-05 -6.697892572030948483e-06 3.504484776632234446e-05
1.316563082053123876e-04 4.691387430470939671e-05 -3.618354102028143371e-05 -4.606214112713759843e-05
1.244846845784254308e-01 5.318926937359837875e-02 1.717451181650645614e-02 4.424754594796360269e-02
1.728259648211794008e+00 -9.329355797099249115e-01 -2.628204530786493742e-01 5.666120290995602105e-01
1.231527843820114043e+00 -5.978423201644850193e-01 -9.142415003961236186e-01 7.709365229882996218e-01
4.997988822857257207e-01 -3.236581195932267119e-02 8.469985081536049454e-02 1.884482068729060877e-01
1.521909070363136607e+00 -6.518723136691686459e-01 -8.682414263737454618e-01 6.643599474943500116e-01
1.038597274522606195e+00 -6.058554452137158153e-01 -2.761076720039051802e-01 4.486068233842602226e-01
1.162746509307339693e+00 -6.871132800941911478e-01 -4.601981600613570533e-01 5.510524118914826852e-01
2.236748567948823162e-04 1.197482804894712145e-04 -4.966852812422646579e-05 -1.076056346390033680e-05
4.372067304909817431e-01 4.088060539183947795e-02 -5.715462579255507769e-02 3.315671623627853282e-01
8.438309380377649882e-01 -6.388305366873637814e-01 -4.610067353100685272e-01 2.725553559705924389e-01
1.793948257112032429e+00 -9.934769969186876271e-01 -7.883467921353100039e-01 9.221746606992313744e-01
1.641581866286807578e+00 -7.671252219466906386e-01 -2.750631096683837096e-01 2.519452286080405834e-01
1.777866626723454454e-04 1.068316738995883349e-04 -2.466948529582151735e-05 -3.038006173451792612e-05
1.144231663050067517e-04 8.187797909857146732e-05 1.745282771988990072e-05 -2.239184219620919832e-05
1.623469232670231577e+00 -1.013647605796252238e+00 -8.568846231152281723e-01 6.851561514910231576e-01
6.972416749323946394e-01 4.311901518316182264e-02 -2.840406086957144027e-01 4.642953211938873337e-01
1.513761952471120331e+00 -7.028370929697905778e-01 -4.796212728507108780e-01 6.195379059830944390e-01
1.026149102947015557e+00 -5.953063584937245967e-01 -1.554698573902841274e-01 2.181804687472301274e-01
6.302667133586636883e-01 -6.126209035002630476e-02 1.788244592517595696e-02 1.970950820907698686e-01
1.113167194425498607e+00 -6.346025524072796964e-01 -6.682655112343487414e-01 6.190204717476304186e-01
1.521556619708779756e+00 -1.159009788886437686e+00 -9.864240090966436281e-01 5.576557204262114764e-01
1.090761836183545136e-01 4.894286659610370960e-02 7.042228897344298029e-03 5.238957469460486793e-02
1.749117186793477940e-01 9.223978601599150395e-02 3.743691085791152340e-02 1.071713331974627308e-02
1.759047837365561584e+00 -9.201057996431736274e-01 -1.028593551715500931e+00 8.367125326475678415e-01
1.463586320015983544e+00 -1.072144216132593142e+00 -2.159896601523424164e-01 3.552968426830332427e-01
1.626359552333598907e-04 1.074234183530638795e-04 -3.296774761387609817e-05 3.529353899460916738e-05
1.907456712819767595e-04 1.191779535640948468e-04 1.932604346517374905e-05 -4.220519227441852077e-05
1.070155903287219212e+00 -6.675478238642060802e-01 -5.076820593456981001e-01 5.445350330256680804e-01
1.563083155340824727e-04 1.069090277356573199e-04 -2.689709545543808933e-05 3.551583452250048231e-05
1.781277925851215915e+00 -9.805436798967583911e-01 -7.217354780905053113e-01 8.626269522739400397e-01
1.309812212778584950e+00 -7.520085824208264658e-01 -4.808231021332825539e-01 2.894280270193621551e-01
1.173328107079540716e+00 -5.052997784165471629e-01 -2.584039766557614803e-01 6.339040855175274158e-01
1.046332291849885632e+00 -5.910324742982109303e-01 -2.968659435595055740e-01 1.040780947297409026e-01
6.944515524822371111e-01 -3.295179766914890784e-02 -1.171404225454158038e-01 3.771609441662103213e-01
1.158953150982237945e+00 -5.141336332507102647e-01 -2.710513249143321479e-01 2.660075332040488516e-01
9.511994659587550446e-05 4.434736536893403564e-05 3.602951994685493798e-06 4.462050781400788812e-05
1.927530936830092558e-04 1.092112083421590310e-04 -5.328552905093950027e-05 -9.127977054601625991e-06
1.337808846246539396e+00 -9.727548878688168088e-01 -3.758327537216571979e-01 3.679358501389058955e-01
1.225342606237783905e+00 -9.753923386590783728e-01 -5.949265483040840907e-01 3.349726902469323808e-01
2.104244402809219805e-04 1.169525300452419245e-04 -3.373037505580903214e-05 2.148008238479118723e-06
9.031369111361438051e-01 -6.155495148168378394e-01 -8.076142993090973388e-02 2.640397279477552650e-01
1.621982038730007680e+00 -9.427266753576591940e-01 -6.137909512686371416e-01 6.102090471960791573e-01
1.572657782143821181e-01 1.095045523884070338e-01 4.872996862892081671e-03 4.765186387651222655e-02
1.104557553311404927e+00 -4.661720236683022378e-01 -8.146797992011618472e-01 8.020666934971282247e-01
9.841252509529029302e-01 -4.966483778429793272e-01 -3.779638938747377219e-01 3.966976324726366743e-01
1.677190806949657942e+00 -1.109253703684845105e+00 -7.300557407869083804e-01 7.040055513426993761e-01
1.380030050991739810e+00 -6.254999923822569530e-01 -1.778002712977687638e-01 -3.732775214812038972e-02
1.267190017135124136e-01 4.653545768160901458e-02 5.378095881379271748e-02 7.501287871120188022e-02
1.630671981350349853e+00 -5.410500647059895973e-01 -4.976517024660196964e-01 8.108351295777141976e-01
1.414015055169381974e+00 -4.942348075705189636e-01 -5.334020530458923881e-01 4.421022277736373352e-01
1.169397739233837719e+00 -3.546057115360177758e-01 -4.343327709492473820e-01 6.019043638350741743e-01
1.054140226945445846e+00 -6.089427531277396000e-01 -5.245154278163413064e-01 4.282942724770066878e-01
8.970522701493643947e-01 -8.510465612001333335e-01 -1.626168937654795810e-01 3.837011857821589350e-02
1.402696826579189926e+00 -8.895203143608092500e-01 -3.104218353608678704e-01 3.822849023959122294e-01
9.213785522728097366e-01 -4.921100315472664022e-01 -4.243638580171699148e-01 2.672736387347026121e-01
1.704000488415046588e+00 -7.868542427309094256e-01 -4.939017529290299913e-01 6.670867503204115367e-01
1.227633040247078311e+00 -8.258602506420713307e-02 -8.595858875652674369e-01 1.008307269462090261e+00
1.119390632502408556e+00 -7.691220308611422807e-01 -2.139838866344011548e-01 2.930597935204637405e-01
1.231345900538987514e+00 -4.949298889169922444e-01 -2.627775602092600749e-01 6.434281656195052213e-01
1.836907806638015317e-04 1.376143434229630687e-04 -6.567232463141250824e-05 1.408177554451125195e-05
1.091301012407963844e+00 -8.342179352506734480e-01 -7.326039082887132459e-01 8.042379645678653377e-01
1.648935532437107940e-04 4.325471483146032381e-05 2.968273104106133943e-06 -5.864026084494163531e-05
1.959400362069210581e-04 9.301016732741247022e-05 -6.264406560667044989e-06 1.233611920070388154e-05
1.587066863997316446e+00 -8.584844876345358866e-01 -7.112825990184408198e-01 8.353924521616746812e-01
1.163415624845161615e-04 4.051249553641518629e-05 1.144325422649311035e-05 5.579827794644113490e-05
1.223674544614090420e+00 -6.010228051237465063e-01 -3.540233653990508267e-01 2.738036497195453500e-01
1.312652447114321188e-04 6.961892464303678907e-05 -7.944319753174925307e-06 4.712127781077965526e-05
1.931559968210801094e-04 8.627793371363334861e-05 -5.641366739602858382e-06 -3.530073150531803385e-05
1.492306501971983446e+00 -5.793578683550308916e-01 -8.771342344039269046e-01 6.234102188854647730e-01
1.725684936589177099e+00 -7.495684812419625143e-01 -3.574251614251802711e-01 6.219987761090007838e-01
8.139860271309400375e-01 -2.427452251114950998e-01 2.418702574979916115e-03 2.183049772678030687e-01
1.368122110883361886e+00 -8.537799356971882414e-01 -7.267627255212447679e-01 6.374149025614282982e-01
9.428940363151885329e-01 -5.751412327612496211e-01 -3.300450567945636404e-01 4.024876267999428769e-01
1.881924881069559685e+00 -1.301400726013483000e+00 -5.506107535117907847e-01 4.636878133456109885e-01
1.269419153103201525e+00 -8.863462177264170849e-01 -3.645271043486930651e-01 3.030086225490040697e-01
1.447204032136673257e+00 -5.163406467868723038e-01 -4.404583662458521065e-01 7.778074419763347791e-01
1.798982864666900006e-04 1.154567164942394141e-04 -5.270964355799569873e-05 6.109804817530727486e-06
1.109737709778551489e-04 8.562291071265100461e-05 1.095910660378519462e-05 4.034377746842827668e-05
1.164120678281358456e+00 -3.555387881269674311e-01 -6.021506356159198603e-01 5.939843170736693878e-01
1.481241767120575759e+00 -9.940664073167523318e-01 3.712061966549203285e-01 -1.111181017794201920e-01
1.735531328942330198e+00 -7.559954113565644507e-01 -5.832849493297491694e-01 8.025367164994738900e-01
1.482775109393861407e-04 1.131395868631376373e-04 -5.566948563848020685e-05 2.342369766004719780e-05
9.321963538802160443e-01 -7.161352315305756777e-01 -6.777463616539548541e-01 5.651463443059825398e-01
1.405625215699289221e+00 -3.223090531269087178e-01 -3.191036695436427761e-01 5.607056278844342323e-01
1.838592308019266097e+00 -1.476012084521107104e+00 -4.892995597060663115e-01 5.561578076509572366e-01
1.444204530459352709e+00 -7.274251469717878393e-01 -6.289950384203443212e-01 7.036304041301808532e-01
8.901736953171333067e-01 -2.074434642288927877e-01 -1.764663588100728597e-01 2.934177684849860190e-01
1.148977596076168053e-04 7.556068952111483499e-05 -7.159027699221425108e-05 -1.143346440031425380e-05
1.190173859126498757e+00 -5.947176092566034411e-01 -5.210461147033410567e-01 8.896694200317734058e-01
1.358028296127824275e+00 -7.042767010887930335e-01 -8.453822457404480684e-01 3.404509827521485787e-01
1.511089810772516140e+00 -9.721729731843161693e-01 -1.562837945084534497e-01 2.555790104271999930e-01
1.692639627583173323e-04 1.336027512187478242e-04 -4.044351355127802637e-05 -2.757022256004780950e-05
1.224379335403056102e+00 -5.088226819148480295e-01 -3.711489712865594370e-01 6.638247278930680118e-01
1.478540963206456116e+00 -8.024771248945626878e-01 -4.702712832690993938e-01 4.512713234731192125e-01
1.219511904430182092e+00 -1.194833635330530552e-01 -7.120189430747937420e-01 9.576542147127858895e-01
7.971693625417194395e-01 -4.706069167463470260e-01 -5.915366492584944735e-01 3.145857969412986788e-01
1.546005827238370767e+00 -9.990085924063613065e-01 -2.031498470958587044e-01 4.109655612153348958e-01
1.215129903819040624e+00 -5.600216289520766333e-01 -2.739494650274391097e-01 3.545764883280699831e-01
1.492154242328586511e+00 -9.298729975553168270e-01 -8.372842604126663479e-01 3.578252629986218292e-01
1.861004792139916465e-04 1.200779138533137643e-04 -2.629485610845151773e-06 1.027508361805602590e-05
1.621209371721678044e-04 7.728907543279036967e-05 4.675713530486232201e-06 1.560001194597906353e-05
9.497911659713195176e-01 -5.083607991213063837e-01 -2.695917015957025598e-01 5.354198895448321061e-01
1.620147576886156182e+00 -9.362618834800433554e-01 -4.919595097987458643e-01 7.042834431883910895e-01
1.311606128922691461e+00 -4.892170925915335089e-01 -6.807888055038290309e-01 5.712266349854814296e-01
1.383351220304197771e+00 -5.895654354647349438e-01 -7.547431114296536681e-01 8.750123373150082706e-01
1.067443620974449114e+00 -2.164242944566811544e-01 -5.682122143337856729e-02 4.715402051262430061e-01
1.441719733793439095e+00 -9.816528140752983633e-01 -3.137442493502082819e-01 2.183268531362047571e-01
1.194453385898796238e+00 -6.665154261495684906e-01 -4.963327490139122777e-01 4.092793402944791548e-01
1.389955145199097242e+00 -6.904746123634348809e-01 -2.731270982537236658e-01 4.200069717985190354e-01
9.426418309917270477e-01 -2.614508421338890831e-01 -3.808654840800978492e-01 4.694220787357203384e-01
1.412718121378536695e+00 -6.847046702998182965e-01 -6.457911728903872328e-01 8.926624806414671376e-01
1.353004179586212441e+00 -6.700386173664908407e-01 -6.131681900074420488e-01 2.792183471603317257e-01
1.231775870039858889e+00 -6.385898491959330903e-01 -3.287658424669429591e-01 4.025214694617998967e-01
1.698588012559937077e+00 -1.019225472445776326e+00 -9.674841637159452556e-01 6.843084449137090131e-01
1.411550830816519499e-04 7.380402551377020096e-05 -1.291380626344094067e-06 -4.679464524132364464e-06
1.674715209510594160e+00 -1.071848431115381528e+00 -2.958584818892955326e-01 8.475993129563307305e-01
1.053770337715272287e+00 -6.832659987929566858e-01 4.175994008071214764e-02 1.142520579397155456e-01
5.239127461836325939e-01 2.856205217396391993e-01 -3.051549374990189523e-01 2.160280053116153676e-01
1.281105503628223508e+00 -8.610311784832875848e-01 -6.692336235025826419e-01 5.828161877934913138e-01
1.431541717190823319e-04 1.034535643421993827e-04 -5.806382187894303185e-05 -1.337501896584777064e-05
1.257744370290957203e+00 -5.503970325060200119e-01 -5.739844713039593538e-01 6.592083630117101523e-01
1.666717265108794921e+00 -9.828577130436310094e-01 -3.188020601261920550e-01 6.278726694489341620e-01
1.948226055779268470e-04 8.861222144769162999e-05 8.851792200720128964e-06 -2.088945271252833939e-05
1.287509460649214121e+00 -7.526884397027507889e-01 -3.445909430669367168e-01 4.953655011792050256e-01
4.549299961364554057e-01 -5.515507627446600281e-02 3.292303274867856150e-02 2.222449136965612693e-01
1.366548271771955925e+00 -5.718739283907882109e-01 -4.062364266409382307e-01 6.211060240776493657e-01
1.480516298590855317e+00 -7.358057551163976751e-01 -5.049585893148131888e-01 4.495767143387287001e-01
1.636941212325449262e-04 1.028620484333863218e-04 -8.806322942614558944e-05 -3.071466095203073443e-05
5.836295847870962561e-01 6.462276280718178391e-04 -1.055648131066836727e-02 3.251650904570949630e-01
1.829836889661093488e-04 1.615340373695766058e-04 -1.047098088292861841e-04 -2.559953642114091341e-06
1.188189482969867594e+00 -7.473711550188398833e-01 4.451668444371510019e-02 3.327904816496956575e-01
1.260297003704810884e-04 5.928235614200026222e-05 -1.168309899419483151e-05 -3.938874415302215826e-05
1.744123533438248774e+00 -1.149694672735146916e+00 -7.794630312968040542e-01 6.457111258423585687e-01
8.330104871836961911e-01 -7.393439253338992545e-01 -1.762973377677102271e-01 1.041072070744107070e-01
1.173526135949156890e+00 -2.623166710751201891e-01 -9.523269727774398286e-01 1.129316039739439059e+00
1.379521081764405688e+00 -6.299480005778510527e-01 -3.913282028190099848e-01 3.596524753564873111e-01
1.433002998874700173e+00 -5.138123243632513049e-01 -3.674243284314521185e-01 4.920685643680452470e-01
1.374440466964000018e+00 -7.646572791988844875e-01 -3.089191906815082489e-01 3.781081821827461664e-01
1.417511998981315413e+00 -7.347777678659644929e-01 -4.711971786271184071e-01 1.842991621895927468e-01
1.680685116323624717e+00 -1.219380049976011460e+00 -3.095144300725208852e-01 4.277783068243537490e-01
1.077281957369721210e+00 -3.244139635139693389e-01 -5.163552166494405071e-01 7.515265439154124039e-01
9.333685431844765956e-01 -1.027530883246198651e-01 -7.222813214255974223e-01 8.159572624345087233e-01
1.196948273309834443e+00 -6.031571084711478958e-01 -2.597920287927882321e-01 3.081769294267969195e-01
1.350474896722567930e+00 -7.321545848493236086e-01 -4.804857582116322523e-01 5.736041777661567975e-01
1.673970967232857494e-04 1.064738808466800691e-04 -6.106424207532302703e-05 1.435707329791100443e-05
1.377950540134924129e+00 -7.019642615264821695e-01 -1.200899817579001161e-01 9.554575129073458739e-02
1.164206529415395819e+00 -3.808562444534560054e-01 -6.005414239187036873e-01 6.993816684168728814e-01
1.151842069128605761e+00 -7.755991596678392108e-01 -3.128831550377187964e-01 4.126100626763850032e-01
1.928405995023585798e-02 8.594860691066774291e-03 3.164343807154659967e-03 2.700741107784729051e-03
1.110201992057790576e+00 -6.030845252610375629e-02 -4.215908941399882925e-01 8.932068843884233278e-01
1.086671450021235774e+00 -4.877798221421817959e-01 -6.736276569097989775e-01 4.286570280090345464e-01
2.012989985667696935e+00 -1.119968031964968302e+00 -7.852237081554960252e-01 8.714543268492659367e-01
7.727363277097025751e-01 -8.214313459732752731e-01 -1.367093862721673603e-01 -1.552830383408891624e-01
1.879317744736760609e+00 -1.137199841859484861e+00 -7.832858001499741762e-01 7.850388893265416446e-01
1.194694871368652711e+00 -7.494287837772680705e-01 -7.621840157412540506e-01 8.762231305313731289e-01
3.143746679268520361e-01 1.569203908004013770e-01 -1.391934619694859265e-01 3.407986949145908606e-01
1.188045750171319748e+00 -2.682550965974553892e-01 -2.922051065497454081e-01 1.968237905643776819e-01
1.777204463955119442e-04 5.020059633954697116e-05 3.392913763928781838e-05 -3.474461949924800689e-05
1.466382489554851842e+00 -4.645844606427768642e-01 -6.039154463845752829e-01 5.531556275243275644e-01
1.652799860483408878e+00 -9.008963314088107577e-01 -6.434031107306995567e-01 4.236206952156537087e-01
1.272190985739569680e+00 -4.122580885395080164e-01 -8.032422884775864969e-01 8.009955962266128715e-01
1.014474822963933098e+00 -7.702314317618186301e-01 -1.641735421340296264e-01 5.759063769441951086e-01
9.413397582079513493e-01 -4.469814254529207442e-01 -5.026171298399641219e-02 1.717416925685432416e-01
1.655034349629546320e+00 -6.997824786052589952e-01 -6.367249590948034221e-01 4.703872791349563709e-01
1.397438289671632639e+00 -4.988068145769195549e-01 -5.128031140066821036e-01 6.838867099286749518e-01
1.341540205966618382e+00 -7.320920648320999868e-01 -6.140974102204541651e-01 6.734223497769180611e-01
8.624601952157500140e-01 -4.852043036602660675e-01 -4.770879081663028654e-01 6.497954398384636621e-01
9.696958273772647852e-01 -5.487160273386549880e-01 3.526981145549404340e-02 -6.987932423903345236e-02
5.810437400992025658e-01 1.046810792082051023e-01 -8.612082820238606273e-02 3.143343701720269778e-01
1.399178203837469825e+00 -9.866615642667544428e-01 -2.715989935631913377e-01 4.676992802261099591e-01
1.226195795598705951e+00 -2.648195088952686738e-01 -5.208889906687876881e-01 6.954087802894838299e-01
1.009457663465306076e+00 -6.045515275165395108e-01 -5.093998662901523256e-01 1.248571224783473488e-01
1.319741800623471129e+00 -6.955150624341240873e-01 -3.910804731641754350e-01 4.435219284063394718e-01
1.309687511505023050e+00 -7.950484617993111014e-01 -2.481402783063860196e-01 3.771500147282211834e-01
5.781642532398323375e-01 6.735296782868650800e-02 -1.064085520922729705e-01 3.414917695416108123e-01
1.044004021016749162e+00 -1.775408050765663603e-01 -8.263141952535435486e-01 1.050425785446511773e+00
2.171675727479146232e-04 9.393903822646705907e-05 -3.513955987965598684e-05 -2.261201031689233251e-05
9.860248337107564416e-05 4.849189040918292491e-07 -3.899809180758995488e-07 -2.965398665303823416e-05
1.123158304057193080e+00 -4.823802310079006173e-01 -6.091114477090578960e-01 8.779947587386420782e-01
1.759123731551899050e+00 -1.209031251516378802e+00 -4.491784578030930120e-01 3.517296589645307892e-01
1.358500042920562034e+00 -5.601168567623859840e-01 -5.833811382027208614e-01 3.647057937873683375e-01
1.515043212712616878e-04 7.303033597494991154e-05 1.446146485425659522e-05 3.453851435227522232e-05
9.843622247296529570e-01 -4.259856536771718938e-01 -3.284117799837599216e-01 4.250257707029391763e-01
1.204379067780883883e+00 -4.689185059194685978e-01 1.615593594379687858e-01 1.052574938842749802e-01
1.401266335521751838e+00 -5.645436828676420049e-01 -8.311115096635101063e-01 6.802142682897435177e-01
1.406262078000759086e+00 -9.302553129720471103e-01 -3.581846783940781376e-01 4.199350064354009371e-01
1.341010719829254461e+00 -7.693585051182496581e-01 -5.767451180400127164e-01 8.270331547458967814e-01
1.448166639738686205e-04 1.017403628579928508e-04 -7.092713922458838104e-05 -1.883686953175895394e-05
1.707112479499459434e+00 -1.010167589321159687e+00 -9.158146169000133119e-01 6.578656318463710351e-01
7.653940885797014815e-01 6.682856499230803438e-02 -4.185483177580606728e-01 7.106397920326263939e-01
1.280998648202617440e+00 -5.525804871180559630e-01 -4.870492552768103667e-01 4.910809980429933774e-01
1.138499842793046918e-02 1.885262220352291822e-05 7.008619039225371002e-03 5.855125253110609815e-03
1.281938221264101729e+00 -6.639429882889513745e-01 -3.244380329876425106e-01 2.294897686391611513e-01
1.416927656313464512e+00 -7.713563877699818327e-01 -7.607421809023064974e-01 6.020585806984201094e-01
1.326136537393022067e-04 8.760433690893165790e-05 -6.925243376142836693e-05 -8.839970503049887174e-06
6.766066440825055928e-01 -2.788108756860702697e-01 -2.581152258980278780e-01 6.009100386287155038e-01
1.213922678736198080e+00 -3.216258586162593081e-01 1.633181530953258243e-01 -3.077292147418690671e-02
1.698026510594177640e+00 -9.836780658456703019e-01 -5.441626084901567406e-01 8.015746116811464095e-01
1.507905531888917183e+00 -6.515460775476972222e-01 -6.191829843911335063e-01 7.585235487302779411e-01
1.114544049616733465e-04 6.939318258889553225e-05 2.184021640270296166e-05 6.566995499763722869e-05
1.700916405555944421e-04 7.202513338855072271e-05 -1.065749329547016524e-04 -6.251140427353615468e-05
1.113010550435439949e+00 -5.992640477683608413e-01 -2.266512990315278642e-01 2.893771669625158083e-01
6.465084235388723899e-01 -1.101829749591329705e-01 2.238806225339622438e-02 2.528673240381906773e-01
1.751457906461485470e+00 -8.996494895932363178e-01 -8.933554240588416073e-01 1.054960779268709237e+00
1.928051483374454032e-04 1.297316654312434005e-04 -3.627906794102455393e-05 2.897077389209932503e-05
1.704967051238673870e+00 -1.129731166414923882e+00 -2.143095172454983210e-01 2.984641549027843288e-01
9.459968583968371147e-01 -3.695818931501245186e-01 -2.764632755335882375e-01 -1.787122610977462042e-02
7.540554666807723905e-01 -4.557575963150996001e-01 -1.467479675866358857e-01 3.818238152326098866e-01
1.531777511318923812e+00 -1.074137850148240148e+00 -2.617233680953814368e-01 2.018949866817257854e-01
1.565693737338827744e-04 1.131398031637916745e-04 1.591678145028141829e-05 3.896740956646254690e-05
1.438798667132013431e+00 -6.104944493274202522e-01 -5.244981258088933229e-01 6.992851731150342420e-01
1.324801531415955745e-04 7.181275615311978329e-05 -4.312295754870362947e-05 1.638940171559571628e-05
1.287587583226493582e+00 -7.360977534387503907e-01 -4.986362968413294294e-01 4.069078361598897908e-01
1.531407487956575331e-01 9.380089376613623409e-02 -6.703531060222944760e-02 3.166957575611453746e-02
1.051406507437796289e+00 -5.604178667406495284e-01 -2.543111471482173078e-02 1.057123317693536846e-02
1.144642623151963745e+00 -6.124111564167660227e-01 -2.881330085791833917e-01 7.358124415849816302e-02
1.696301886451349938e+00 -6.744933599860724049e-01 -4.171465931846546904e-01 1.089099405102160523e+00
9.320147974743786534e-01 -6.235441359934936756e-01 -5.371362499177967376e-01 5.321058373104675665e-01
1.187106415352905620e+00 -7.422044520605807216e-01 -4.644365598051996558e-01 3.874280536538130537e-01
1.279218436581974316e+00 -6.957421005887165499e-01 -4.896222120835327929e-01 2.754986624525465611e-01
1.811171000857612738e-04 1.244550782970782802e-04 -4.282214697351449244e-05 1.153990833763001919e-05
1.688603668161823723e+00 -7.978118030894622015e-01 -4.663149763327079089e-01 7.591089482823827339e-01
9.932350099362635687e-02 2.334749543555506360e-02 2.237238278103166264e-02 3.717255673571790570e-02
1.832307547816535657e-04 6.815601594643434769e-05 -2.863299988361978398e-06 -9.113450054699068521e-06
1.137687888789170820e+00 -6.518694774739767217e-01 -4.545064341037682865e-01 6.664902194215522879e-01
1.823051924627003284e-04 1.417101619378704179e-04 -2.647536353228323520e-05 7.037839062582547134e-06
1.039657319267921931e+00 -4.094776575659693774e-01 -3.178415797021628131e-01 2.045375112149501740e-01
1.575655856225779194e+00 -1.080523645350562445e+00 -5.818953871258345512e-01 6.921503834641423714e-01
1.509818431561568014e-04 9.794847119914882304e-05 -2.996053497183453628e-05 4.466691932964344706e-05
1.095165627893042615e+00 -3.411734107865534993e-01 -5.054967789009666701e-01 6.466341271548533554e-01
1.432277448033845824e+00 -1.092682038735387051e+00 -4.540852743360880850e-01 4.781471727812234840e-01
1.155762215207918775e+00 -4.485262773343203779e-01 1.935943289896479291e-01 1.731501658324939852e-01
1.826643240636893198e-04 7.874005413585813114e-05 -8.437580205930569443e-05 -3.985918400561910379e-05
2.200699548862992572e+00 -1.558268530730618773e+00 -3.312707230491562238e-01 5.370177353096970974e-01
1.696368167735681862e-04 1.127561503742887208e-04 -3.796189950292444749e-05 -3.441950304464186817e-05
1.188577084231723813e+00 -3.964517909641293025e-01 -4.366425562397829307e-01 4.200897741525845830e-01
8.228197993752005557e-01 -2.011500904557382008e-01 -5.169939882338998594e-01 7.291496121707156108e-01
1.131917399362652121e+00 -6.494278644039307435e-01 -5.567765478466727425e-01 5.619708337329646364e-01
1.345298222672983490e+00 -9.012495313437536293e-01 -7.235336413826355395e-01 5.052770961614569956e-01
1.643634901638072463e-04 1.029625123933393003e-04 -3.927932486436648801e-05 -3.925998885470155736e-05
1.335244731967197618e+00 -6.933650325361092603e-01 -7.179677197797890154e-01 8.643579523354597560e-01
4.800340310498498186e-01 4.291594961489136884e-02 6.013811807508526869e-02 3.026125236078873737e-01
1.894967177570598856e-04 6.584572674713448106e-05 3.105987995557872166e-06 -2.231718759119545704e-06
1.535772425639670757e+00 -6.693555124111051358e-01 -6.095685081261802418e-01 9.607940694091131606e-01
1.247174608861927769e+00 -7.852766588668622649e-01 6.082190723021729112e-02 3.406525046031165516e-02
1.091392939695692732e+00 -3.052744467712034671e-01 -4.990544118894597037e-01 5.545665277486721001e-01
1.388074656580383204e+00 -8.673770336082170518e-01 -7.226666690096008594e-01 3.289747819718085164e-01
1.077303426372725470e+00 -3.466824817626758537e-01 -5.104834118560587219e-01 6.322498487266045020e-01
1.497098586710607027e+00 -7.218015288240816618e-01 -3.996604832672162599e-01 7.891570489126692456e-01
9.506858240254974907e-05 3.115578421678267396e-05 3.241639677818920402e-07 7.390148242898054889e-06
6.906699901800990027e-01 -1.232530561020304394e-01 -1.690772521641774884e-01 2.881332194616234021e-01
1.626895042445869357e-04 1.130524380772267306e-04 -5.858899391574276083e-05 -5.818567999403232718e-05
1.359865428737107473e+00 -7.033783979370022976e-01 -5.956368483099123701e-01 6.486134905865165168e-01
1.199209067037679599e+00 -7.637291197378505148e-01 -2.161289225313520190e-01 3.860454306769556254e-01
8.378296344100896187e-01 -3.000780336643658619e-01 -1.346499088575834127e-02 2.964175869076238201e-01
1.115934331294699877e+00 -7.061839496697076557e-01 -8.066478405433401555e-01 7.567977822501346097e-01
1.783818929899852801e+00 -6.568422441030830061e-01 -5.619841832616802035e-01 5.063018802529507534e-01
1.360201134733056927e+00 -4.963806315182175410e-01 -6.815417548983739859e-01 5.507833725017218240e-01
1.592682991722358166e+00 -4.657781634507010549e-01 -5.797022578435633289e-01 8.533700011155034293e-01
1.520492795346587211e+00 -8.699102279219398381e-01 -7.038910193619772881e-01 6.209629515779848674e-01
1.476225707183671298e+00 -1.041255457719627797e+00 -2.984109377486054981e-01 8.020770068881412085e-01
1.573385993230414480e-04 8.438840327387588742e-05 -3.650231134742265343e-05 -7.205674599988631626e-06
1.162503541595106171e-04 8.773725219982340679e-05 -2.832147958934988071e-05 -6.066165836633537396e-05
1.727942466377034858e+00 -8.219453491644498344e-01 -1.046245210998499209e+00 6.350508141830062403e-01
1.341909670858200496e-04 3.460456058945261451e-05 7.400591741044625434e-06 -1.771428500229385645e-05
1.227125057420405785e+00 -4.588254220250757021e-01 -4.006005396790632278e-01 7.058758089151238035e-01
1.540577372440234960e+00 -9.104462640429992204e-01 -5.493478120131788378e-01 7.857600909520512378e-01
6.453407466288044736e-01 -8.071223342039185455e-02 8.004874737588560385e-02 1.969378453758917902e-01
1.911123957803964490e+00 -8.443958676502182348e-01 -3.792738557350207040e-01 7.480556368113510102e-01
1.012208431317678237e+00 -6.006151858770718555e-01 -4.950107004174411074e-01 5.834865723300162177e-01
1.116363787770664029e+00 -8.249398803587536522e-01 -5.788316205590218200e-01 6.762985194895867469e-01
1.597877914693173515e-04 9.076309665328453587e-05 -8.368732223071094565e-06 3.782067105315619052e-06
1.933665614281936129e-04 1.195509451608519876e-04 -7.012253507363088746e-05 -6.268330625323885626e-05
1.321475405897756472e+00 -3.062666149565225759e-01 -5.830044282191605420e-01 5.058835438668773943e-01
1.632932384734436582e+00 -1.091405313289163459e+00 -8.320909220564061126e-01 8.170869323908611648e-01
6.245701641551231198e-01 -6.541555888400957253e-02 3.689140233473983121e-01 1.401253307598668008e-01
1.167291170411417944e+00 -4.106746650875710558e-01 -6.598023788446849558e-01 7.076324762862414852e-01
8.745755231883258762e-01 -5.664102034738346392e-01 -5.474341273282744558e-01 2.803466295518375340e-01
1.045097497542918585e+00 -2.340854536854822809e-01 -7.624720437287699770e-01 5.261062332501371674e-01
1.106395086874133238e+00 -3.901447447458623041e-01 -4.933544531573105241e-01 6.293992866563135058e-01
1.524329916311285782e+00 -9.569033305059166938e-01 -4.811212489705675166e-01 6.138402980392864139e-01
1.409562153520784289e+00 -6.135779081383906375e-01 -4.047960945967918334e-01 5.269770018303119308e-01
1.213701594613046053e+00 -7.612212666239106529e-01 -1.067711494088563473e-01 2.358855968080498799e-01
