0.0 0.0 122.063392955758033054
0.0 1.0 122.177924936836518555
0.0 2.0 122.388537168176952719
0.0 3.0 122.357801612625621601
0.0 4.0 122.003659262302392108
1.0 0.0 121.858309352888895205
1.0 1.0 122.372654562092307629
1.0 2.0 122.201238381889794482
1.0 3.0 122.405467823618266721
1.0 4.0 122.223089894306525593
2.0 0.0 122.113314403817355469
2.0 1.0 122.422300122594393201
2.0 2.0 122.202869050963911945
2.0 3.0 122.177335818610103502
2.0 4.0 121.957077707357754548
3.0 0.0 121.928390505491677231
3.0 1.0 122.238497340053584139
3.0 2.0 122.360584400596692944
3.0 3.0 122.305762645483738993
3.0 4.0 122.099358610515778878
4.0 0.0 122.146533774464913336
4.0 1.0 122.326061443771180848
4.0 2.0 122.236117281535811685
4.0 3.0 122.329543011630278215
4.0 4.0 121.953357653267005389
5.0 0.0 122.003730961104281505
5.0 1.0 122.336655717403175458
5.0 2.0 122.322793678221714231
5.0 3.0 122.336079131040492030
5.0 4.0 121.992073129213906668
6.0 0.0 122.063128297545645751
6.0 1.0 122.165650144101149976
6.0 2.0 122.857408567546386280
6.0 3.0 122.279961260958359048
6.0 4.0 122.012608236602915213
7.0 0.0 121.947012573818895476
7.0 1.0 122.245514420775222675
7.0 2.0 122.259386582567444179
7.0 3.0 122.159644079982157905
7.0 4.0 122.379074744032834587
8.0 0.0 122.071304487354609591
8.0 1.0 122.123922915810780410
8.0 2.0 122.378045448310018628
8.0 3.0 122.333935454647132701
8.0 4.0 122.083899106570044069
9.0 0.0 122.059572124517217162
9.0 1.0 122.452938190451646960
9.0 2.0 122.263184826001577221
9.0 3.0 122.222453838156667416
9.0 4.0 121.706811363155964045
10.0 0.0 122.210237836493874397
10.0 1.0 122.331621675839954833
10.0 2.0 122.272260967836317036
10.0 3.0 122.244678362348437872
10.0 4.0 121.933469733550495562
11.0 0.0 122.183952806149804360
11.0 1.0 122.313196325773546391
11.0 2.0 122.257082324484613878
11.0 3.0 122.280731290329057970
11.0 4.0 121.956998613445918522
12.0 0.0 122.185596016612819881
12.0 1.0 122.209166282224572342
12.0 2.0 122.213556912591727155
12.0 3.0 122.391487529921136002
12.0 4.0 121.991645156007777473
13.0 0.0 121.985255134390428111
13.0 1.0 122.352446751102021949
13.0 2.0 122.398101838883718528
13.0 3.0 122.195737290741078596
13.0 4.0 122.060339313055266075
14.0 0.0 122.022548517256097966
14.0 1.0 122.244743083166881092
14.0 2.0 122.340358462333554712
14.0 3.0 122.238342621794402021
14.0 4.0 122.145001981526803547
15.0 0.0 122.043042450756217931
15.0 1.0 122.413284946808275322
15.0 2.0 122.041110984246927273
15.0 3.0 122.061557843380754207
15.0 4.0 122.208218701772878489
16.0 0.0 122.113533747923426631
16.0 1.0 122.257781679949928844
16.0 2.0 122.290285143670473644
16.0 3.0 122.223306373716638973
16.0 4.0 122.239229931529905571
17.0 0.0 121.913819616474768281
17.0 1.0 122.544685223024316656
17.0 2.0 122.367719526863595547
17.0 3.0 122.228367363686558633
17.0 4.0 121.937604310785843609
18.0 0.0 122.281107049532977271
18.0 1.0 122.342985576927645752
18.0 2.0 122.487020178288517513
18.0 3.0 122.060435492006362779
18.0 4.0 121.948717382663531339
19.0 0.0 122.257177251914384897
19.0 1.0 122.342895272908194215
19.0 2.0 121.967235333963785138
19.0 3.0 122.150520038578221715
19.0 4.0 122.308665535676354352
20.0 0.0 122.109406091571131014
20.0 1.0 122.284884546624823543
20.0 2.0 122.248348246206077761
20.0 3.0 122.222947247616232858
20.0 4.0 122.125825885364079681
21.0 0.0 121.945332809599349844
21.0 1.0 122.093949424280978633
21.0 2.0 122.278747926528197354
21.0 3.0 122.285079757817726431
21.0 4.0 122.244354858137739939
22.0 0.0 122.029044739826062482
22.0 1.0 122.510974693707964889
22.0 2.0 122.398420827405658429
22.0 3.0 122.402252465457962671
22.0 4.0 121.805389112554053099
23.0 0.0 122.139421822665667605
23.0 1.0 122.293491799759181049
23.0 2.0 122.239322340586070936
23.0 3.0 122.223590157527141287
23.0 4.0 122.067494595415809044
24.0 0.0 122.113793586997630314
24.0 1.0 122.223468192009008249
24.0 2.0 122.289152140248461365
24.0 3.0 122.318058076342623508
24.0 4.0 122.046762660599611650
25.0 0.0 122.151980955539912088
25.0 1.0 122.301866362366624230
25.0 2.0 122.230788687175007112
25.0 3.0 122.285918665024595953
25.0 4.0 122.021018466386252044
26.0 0.0 122.219516995097677636
26.0 1.0 122.404636024036065578
26.0 2.0 122.223306495264353089
26.0 3.0 122.254870387733831194
26.0 4.0 121.890133561875074975
27.0 0.0 122.184440973089508020
27.0 1.0 122.294078117738521883
27.0 2.0 122.153756442915906177
27.0 3.0 122.216568958711064852
27.0 4.0 122.142384853556592361
28.0 0.0 121.886917059073837777
28.0 1.0 122.290655891973585767
28.0 2.0 122.344007115977476019
28.0 3.0 122.389268825089871484
28.0 4.0 122.079994527482554645
29.0 0.0 121.720508046694490645
29.0 1.0 122.388481339518335744
29.0 2.0 122.435178833326645531
29.0 3.0 122.467739195770803917
29.0 4.0 121.979085628774811312
30.0 0.0 122.158690022069762904
30.0 1.0 122.652745165464111210
30.0 2.0 122.308128832211764347
30.0 3.0 122.093706205554028088
30.0 4.0 122.031086554597493432
31.0 0.0 122.105100205853119633
31.0 1.0 122.295481914096740184
31.0 2.0 122.189799222317290628
31.0 3.0 122.343592541790258110
31.0 4.0 122.069252680593720584
32.0 0.0 122.024075274600704688
32.0 1.0 122.238219221880584087
32.0 2.0 122.366320909183556864
32.0 3.0 122.262824205350227658
32.0 4.0 122.129254825882085811
33.0 0.0 121.974659696332267345
33.0 1.0 122.454534574652242895
33.0 2.0 122.248143540619366831
33.0 3.0 122.139787073071076406
33.0 4.0 122.104699746723966314
34.0 0.0 121.787357993660009470
34.0 1.0 122.463203374902022347
34.0 2.0 122.355044413729558528
34.0 3.0 122.204778071011773477
34.0 4.0 122.180789316550942658
35.0 0.0 122.100409344607172102
35.0 1.0 122.387088614484270011
35.0 2.0 122.354245352089805010
35.0 3.0 122.084639364238626058
35.0 4.0 122.002547865094967960
36.0 0.0 122.151169212407239684
36.0 1.0 122.311251357527524419
36.0 2.0 122.207669744342965146
36.0 3.0 122.348963313654238050
36.0 4.0 121.972390711842521682
37.0 0.0 122.212808893456070791
37.0 1.0 122.115523623193638514
37.0 2.0 122.319118547903670446
37.0 3.0 122.206466145677438817
37.0 4.0 122.137407985416089673
38.0 0.0 121.968486214869528794
38.0 1.0 122.452209855205694566
38.0 2.0 122.261743383930479467
38.0 3.0 122.228806829529489164
38.0 4.0 122.080179426588856018
39.0 0.0 122.032589534731400249
39.0 1.0 122.476054167020194541
39.0 2.0 122.219234800323846457
39.0 3.0 122.183945749561829075
39.0 4.0 122.079906277182303143
40.0 0.0 122.167427748997312165
40.0 1.0 122.435784951732955506
40.0 2.0 122.233902201040692148
40.0 3.0 122.207243389507198117
40.0 4.0 122.055211585818469189
41.0 0.0 122.033993013097628477
41.0 1.0 122.143217397140887215
41.0 2.0 122.451640256696862252
41.0 3.0 122.285156615415758097
41.0 4.0 122.077116198098750033
42.0 0.0 122.107852740028832272
42.0 1.0 122.303926416734157101
42.0 2.0 122.314626489361458539
42.0 3.0 122.027400722629977281
42.0 4.0 122.120026351955388577
43.0 0.0 121.908666290373560059
43.0 1.0 122.397242554785279367
43.0 2.0 122.421271182319671311
43.0 3.0 122.268726955397397660
43.0 4.0 121.995705434430334435
44.0 0.0 122.121864138330550986
44.0 1.0 122.312642229749513945
44.0 2.0 122.264465852628418929
44.0 3.0 122.111851272003661961
44.0 4.0 122.180881100770733383
45.0 0.0 122.199326285951144655
45.0 1.0 122.169811250585695461
45.0 2.0 122.266505977802523830
45.0 3.0 122.265623960414870908
45.0 4.0 122.089943054472783501
46.0 0.0 121.894987027382171618
46.0 1.0 122.294778530360218838
46.0 2.0 122.374642847862816097
46.0 3.0 122.114731247172628059
46.0 4.0 122.314598471769173216
47.0 0.0 122.097651633674900040
47.0 1.0 122.376082276125259796
47.0 2.0 122.282045943494281914
47.0 3.0 122.454494398612624195
47.0 4.0 121.781639268647651875
48.0 0.0 122.164379733579991694
48.0 1.0 122.172873462043867221
48.0 2.0 122.071889445968338350
48.0 3.0 122.333320832485156870
48.0 4.0 122.247758058309116791
49.0 0.0 122.127881359773567738
49.0 1.0 122.464269356267450917
49.0 2.0 122.219968187507987523
49.0 3.0 122.287560911771180372
49.0 4.0 121.995587212866269056
50.0 0.0 122.066388551910719684
50.0 1.0 122.315234091903505487
50.0 2.0 122.349065464851861407
50.0 3.0 122.305719980638329503
50.0 4.0 121.955291692780690482
51.0 0.0 122.030613783923612914
51.0 1.0 122.242460704274108707
51.0 2.0 122.289270577524590067
51.0 3.0 122.381429976792972525
51.0 4.0 122.047141917894791163
52.0 0.0 122.051403811177436864
52.0 1.0 122.371412613457266616
52.0 2.0 122.335582138390819296
52.0 3.0 122.135561705561940471
52.0 4.0 122.097838968713475083
53.0 0.0 122.050332381570768803
53.0 1.0 122.558891780853841169
53.0 2.0 122.253970561112396354
53.0 3.0 122.077614389392621774
53.0 4.0 122.051347712038875670
54.0 0.0 122.083753143831856391
54.0 1.0 122.425246998008589117
54.0 2.0 122.363900859388792242
54.0 3.0 122.193627290361050086
54.0 4.0 122.007597326950488537
55.0 0.0 122.032537025644373330
55.0 1.0 122.389265239129144902
55.0 2.0 122.322280086585749359
55.0 3.0 122.169812291997459397
55.0 4.0 121.961453697636684979
56.0 0.0 122.164842975283761461
56.0 1.0 122.361956056736019605
56.0 2.0 122.161595405140573689
56.0 3.0 122.186003200124346790
56.0 4.0 122.061969112112080893
57.0 0.0 121.863839009984332051
57.0 1.0 122.356456940367309016
57.0 2.0 122.398828031125972871
57.0 3.0 122.165185631290768242
57.0 4.0 122.206885827817714585
58.0 0.0 122.199366505842149877
58.0 1.0 122.254956885163394986
58.0 2.0 122.332244779399985646
58.0 3.0 122.357662223962122994
58.0 4.0 121.847784975097496840
59.0 0.0 122.178000325453538721
59.0 1.0 122.418459930283702874
59.0 2.0 122.266198006066503012
59.0 3.0 122.208907955193168959
59.0 4.0 121.920680549184368147
60.0 0.0 122.033613914399168721
60.0 1.0 122.487072745747113345
60.0 2.0 122.290944304863259617
60.0 3.0 122.090876633518632843
60.0 4.0 122.039670440671926599
61.0 0.0 122.006324153857605097
61.0 1.0 122.278555067319260274
61.0 2.0 122.210145075837601780
61.0 3.0 122.300835538865612762
61.0 4.0 122.442677171308844208
62.0 0.0 121.963717233120263472
62.0 1.0 122.481959998203052464
62.0 2.0 122.405196014640694102
62.0 3.0 122.124392982068215474
62.0 4.0 122.017055363662535683
63.0 0.0 122.173096746666473678
63.0 1.0 122.426282710648223429
63.0 2.0 122.042241008879358333
63.0 3.0 122.337008120144105305
63.0 4.0 122.052498035668463672
64.0 0.0 121.958347033763359946
64.0 1.0 122.521126827310183671
64.0 2.0 122.173426782005293489
64.0 3.0 122.332247878386112916
64.0 4.0 122.151707919424936222
65.0 0.0 122.266906842015572465
65.0 1.0 122.405682164517912724
65.0 2.0 122.102880943566873384
65.0 3.0 122.198955269350122421
65.0 4.0 122.017519660919830926
66.0 0.0 122.099509466874096120
66.0 1.0 122.353286538592612942
66.0 2.0 122.337861740541868016
66.0 3.0 122.216337449731014431
66.0 4.0 121.984863987118387740
67.0 0.0 121.934840571933747810
67.0 1.0 122.482186770387684760
67.0 2.0 122.498124991836590425
67.0 3.0 121.945831078558271088
67.0 4.0 122.131682433649118025
68.0 0.0 122.077193879616331174
68.0 1.0 122.258147304108874209
68.0 2.0 122.268534162016166533
68.0 3.0 122.220788203391464322
68.0 4.0 122.166479327134751998
69.0 0.0 122.064496095209364057
69.0 1.0 122.158524328681906468
69.0 2.0 122.172076859925113013
69.0 3.0 122.220333386638500883
69.0 4.0 122.743747708966509435
70.0 0.0 122.057073458069226035
70.0 1.0 122.530821881030547615
70.0 2.0 122.155631819539976846
70.0 3.0 122.312370912941148049
70.0 4.0 121.935778642482858913
71.0 0.0 121.898065545608545790
71.0 1.0 122.438097672062156107
71.0 2.0 122.375730980908500101
71.0 3.0 122.337574677156226244
71.0 4.0 121.982478043583199678
72.0 0.0 122.035758581600816797
72.0 1.0 122.088079359499914744
72.0 2.0 122.258507922777283738
72.0 3.0 122.520207688856231698
72.0 4.0 122.087515471811258294
73.0 0.0 122.153539330596402124
73.0 1.0 122.275929410401474229
73.0 2.0 122.297516128210475017
73.0 3.0 122.053950280231049419
73.0 4.0 122.220614937714685766
74.0 0.0 122.066075780619698321
74.0 1.0 122.448092335139662623
74.0 2.0 122.283270216610219450
74.0 3.0 122.318422193549864119
74.0 4.0 121.876021929327322368
75.0 0.0 121.865489616346295065
75.0 1.0 122.411219490862947623
75.0 2.0 122.236939810037540610
75.0 3.0 122.281856284597964191
75.0 4.0 122.164648821224886888
76.0 0.0 121.925112695151241837
76.0 1.0 122.431833541485673322
76.0 2.0 122.297542972501844361
76.0 3.0 122.277392196052176132
76.0 4.0 122.059813358594340116
77.0 0.0 122.415040521428778675
77.0 1.0 122.266949144021339180
77.0 2.0 122.325804279359019233
77.0 3.0 122.141299498945159030
77.0 4.0 121.953833187912167091
78.0 0.0 121.972561880279911861
78.0 1.0 122.233331220792422300
78.0 2.0 122.504762571209752764
78.0 3.0 122.063224481568141755
78.0 4.0 122.217727891583038513
79.0 0.0 121.975426077012599535
79.0 1.0 122.402293488221971529
79.0 2.0 121.999168231026089870
79.0 3.0 122.314147216576401433
79.0 4.0 122.122795336490980844
80.0 0.0 122.131445136798816975
80.0 1.0 122.328129497440144746
80.0 2.0 122.262761967371346827
80.0 3.0 122.103978987045053373
80.0 4.0 122.165588883167188783
81.0 0.0 122.173852330158581481
81.0 1.0 122.220914395921184337
81.0 2.0 122.177718914132654504
81.0 3.0 122.384125797547696379
81.0 4.0 122.034439320766011861
82.0 0.0 122.172949489468535944
82.0 1.0 122.467726099510315407
82.0 2.0 122.285736638935802034
82.0 3.0 122.238002176088301098
82.0 4.0 121.927792243653371429
83.0 0.0 122.064640711269191797
83.0 1.0 122.408717532219100121
83.0 2.0 122.415911583572892596
83.0 3.0 122.180348091491865148
83.0 4.0 121.922873861465518530
84.0 0.0 122.169584735372481532
84.0 1.0 122.495237087741656978
84.0 2.0 122.120873338044944489
84.0 3.0 122.212867735355160903
84.0 4.0 121.993604171878757825
85.0 0.0 122.081892926294784729
85.0 1.0 122.349811528992574949
85.0 2.0 122.277716067401755140
85.0 3.0 122.319491223995811424
85.0 4.0 121.890147391451861836
86.0 0.0 122.104356822609986466
86.0 1.0 122.175132029228493025
86.0 2.0 122.291997614923616311
86.0 3.0 122.111798693412723082
86.0 4.0 122.304973460032726962
87.0 0.0 122.280855930611977556
87.0 1.0 122.243625089963686037
87.0 2.0 122.605450738309798453
87.0 3.0 122.229159645335997197
87.0 4.0 121.982486291253152899
88.0 0.0 122.035852306164855463
88.0 1.0 122.502567945256288340
88.0 2.0 122.166685159670990402
88.0 3.0 122.301050533139743948
88.0 4.0 121.985476647916854631
89.0 0.0 121.895475863381903991
89.0 1.0 122.221721523140800514
89.0 2.0 122.300889745484070659
89.0 3.0 122.348623815362586242
89.0 4.0 122.223473645641618646
90.0 0.0 122.156955991596291256
90.0 1.0 122.461765341511309657
90.0 2.0 122.267929828417607041
90.0 3.0 122.210212783907081757
90.0 4.0 121.962400489108162560
91.0 0.0 121.873099480222379043
91.0 1.0 122.522913182490867712
91.0 2.0 122.282722132111345559
91.0 3.0 122.315072334555352995
91.0 4.0 121.997754959596562685
92.0 0.0 122.184405821938341319
92.0 1.0 122.402422103848678603
92.0 2.0 122.094146298715699572
92.0 3.0 122.277972297831070136
92.0 4.0 122.032583072521461531
93.0 0.0 121.884467277229717297
93.0 1.0 122.294264765358818181
93.0 2.0 122.349808170015208475
93.0 3.0 122.554568884149759356
93.0 4.0 122.207714248541975621
94.0 0.0 122.110688160412152570
94.0 1.0 122.346751893284050539
94.0 2.0 122.378284109730159912
94.0 3.0 122.188685683343535970
94.0 4.0 121.929823101083130155
95.0 0.0 122.103347522742637921
95.0 1.0 122.328992613830493497
95.0 2.0 122.165522664698187327
95.0 3.0 122.170824383136221059
95.0 4.0 122.050301375133827264
96.0 0.0 121.933412241039917490
96.0 1.0 122.370037519322664821
96.0 2.0 122.317848687553080822
96.0 3.0 122.086894553575845634
96.0 4.0 122.249853639144603790
97.0 0.0 122.149848301070719003
97.0 1.0 122.531439447977064106
97.0 2.0 122.282999003542414584
97.0 3.0 122.134039814733952767
97.0 4.0 122.077301027671452971
98.0 0.0 122.005350713200627411
98.0 1.0 122.447499133200096821
98.0 2.0 122.222118399893986407
98.0 3.0 122.240334458004397788
98.0 4.0 122.076317657886917800
99.0 0.0 121.882592670318047112
99.0 1.0 122.464703842701823078
99.0 2.0 122.246778714175093228
99.0 3.0 122.230219563999057186
99.0 4.0 122.166824070149488080
