2.159510620555670987e-04 1.972143478606153122e-04
2.343202477127419943e-04 1.293622592980656300e-04
1.997736341026881224e-04 7.890324124761944257e-05
5.849203917779391822e-05 7.712058556036273762e-05
1.293411364508866078e-04 1.762759230465089531e-04
3.219903985259863258e-04 3.814719424495418903e-04
-2.783494717199705981e-01 2.779889672114493337e-01
2.759006528229857036e-04 1.361045848527781422e-04
9.649356662509784854e-01 -6.037512811226525278e-01
1.312321586091266259e-04 9.828425731565792653e-05
1.334809550496314772e-04 1.642784190206675982e-04
5.100660631936582146e-01 2.314940466881512671e-02
2.012609624933002917e-04 1.239541506652395476e-04
7.306881467887607607e-05 1.553424477149040344e-05
2.609145948369438099e-04 2.625727085154761940e-04
1.912335452636878966e-04 1.115434846150746854e-04
3.398904573602524537e-04 3.769672208926669755e-04
5.188241416695354963e-05 9.264874863017184595e-06
4.320681717642730901e-01 2.470060579225680786e-01
1.341096818102098390e-04 4.471105621182462305e-05
1.637333382000778054e-04 1.764020762418590271e-04
1.441682492397741028e-04 1.329052579671399714e-05
3.494964081884321949e-04 2.719081865883229304e-04
1.579502315925089952e-04 2.345284208541557934e-04
7.048829107784440051e-01 -7.290242373588200486e-01
5.090808295333107969e-01 -6.178997868935472981e-01
1.314083421600647800e-04 1.967861436719510818e-04
9.483667528484029940e-01 -4.694688064632613483e-02
2.602660356884332654e-04 1.893685426998309906e-04
2.299476474508519504e-04 1.943173966952677295e-04
1.341958169185878552e-04 9.287987918030977453e-05
-9.581203613072459824e-01 8.799236756086525890e-01
2.544856917223741908e-04 1.870541937499643162e-04
2.522811323678212725e-04 1.853348654234391539e-04
8.169257890128823751e-01 7.445680270626367503e-02
1.609406559610748332e-04 2.340507473983863143e-04
3.031750949051186862e-04 1.584576776130921063e-04
3.699542468721478405e-01 6.941327351830742232e-03
-1.584110114233719318e-06 2.616302522501394171e-05
2.542413293563830349e-04 1.838608293975237693e-04
2.331195723032556235e-04 1.272963576303824164e-04
-6.562039397099574956e-01 1.672035068442853323e+00
8.146314470947068065e-01 -4.637420270492055296e-01
1.070974541589708826e-04 5.609114685619432164e-05
2.709960739982569225e-04 2.050748487520090728e-04
9.209471991252765198e-05 7.197854816968085199e-05
2.562047007353024678e-04 1.920844691624886162e-04
2.691002654493697692e-04 2.407391385953011837e-04
6.032355672803215268e-06 1.088447558585313708e-06
2.205986033319536424e-04 1.499239774179863312e-04
2.642647439079520602e-04 8.216096350949148367e-05
1.833099566540445451e-04 1.512093220678685718e-04
4.818636890010927765e-01 3.615585110714931161e-01
1.706046451594344564e-04 2.050390319215207515e-04
5.985510258081827892e-05 6.930767792807945599e-05
1.194542404540039016e-04 1.507726977778004645e-04
1.061636988252028169e-04 6.064731079841024597e-05
2.088558294299347473e+00 -4.086690577866699536e-01
-3.350128674710786801e-06 1.807295789086057355e-05
2.046272585441871760e-04 1.948593471563316211e-04
7.301139932453223347e-01 -1.471347784055802681e-02
3.265899956007219953e-04 2.505578154125023241e-04
3.254394637428613679e-01 -9.762762486512950588e-02
1.476881863409124128e-04 1.874221616861455062e-04
8.135522555377169285e-01 -2.052538977031136136e-01
2.520945584980603150e-04 2.029158540046850482e-04
1.282239733368834959e-05 9.228477926877336993e-05
1.392025361206409961e+00 -1.120506466423036196e+00
2.279884159091399593e-04 2.902893328537779587e-04
1.426749031229278097e+00 -5.251938902653772168e-01
-6.345405269761741907e-02 4.015342426534026510e-01
5.528671108460684529e-05 2.384490778947632173e-05
2.052048358116685830e-04 1.620330557902657570e-04
5.666051360879109655e-01 5.919223191381222521e-02
3.319978398317001140e-04 2.747547997720236647e-04
2.521696085707353136e-04 2.345467264741604512e-04
9.660873619802132217e-02 6.930222888624835986e-02
8.132074808261240421e-05 3.869312337741657011e-05
9.145217541756379368e-05 7.670633330739800562e-05
1.281608369516824997e+00 1.466613577019810488e-01
1.634408367499052828e+00 -5.778758443761862207e-01
-1.032623804671895884e-04 -4.946167538937641027e-05
2.763222025014073677e-04 1.641497528532891940e-04
2.550992950197232285e-04 1.324023196982374712e-04
1.450426783209330446e-04 2.918176614208326967e-04
1.361374570274212395e-04 7.606502941514844236e-05
1.515424195330568747e-04 6.576351215305557482e-05
2.261692449959674380e-04 2.320345346630089294e-04
1.419370944954951349e-04 1.699946004709668938e-04
1.808158210942499610e-04 1.158625600132551659e-04
1.894954559906669722e+00 -1.662492384421827785e+00
1.218402808812998667e-04 1.279224280702029684e-04
1.894784087747615215e-04 1.585655046212232496e-04
1.326113292077776644e-04 1.366367558274863842e-04
2.474006966925130840e-04 3.070985091018650550e-04
2.970689133913826940e-01 6.560888434005825998e-01
1.677328776884836584e-04 1.220541013888226244e-04
-1.169709966358975755e-04 -5.640453630372222030e-05
2.674315772322690310e-04 1.211258853707135552e-04
3.194895909711149840e-04 2.344040869539084162e-04
1.327448664696042246e-04 1.101506276276910509e-04
1.954774975318511743e+00 -9.837586883952572636e-01
2.150489134772362544e-04 1.121454770019514107e-04
2.484327905141251705e-04 2.537701965915513651e-04
-8.583268408449207243e-01 1.162891139316821976e+00
4.246969095036109070e-05 4.963265733100950404e-05
2.677371554436324547e-04 2.783422631117597550e-04
1.193557424943701847e-04 8.783093306976739664e-05
1.774182517689624908e-04 1.920798419199129113e-04
1.859941454913188741e-01 3.095088240699503390e-02
3.332041738654233911e-04 2.619445306893952176e-04
2.829078746808222312e-04 2.633152434325302326e-04
8.745647560174495405e-01 -3.165468236935080060e-01
6.988567997594343016e-05 3.681172137950144605e-05
-2.174541329497083619e-01 4.678433610681473898e-01
-2.228030238891917869e-05 -5.281442741164172315e-05
-8.238732720719591507e-01 1.509685268027194383e+00
1.030882487376453049e+00 -6.809695172831964349e-01
2.321863913596938409e-04 1.893767159696852832e-04
4.525739961195964813e-04 3.169444431349232802e-04
2.487699749902546860e-04 2.559503190087118762e-04
8.577244572283084130e-05 6.119040648563423034e-05
1.080220038627216966e-04 1.082389425265630525e-04
9.378118209059488320e-05 8.175627311055101471e-05
3.114663112739409650e-04 1.562074696622324488e-04
1.822147201539073876e-04 1.878904965141954184e-04
2.154945792611107785e-04 2.079308999151263551e-04
1.286292631719349326e-04 1.480667371297058005e-04
9.521209326027877395e-01 -6.255839140273258270e-01
2.184954684727441867e-04 1.294568186634561602e-04
3.343048179508596078e-04 1.868445874793608419e-04
1.338199500357181826e+00 -1.083921219259752267e+00
2.110828627772110531e-04 3.016979758860949918e-04
2.754233593269751930e-04 2.672674370785217191e-04
-1.127635553028158465e-04 -7.616666150051806068e-05
3.679757535801777917e-04 2.398856268578739427e-04
1.055046623368496980e-04 1.319470918238182318e-04
2.283445714578164593e-04 2.062928467040090798e-04
1.760939963260499787e-04 1.596123542512305389e-04
-4.717854319262692703e-05 -7.163870052830259669e-05
1.220392852939852150e-04 9.188280296811325034e-05
1.803703625163374877e-04 2.301309338579592449e-04
2.988766987315463666e-04 2.387040519396074376e-04
1.113183575006232147e-04 5.443550560237391569e-05
7.981548175912780430e-01 -4.044347582292303622e-01
1.902265982466538668e-04 1.156620155994130694e-04
1.252596627054388800e-04 1.451924046579720494e-04
2.444505145080780209e-04 1.301452274254037808e-04
1.512897957112023669e-04 7.746808302858842381e-05
1.228528915695652820e-04 1.793635604613018635e-04
2.816129304344445919e-04 2.615758825794105443e-04
5.974311431345965211e-05 1.407924798220183433e-04
2.776324983740897055e-04 2.330250276425083851e-04
1.215210719660192229e+00 -1.031461455927942250e+00
1.134969768340104751e-04 5.890593891727713058e-05
7.859784396299568713e-05 2.429349122197560813e-05
1.870442118578177543e-04 5.538460266582632529e-05
1.709856491111592090e-04 2.087641622570734275e-04
3.541502750522577871e-04 2.665350080020331539e-04
4.765175511363706635e-05 1.131529986762444068e-04
1.490537724637526961e-04 8.826163031380066611e-05
7.666556590157464987e-05 4.420488974659524724e-05
6.250034228291173198e-05 1.290941650093433552e-04
9.572034391064666316e-05 1.912861885638703129e-04
3.148704313469554705e+00 -1.457941656769306649e+00
1.849986048888224547e-04 2.208455313020188501e-04
1.547317227210324608e+00 -8.632752367792985160e-01
2.098804758102885656e-04 2.965349475520726030e-04
5.015508669148216470e-01 -6.747869323984316825e-01
2.440323686288790330e-04 1.481786223026830475e-04
1.921943485374758411e-04 3.210505948654341171e-04
1.607538890259155989e-04 3.658566242692050299e-05
2.513485507194371010e-04 1.917130040310050074e-04
7.975339614182039012e-05 6.656711482137285659e-05
1.090362427448253069e+00 -6.182133027266980552e-01
1.292031435885639340e-04 1.278641326034647425e-04
2.498314959127964511e-04 1.998791925376226201e-04
1.545560531521222186e-04 1.248088215360426874e-04
1.820735013236740509e-04 1.429683512012147205e-04
1.119333033453145254e-04 5.083527938990304196e-05
9.801943619914998593e-05 1.755700358814010959e-04
3.594611027722171073e-04 3.397413699152519793e-04
2.915259030994560852e-01 -3.812210626088625154e-01
2.912179418477260314e-04 1.725773511844194198e-04
6.834710121460554344e-01 -4.348117839415336361e-01
1.214576648002392512e+00 2.427053343141502006e-01
1.763980877899451905e+00 -8.766256918605068726e-01
1.028315724510179765e-04 1.791472694811227983e-04
-1.169615415645568701e+00 8.451858706841467450e-01
3.024874160795961169e-04 1.477163854813945193e-04
2.578781893414407059e-04 2.722279257725711732e-04
8.156955415685774886e-05 6.085304397396798938e-05
2.437098029195573865e-04 1.229448730182497267e-04
1.950935908841655141e-04 1.055053260754397888e-04
5.442140849386272486e-05 9.815782968308874111e-05
1.498752154222629807e-01 5.297605950421920840e-01
1.511001817364748953e-04 9.275987633366807755e-05
1.435072935175073575e-04 1.035535079137763344e-04
2.045420306351149902e-04 1.644763583534574922e-04
2.304261557421234544e-04 1.668403312316918364e-04
1.645260813797427509e-04 2.379116006338465798e-04
2.041834323133226252e-04 8.663007257982873258e-05
2.436408818202585966e-04 1.660732457690326010e-04
1.296190065005782674e-04 5.168177865634763341e-05
9.203528468328804710e-05 1.252334130103973514e-04
-3.855204550800197388e-02 1.069961586485914440e+00
3.151182572027338296e-05 4.078068871918251372e-05
1.904286775752954908e+00 -9.985694977978309961e-01
1.026173422033421989e+00 -6.634553637532499826e-01
2.819386991270870298e-04 2.765473880736021503e-04
-1.377015532981673562e-01 5.842598631524092978e-01
1.125276912170545041e+00 -6.878243062340952951e-01
1.061703897596342205e+00 -1.269049332512319495e-01
1.058256366416233440e+00 -1.051614214312731471e-01
2.345461505049277755e-04 2.502265478031167104e-04
2.233985572039975465e-04 2.326656137494821544e-04
1.183127130855219811e+00 -6.892132041457051939e-01
1.436157123136576157e-04 9.081576962539018221e-05
1.655446804085458027e-04 1.310510383984211913e-04
1.463843667963709726e-04 1.470035686647211761e-04
2.385091568256035588e-04 1.939622969712898959e-04
2.130417574791558799e+00 -1.145283626991712600e+00
9.163730056981297966e-05 7.721472929875988821e-05
-1.568003409095259648e-01 4.766877847879166241e-01
1.623855111307336840e-01 9.416786474156051412e-01
1.200871385125669361e-05 5.483368769515752165e-05
9.457053965710911778e-05 2.034945588485543471e-04
1.882215699505424087e-04 1.502399722882260960e-04
1.081175993505695931e+00 -4.446135588354097612e-01
1.181853351088608894e+00 -1.300549911197920218e-02
9.222432070366230609e-05 1.378990796103535493e-04
2.442817204729675826e-04 2.020603740175848611e-04
1.877775039486692546e-04 5.170439865790014668e-05
1.659017753945372432e-04 1.064266407357195140e-04
1.395272933944368050e-04 1.534271470083953183e-04
2.392583365035739530e-04 1.710457883172906632e-04
8.901469028200679166e-05 1.058528258241727874e-04
2.055266471800948173e-04 1.311133457096732397e-04
2.731905747358578419e-04 2.052440383402710507e-04
4.243891834813639646e-05 6.481761256707485022e-05
1.733393678188627446e-04 2.242508690410445872e-04
1.330044728895580131e-04 8.929636399089027848e-05
2.666294853602569205e-04 1.647138113440320319e-04
8.866696816562927852e-01 -9.820021880451964558e-01
2.146784202162066327e-04 2.575896326738525061e-04
2.565619899355742542e-04 1.629888998815479724e-04
8.579453080574587327e-05 1.093628394642229756e-04
8.585616011634014839e-05 7.992732841361872376e-05
8.174756232097316663e-05 1.032683111055610867e-04
3.157218265515852949e-04 2.107301906870072915e-04
-1.736513825760009166e-05 1.036258717530456029e-05
1.686982378608031872e-04 1.189340994636528596e-04
1.434077451921464516e-04 2.236581217389067757e-04
2.695736732359224164e-04 2.434647492317642886e-04
2.116326802451824030e+00 -1.220653868550989785e+00
7.721321312919768864e-01 -7.736414646922640248e-01
1.263955305880984804e-04 9.692002041843811311e-05
1.955300870261524179e-04 1.437939268356875407e-04
1.994530073060659520e-04 1.688402787058945341e-04
2.895127114511456250e-04 3.008548085712528432e-04
1.111736044424328052e+00 -6.498898058426699764e-01
3.080160207816789899e-04 2.482099802935394802e-04
1.294474369752703025e+00 -6.495709803256343173e-01
1.624339165000640572e-01 6.916591857956549960e-01
-3.103695583357742316e-01 8.651465031852295651e-01
2.763152919671868772e-04 2.388558783818889287e-04
6.695501180797144207e-05 6.393075326016940132e-05
8.774312952941657427e-05 2.197700061910730091e-04
1.598203003872449957e+00 -5.622562358260361215e-01
1.457450474119035944e+00 -1.053612505279545086e+00
2.495552323630968461e-01 1.411555278824546678e-01
-1.428736518313603598e-01 6.793909395238156845e-01
2.537771486566325341e-01 -7.469280151717799798e-01
3.061904805748440466e-04 3.512819550267842175e-04
1.936825517533241885e-04 8.917221928399301524e-05
-9.700661638835660350e-01 4.986543905321069170e-01
1.964428153785692521e-01 7.868338337845111330e-02
1.784740237734207854e-04 2.600208987447433619e-04
1.818397414768737610e-04 7.537302397538879755e-05
1.805374943674911803e+00 -1.722185397209504976e-01
8.745898691771828619e-05 7.038930502579340766e-05
8.140461522820849893e-01 -8.196415291425381833e-01
6.096963567908541160e-05 1.013912682184422130e-04
3.386703239234530646e-04 2.845065062692922930e-04
2.974386460633478605e-04 2.565626088638633538e-04
5.124167664157561441e-05 1.246810564545251310e-05
1.812961912663233702e-04 1.312893507570322342e-04
2.104519584997859244e-04 1.452575177065138163e-04
2.278882370227103347e-04 2.041942906693181405e-04
1.383149181247674063e-04 1.524036380319387354e-04
2.304940516515873101e-04 1.359075294415369153e-04
1.960325756365609426e-04 2.533024892434655186e-04
2.607802576718605265e-04 1.976172889820720252e-04
-4.619445637547927609e-05 -1.116162952740475594e-04
1.860149696572063337e-04 1.717026047427929554e-04
6.521342451402580692e-05 1.196978637733404677e-04
1.551349377607483357e-04 5.655023055319050409e-05
1.210783783174016793e-04 1.451845671204176009e-04
2.310138611337750380e-04 1.951610083349542924e-04
2.614889320099157916e-04 1.336475438672793674e-04
3.213067742101367858e-05 -2.261259324146011218e-06
1.210158656076945101e-04 8.341375980818661906e-05
2.354163509979722072e-04 2.071459000859547130e-04
3.204259272369978993e-04 2.591855243943681449e-04
1.302054917635461350e-04 1.065265971760556517e-04
9.300166427127199396e-05 2.561357998992061641e-05
1.569704980065309886e-04 1.939009552659308618e-04
2.708169115794671340e-04 2.348893993183034468e-04
1.640927435390935329e+00 -9.653617028324502636e-01
1.103471761505314230e-04 1.559940187259960525e-04
1.827216469412591097e-04 7.267622358002254473e-05
2.545930038003078400e-04 2.942617093193974150e-04
2.230617111266327971e-04 1.976137713973827043e-04
-5.789798268518105973e-01 9.532036259990586125e-01
1.887265069542786833e+00 -1.542263088804619375e+00
2.286987006913187128e-04 2.065130538918542966e-04
2.343066252049110518e-04 2.504596569836370031e-04
3.231137888703833894e-01 -3.515541300462168145e-02
1.831555390807177996e+00 -8.600018492607499621e-01
4.671944081556938806e-05 7.646586206833903008e-05
2.237694281747480307e+00 -1.239901990401399035e+00
2.063072300075655672e-04 1.600126928558782058e-04
-1.150038961883169453e+00 9.813590189659694429e-01
2.193471759657695966e-04 1.876441333595968788e-04
1.968222402324886671e-04 1.640822322814600360e-04
3.037256554879773970e-04 1.920495720197771844e-04
1.267759735609105506e-04 1.010789717339236163e-04
2.823251130434210237e-04 1.805316456992475660e-04
2.855187265057933566e-05 5.426014340165904261e-05
1.242383172696931415e-04 1.619960974146098247e-04
1.595377343726170935e-04 1.199263638567045216e-04
3.677364970882082869e-04 3.179800247178788276e-04
9.770068542655442525e-05 1.055578726810585941e-04
1.795856232953979700e-04 1.480427043461764929e-04
1.780663130206825746e-05 -4.376031979441044985e-05
-1.343241453134490504e-01 -3.746852506284999440e-01
8.026598310135987281e-05 1.840374030805033961e-04
3.032356991604654773e-04 1.710179303130231296e-04
1.328850944775603615e+00 -3.024798799037593522e-01
3.052261188640621693e-04 2.548500819962215948e-04
6.240696082921671161e-05 3.793627634891327328e-05
2.396392089099600646e-04 2.689573393603889181e-04
2.175095022781942773e-04 1.128113757763645213e-04
2.450932420701617599e-04 3.013549376993616144e-04
8.605947871561391294e-01 -9.016629916132417044e-01
2.504347309679950712e-04 2.521600469512470604e-04
1.412669999667686760e-04 8.844145125982132854e-05
7.263582511539465444e-05 8.295781856803630645e-06
1.324320071742937741e-04 1.308685664388908496e-04
2.369330194966877824e-04 1.797086236374215650e-04
6.930809853910887381e-05 7.648836787886379187e-07
1.630089263155308130e-04 7.302567550133993578e-05
1.144128834025561321e-04 1.928768159593985464e-04
1.373533454206052567e-04 1.105154530405744510e-04
3.405915385343968242e-04 2.941195226487375693e-04
2.231012168605016333e-04 2.417511014264824573e-04
-4.690606194561586077e-05 -1.461754416970917326e-04
2.204458368479624757e-04 1.771600094743293254e-04
2.024612702355383449e-04 2.160775112686232882e-04
2.332587966942343421e-04 1.700681229660214243e-04
-7.260065187430697815e-05 -1.984780924627246236e-05
1.533472503153832697e-04 5.820335544222120000e-05
3.146624117463764727e-04 1.894246147769648985e-04
2.117538878298942282e-04 2.259835368547890525e-04
2.244105832399380905e-04 2.110533229190867343e-04
1.804970730615956494e-04 6.073277757069600992e-05
5.272097385005043610e-05 1.225378765141749171e-04
2.588477659097255801e-01 1.371708227691492976e-01
1.686654624431325463e-05 6.368605193730281981e-05
2.539932222203477468e-04 2.116401306295165622e-04
1.014351251755923785e-04 6.414063793699304535e-05
2.799974377264082166e-04 2.648526280190547201e-04
2.097538715438710621e+00 -1.436330771617575719e+00
1.844947061196371531e-04 1.979539970882528718e-04
-3.546769188308075416e-01 8.903216530259319139e-01
-1.308317510032545705e+00 1.229229348081916973e+00
3.362105167702254967e-04 2.139512054180767663e-04
1.399217928320547729e-04 9.387870700668050688e-05
8.701402205916702881e-01 -4.908575937250875820e-01
3.179713717486442465e-04 2.491527348918761830e-04
4.384433278531701933e-05 2.776570556962061528e-05
1.860121374220444679e-04 1.541191746593112172e-04
2.587352294748345425e-04 2.607261724376425311e-04
8.936383966249631630e-05 2.218464277907966390e-05
2.701788944154997671e-04 2.175571771614210898e-04
1.351098060139654337e-04 1.435656933273821720e-04
2.002799778997048819e-04 2.297609457164243301e-04
1.105043331184887102e-04 6.676459063165062955e-05
1.746332280745046317e+00 -1.288135848772220982e+00
2.173054311961273547e-04 2.222776082793247773e-04
2.509344356851179948e-04 2.419892244232754177e-04
2.007240931812254560e-04 1.638672274350412811e-04
9.571787196227808936e-01 -1.352611003798063483e-01
-1.325398347795895691e-04 -4.521559438777054973e-05
2.413806714046396720e-04 1.972915483162770317e-04
7.662794348508757938e-05 1.067112459932909383e-04
1.127391899010900644e+00 -1.562588016894451703e-01
3.116128705005663893e-04 2.409401405088196473e-04
2.306793963896882629e-04 1.790212628165134448e-04
-3.871210650150885978e-06 -1.106960617719035089e-05
4.752724757033759004e-05 1.017804978776132058e-04
2.178283830253603170e+00 -8.435276334540813270e-01
1.293571490324840008e-04 8.294636101353547388e-05
-1.575697429419042617e-01 4.876625369765865692e-01
2.638718045109802904e-04 2.471098102650721279e-04
3.499638659072392169e-06 4.090509317572550090e-06
-2.942209038953099784e-05 -1.919021680933875640e-05
3.384368388931423537e-04 3.140664210681464396e-04
1.557315787971205192e-04 1.075520488633211884e-04
3.587658148410311138e-04 2.621141373107182745e-04
9.624065155671138910e-05 1.254138572828745991e-04
1.469943779284480130e-04 1.407800894806988555e-04
1.238060175807541130e+00 -5.414328058962941670e-01
2.549822455550588229e-04 2.973614533034498993e-04
1.541260509642988996e+00 -9.838536626853627842e-01
1.298295098636030431e+00 -9.691239714632178259e-01
2.971535396738715965e-04 3.384708808275661623e-04
1.289510505554617597e-04 1.326082480870154642e-04
7.322750858271808978e-05 8.212400661792295406e-05
2.131872611448909667e-04 1.049413588257230514e-04
1.548295284223522527e-04 1.164585498217558888e-04
1.696587485113704196e-04 1.166140738684022857e-04
1.937113625077714976e-04 2.122461713715165872e-04
8.341849011883303300e-01 -9.217362909444104524e-02
1.470893395181874501e-04 1.044666063873707351e-04
2.397608873329222490e-04 1.680209953915568659e-04
2.780609959644138101e-04 2.569598775281368703e-04
5.236826102601535457e-05 7.602351903025699278e-05
1.304855514440654618e+00 -1.237026775119847821e+00
1.738921293754204056e-04 2.141059090624109027e-04
2.343557666365237693e-04 2.031597188380175232e-04
2.568206192312898857e-04 2.180246848997875308e-04
1.092309834054248105e-04 8.264424139581265794e-05
1.347789046434418113e-04 6.660723329302153267e-05
9.879557212455949825e-05 9.117152171370752553e-05
2.237246794482779855e+00 -1.143141086939400308e+00
1.458383391522906922e-04 1.449672874455151133e-04
2.738147505277667708e-04 1.987677001572237868e-04
5.953017457205925608e-05 1.484263853758049489e-04
5.712087303696734695e-05 5.663943312511151863e-05
1.594910523545624932e-04 1.353010485492169446e-04
2.199732364496262253e-04 7.142441797987666150e-05
2.272947573970529622e-04 1.132331615654023243e-04
4.249119856521361201e-05 5.401526391692904538e-05
1.898966812156307245e-04 2.695150601935254677e-04
7.527592899569962191e-05 1.529179067687624525e-04
2.141727339762636802e-05 1.073251605817938100e-05
2.131261026353699350e-04 1.712355131768033211e-04
2.256355914219353143e-04 2.198281772291109002e-04
2.063965963725028718e+00 -1.042350316383170661e+00
1.140638963666619889e-04 8.810944918555323408e-05
2.487175172465458579e-04 1.147098018436376192e-04
2.612387429722987098e-04 2.886466491837933520e-04
2.096483525642428569e-01 1.719276838360080661e-01
-7.645760791874192013e-05 -8.317838836837297895e-05
8.669050293890483594e-05 8.358405237493273757e-05
2.591244544595508914e-04 1.551667221459436411e-04
8.298030208456265455e-05 1.106627693713964719e-04
3.262049327186894161e-04 1.719748456793526942e-04
-2.474640397390901192e-01 7.423426028817436961e-01
1.334704542424259622e-04 5.522995068128524332e-05
1.697771109729916985e-04 1.405221023624497550e-04
9.438981100155941363e-05 7.953196840659778602e-05
1.939308304516279915e-04 1.372934438857095491e-04
2.596033189301311800e-04 2.527665643704990906e-04
5.898297506132789136e-01 -1.155810033916353837e-03
6.334428791522891400e-01 2.514779121547527363e-01
9.322801348141663527e-05 1.332479163213377295e-04
1.870010205525284637e-04 1.687188387330579883e-04
1.172330490052662544e+00 -4.547036642875380008e-01
1.249214131373666621e-04 1.654865872325579710e-04
1.577527447534019966e+00 -8.464558314943609885e-01
7.522249080696738032e-05 4.869927154949125602e-05
2.326613491087810282e-04 2.260729813181190629e-04
9.395612396729277060e-01 1.310284808784524004e-02
2.362490159734677818e-04 1.471750926338100053e-04
7.086396812742288276e-01 -7.264561880046778164e-01
4.122148446304244604e-04 3.459727727525447336e-04
-1.551608743111967497e-05 3.974624466513960417e-05
1.729823075653719254e-04 1.772905914624305513e-04
5.430360214483376941e-02 1.068793994867923008e-01
3.415386838160379824e-04 2.835435161218883703e-04
9.207125941752944322e-05 4.900664403101304720e-05
3.751136922999168677e-01 1.174832534479208906e-01
1.744028956276408597e-04 8.341040123888840353e-05
2.016935681219772188e-04 1.359767771413512990e-04
1.961370782712936714e-04 1.399199153585119833e-04
6.801305620808854036e-01 -3.383292470013608555e-01
4.056484246419787013e-05 4.151234464232951164e-05
3.218677982976400555e-04 3.192953912513677144e-04
2.270347950334397527e-04 1.612389889087830852e-04
2.064137014610141019e-04 1.518587832616635042e-04
1.317721957701328502e-04 5.887352411386455575e-05
2.788725854947561418e-05 7.718863732586994230e-05
2.497416592745201145e-04 2.168437808623044881e-04
8.145567284639761152e-02 1.368170278959084107e-01
4.256939839204824071e-04 2.923364131285495732e-04
-8.105182200902079478e-05 -8.479010359813498698e-05
2.804579851486117912e-04 1.434017826185523799e-04
1.008139647142461084e-04 1.369744301353287427e-04
