0.000000000000000000e+00 0.000000000000000000e+00 1.281070101402306816e-02
0.000000000000000000e+00 1.000000000000000000e+00 6.537539935726406626e-02
0.000000000000000000e+00 2.000000000000000000e+00 1.286962345580351316e-02
0.000000000000000000e+00 3.000000000000000000e+00 8.799785532424153622e-02
0.000000000000000000e+00 4.000000000000000000e+00 3.405822007525906303e-02
1.000000000000000000e+00 0.000000000000000000e+00 4.208598366048844214e-02
1.000000000000000000e+00 1.000000000000000000e+00 3.604771161997000206e-02
1.000000000000000000e+00 2.000000000000000000e+00 2.670683476610533763e-02
1.000000000000000000e+00 3.000000000000000000e+00 5.245117210958928633e-02
1.000000000000000000e+00 4.000000000000000000e+00 3.811949773748257025e-02
2.000000000000000000e+00 0.000000000000000000e+00 5.561855355537745349e-02
2.000000000000000000e+00 1.000000000000000000e+00 6.087099732856953577e-02
2.000000000000000000e+00 2.000000000000000000e+00 3.635494142622584107e-02
2.000000000000000000e+00 3.000000000000000000e+00 4.869021448466698959e-03
2.000000000000000000e+00 4.000000000000000000e+00 4.152679700493069892e-02
3.000000000000000000e+00 0.000000000000000000e+00 2.308236500058974058e-02
3.000000000000000000e+00 1.000000000000000000e+00 3.273683269760021414e-02
3.000000000000000000e+00 2.000000000000000000e+00 1.817917563771927897e-02
3.000000000000000000e+00 3.000000000000000000e+00 1.412020330469241150e-02
3.000000000000000000e+00 4.000000000000000000e+00 5.232033082820761877e-02
4.000000000000000000e+00 0.000000000000000000e+00 4.963262030385788559e-02
4.000000000000000000e+00 1.000000000000000000e+00 3.597856816185540652e-02
4.000000000000000000e+00 2.000000000000000000e+00 1.564409461956334582e-02
4.000000000000000000e+00 3.000000000000000000e+00 7.666199579077739856e-02
4.000000000000000000e+00 4.000000000000000000e+00 4.413955993074851480e-02
5.000000000000000000e+00 0.000000000000000000e+00 3.471415797836372580e-02
5.000000000000000000e+00 1.000000000000000000e+00 6.819382798647931343e-02
5.000000000000000000e+00 2.000000000000000000e+00 2.630710115715840722e-02
5.000000000000000000e+00 3.000000000000000000e+00 1.290965337831019577e-02
5.000000000000000000e+00 4.000000000000000000e+00 2.390916104664497777e-02
6.000000000000000000e+00 0.000000000000000000e+00 3.100076780300073387e-02
6.000000000000000000e+00 1.000000000000000000e+00 1.925525893383692524e-02
6.000000000000000000e+00 2.000000000000000000e+00 1.981885801094549621e-02
6.000000000000000000e+00 3.000000000000000000e+00 6.039668868291791365e-02
6.000000000000000000e+00 4.000000000000000000e+00 2.420151738931270585e-02
7.000000000000000000e+00 0.000000000000000000e+00 4.511930727837999699e-02
7.000000000000000000e+00 1.000000000000000000e+00 1.159921315815895526e-02
7.000000000000000000e+00 2.000000000000000000e+00 5.070786624541157028e-02
7.000000000000000000e+00 3.000000000000000000e+00 2.586624799391166671e-02
7.000000000000000000e+00 4.000000000000000000e+00 9.383214939667055068e-03
8.000000000000000000e+00 0.000000000000000000e+00 3.599875022817767417e-02
8.000000000000000000e+00 1.000000000000000000e+00 3.770985936553010454e-02
8.000000000000000000e+00 2.000000000000000000e+00 6.860182785435510466e-02
8.000000000000000000e+00 3.000000000000000000e+00 3.288582397429760246e-02
8.000000000000000000e+00 4.000000000000000000e+00 2.985725054819896723e-02
9.000000000000000000e+00 0.000000000000000000e+00 4.427890348730695314e-02
9.000000000000000000e+00 1.000000000000000000e+00 3.477435077249865780e-02
9.000000000000000000e+00 2.000000000000000000e+00 5.697714890955562356e-02
9.000000000000000000e+00 3.000000000000000000e+00 2.291899013376042654e-02
9.000000000000000000e+00 4.000000000000000000e+00 1.296757006199233953e-02
1.000000000000000000e+01 0.000000000000000000e+00 3.476314601320255882e-02
1.000000000000000000e+01 1.000000000000000000e+00 9.041919247497927359e-03
1.000000000000000000e+01 2.000000000000000000e+00 5.359120781701351421e-02
1.000000000000000000e+01 3.000000000000000000e+00 4.286820646685625402e-02
1.000000000000000000e+01 4.000000000000000000e+00 5.402068796574803489e-02
1.100000000000000000e+01 0.000000000000000000e+00 2.938606247254853601e-03
1.100000000000000000e+01 1.000000000000000000e+00 8.189567646535955009e-03
1.100000000000000000e+01 2.000000000000000000e+00 3.286096000855392996e-02
1.100000000000000000e+01 3.000000000000000000e+00 8.681669475601754005e-02
1.100000000000000000e+01 4.000000000000000000e+00 4.772727782297832289e-02
1.200000000000000000e+01 0.000000000000000000e+00 8.843043666504041278e-03
1.200000000000000000e+01 1.000000000000000000e+00 6.006652460396418036e-02
1.200000000000000000e+01 2.000000000000000000e+00 3.055210543409819790e-02
1.200000000000000000e+01 3.000000000000000000e+00 6.958706013084776931e-02
1.200000000000000000e+01 4.000000000000000000e+00 3.205486259413781874e-02
1.300000000000000000e+01 0.000000000000000000e+00 3.554064060395187297e-02
1.300000000000000000e+01 1.000000000000000000e+00 3.401019951881115860e-02
1.300000000000000000e+01 2.000000000000000000e+00 3.916384924183382438e-02
1.300000000000000000e+01 3.000000000000000000e+00 1.003827345924077352e-01
1.300000000000000000e+01 4.000000000000000000e+00 1.193182240286137785e-02
1.400000000000000000e+01 0.000000000000000000e+00 5.846746783707416906e-02
1.400000000000000000e+01 1.000000000000000000e+00 7.296130851169026210e-02
1.400000000000000000e+01 2.000000000000000000e+00 1.956239612666390085e-02
1.400000000000000000e+01 3.000000000000000000e+00 4.127738537190596413e-02
1.400000000000000000e+01 4.000000000000000000e+00 3.318771689355443089e-02
1.500000000000000000e+01 0.000000000000000000e+00 2.483850381421658787e-02
1.500000000000000000e+01 1.000000000000000000e+00 2.498566221403349455e-02
1.500000000000000000e+01 2.000000000000000000e+00 5.345595915164692846e-02
1.500000000000000000e+01 3.000000000000000000e+00 4.600609220398767935e-02
1.500000000000000000e+01 4.000000000000000000e+00 4.113760516613278878e-02
1.600000000000000000e+01 0.000000000000000000e+00 6.640515462831711457e-02
1.600000000000000000e+01 1.000000000000000000e+00 2.651574044407741318e-02
1.600000000000000000e+01 2.000000000000000000e+00 2.965054121360800876e-02
1.600000000000000000e+01 3.000000000000000000e+00 3.895559912873446107e-02
1.600000000000000000e+01 4.000000000000000000e+00 2.073413170848397921e-02
1.700000000000000000e+01 0.000000000000000000e+00 3.127680892807059576e-02
1.700000000000000000e+01 1.000000000000000000e+00 3.517315570147333537e-02
1.700000000000000000e+01 2.000000000000000000e+00 6.753919408608273500e-02
1.700000000000000000e+01 3.000000000000000000e+00 4.062415818435502479e-02
1.700000000000000000e+01 4.000000000000000000e+00 6.166430613950085043e-02
1.800000000000000000e+01 0.000000000000000000e+00 7.490721927693962112e-02
1.800000000000000000e+01 1.000000000000000000e+00 4.236071076527667817e-02
1.800000000000000000e+01 2.000000000000000000e+00 3.551966358720594352e-02
1.800000000000000000e+01 3.000000000000000000e+00 2.984707687752104904e-02
1.800000000000000000e+01 4.000000000000000000e+00 6.123203338941462376e-02
1.900000000000000000e+01 0.000000000000000000e+00 2.654094037876685713e-02
1.900000000000000000e+01 1.000000000000000000e+00 1.147821041758922272e-01
1.900000000000000000e+01 2.000000000000000000e+00 8.997074032861604800e-03
1.900000000000000000e+01 3.000000000000000000e+00 1.958656154367300131e-02
1.900000000000000000e+01 4.000000000000000000e+00 4.813100321599333292e-02
2.000000000000000000e+01 0.000000000000000000e+00 6.708588140331277205e-02
2.000000000000000000e+01 1.000000000000000000e+00 2.878908976814188031e-02
2.000000000000000000e+01 2.000000000000000000e+00 3.894796313551424777e-02
2.000000000000000000e+01 3.000000000000000000e+00 7.458166970112731220e-02
2.000000000000000000e+01 4.000000000000000000e+00 5.045209174107181255e-02
2.100000000000000000e+01 0.000000000000000000e+00 4.902923594709308192e-02
2.100000000000000000e+01 1.000000000000000000e+00 7.080042077867913786e-02
2.100000000000000000e+01 2.000000000000000000e+00 5.399387516752920946e-02
2.100000000000000000e+01 3.000000000000000000e+00 3.925846978628781681e-02
2.100000000000000000e+01 4.000000000000000000e+00 6.746641568991286475e-02
2.200000000000000000e+01 0.000000000000000000e+00 3.852928869679780877e-02
2.200000000000000000e+01 1.000000000000000000e+00 6.345228208151010296e-02
2.200000000000000000e+01 2.000000000000000000e+00 3.089847129510206458e-02
2.200000000000000000e+01 3.000000000000000000e+00 3.116498421196670782e-02
2.200000000000000000e+01 4.000000000000000000e+00 7.791055215391519406e-02
2.300000000000000000e+01 0.000000000000000000e+00 2.817201075799585439e-02
2.300000000000000000e+01 1.000000000000000000e+00 1.187032035133725461e-02
2.300000000000000000e+01 2.000000000000000000e+00 3.368237333390815963e-02
2.300000000000000000e+01 3.000000000000000000e+00 6.348287814977293664e-02
2.300000000000000000e+01 4.000000000000000000e+00 5.235894399193510851e-02
2.400000000000000000e+01 0.000000000000000000e+00 5.835754988316538966e-02
2.400000000000000000e+01 1.000000000000000000e+00 4.462311829022247434e-02
2.400000000000000000e+01 2.000000000000000000e+00 9.419464339420063892e-03
2.400000000000000000e+01 3.000000000000000000e+00 3.828695899143652603e-02
2.400000000000000000e+01 4.000000000000000000e+00 2.836613648001103105e-02
2.500000000000000000e+01 0.000000000000000000e+00 6.718492536390294201e-02
2.500000000000000000e+01 1.000000000000000000e+00 3.562956807935647313e-02
2.500000000000000000e+01 2.000000000000000000e+00 6.499001865111941889e-02
2.500000000000000000e+01 3.000000000000000000e+00 5.510873997533331792e-02
2.500000000000000000e+01 4.000000000000000000e+00 2.775787095839587354e-02
2.600000000000000000e+01 0.000000000000000000e+00 2.935546391731939236e-02
2.600000000000000000e+01 1.000000000000000000e+00 6.393226839443634513e-02
2.600000000000000000e+01 2.000000000000000000e+00 7.746994678730573236e-02
2.600000000000000000e+01 3.000000000000000000e+00 3.917984963242538560e-02
2.600000000000000000e+01 4.000000000000000000e+00 7.707862784781938092e-02
2.700000000000000000e+01 0.000000000000000000e+00 7.570438108159360802e-02
2.700000000000000000e+01 1.000000000000000000e+00 5.225235502430236600e-02
2.700000000000000000e+01 2.000000000000000000e+00 8.649498699938780455e-02
2.700000000000000000e+01 3.000000000000000000e+00 6.077110190929942840e-02
2.700000000000000000e+01 4.000000000000000000e+00 1.700949943491741195e-02
2.800000000000000000e+01 0.000000000000000000e+00 1.677587763029116802e-02
2.800000000000000000e+01 1.000000000000000000e+00 3.234397007786795480e-02
2.800000000000000000e+01 2.000000000000000000e+00 6.538567297323660821e-02
2.800000000000000000e+01 3.000000000000000000e+00 4.548653485057199686e-02
2.800000000000000000e+01 4.000000000000000000e+00 2.840706140172628499e-02
2.900000000000000000e+01 0.000000000000000000e+00 4.883432598402196595e-02
2.900000000000000000e+01 1.000000000000000000e+00 4.691825762678332457e-02
2.900000000000000000e+01 2.000000000000000000e+00 8.708069363824090525e-02
2.900000000000000000e+01 3.000000000000000000e+00 7.745957921732975204e-02
2.900000000000000000e+01 4.000000000000000000e+00 3.198880824459408162e-02
3.000000000000000000e+01 0.000000000000000000e+00 8.877720250412023117e-03
3.000000000000000000e+01 1.000000000000000000e+00 5.786029487146140265e-02
3.000000000000000000e+01 2.000000000000000000e+00 4.032085311992771037e-02
3.000000000000000000e+01 3.000000000000000000e+00 6.571577806587169945e-02
3.000000000000000000e+01 4.000000000000000000e+00 7.832176727183422227e-02
3.100000000000000000e+01 0.000000000000000000e+00 1.935890430580719523e-02
3.100000000000000000e+01 1.000000000000000000e+00 6.497094487712570809e-02
3.100000000000000000e+01 2.000000000000000000e+00 5.137288899405256098e-02
3.100000000000000000e+01 3.000000000000000000e+00 2.644869656773883582e-02
3.100000000000000000e+01 4.000000000000000000e+00 6.268396581475196849e-02
3.200000000000000000e+01 0.000000000000000000e+00 4.005660758349630785e-02
3.200000000000000000e+01 1.000000000000000000e+00 3.470278859335178268e-02
3.200000000000000000e+01 2.000000000000000000e+00 7.231211611376534010e-02
3.200000000000000000e+01 3.000000000000000000e+00 7.400878523693382727e-02
3.200000000000000000e+01 4.000000000000000000e+00 4.525819698165255839e-02
3.300000000000000000e+01 0.000000000000000000e+00 1.988437982080017846e-02
3.300000000000000000e+01 1.000000000000000000e+00 1.393434962751534736e-02
3.300000000000000000e+01 2.000000000000000000e+00 5.426287042418029283e-02
3.300000000000000000e+01 3.000000000000000000e+00 3.646395556840226204e-02
3.300000000000000000e+01 4.000000000000000000e+00 7.381679457245546305e-02
3.400000000000000000e+01 0.000000000000000000e+00 2.892442173728172750e-02
3.400000000000000000e+01 1.000000000000000000e+00 3.202101437654893135e-02
3.400000000000000000e+01 2.000000000000000000e+00 2.525714284655749403e-02
3.400000000000000000e+01 3.000000000000000000e+00 2.987567084356384031e-02
3.400000000000000000e+01 4.000000000000000000e+00 7.022766941728078582e-02
3.500000000000000000e+01 0.000000000000000000e+00 1.485818191215117906e-02
3.500000000000000000e+01 1.000000000000000000e+00 2.116494381191133881e-02
3.500000000000000000e+01 2.000000000000000000e+00 4.948081514219721672e-02
3.500000000000000000e+01 3.000000000000000000e+00 4.408840109155845455e-02
3.500000000000000000e+01 4.000000000000000000e+00 5.547916846618800718e-02
3.600000000000000000e+01 0.000000000000000000e+00 1.903025277736036802e-02
3.600000000000000000e+01 1.000000000000000000e+00 3.006339099709405202e-02
3.600000000000000000e+01 2.000000000000000000e+00 3.061333660628842018e-02
3.600000000000000000e+01 3.000000000000000000e+00 3.871723216242526494e-02
3.600000000000000000e+01 4.000000000000000000e+00 1.397441526393465409e-02
3.700000000000000000e+01 0.000000000000000000e+00 2.835013900651603413e-02
3.700000000000000000e+01 1.000000000000000000e+00 5.741120742542422939e-02
3.700000000000000000e+01 2.000000000000000000e+00 3.064430805160648155e-02
3.700000000000000000e+01 3.000000000000000000e+00 5.498336458184872183e-02
3.700000000000000000e+01 4.000000000000000000e+00 2.318362601464929451e-02
3.800000000000000000e+01 0.000000000000000000e+00 4.670827814700657249e-02
3.800000000000000000e+01 1.000000000000000000e+00 2.903413321971694619e-02
3.800000000000000000e+01 2.000000000000000000e+00 2.919314863261085122e-02
3.800000000000000000e+01 3.000000000000000000e+00 2.132660762093074869e-02
3.800000000000000000e+01 4.000000000000000000e+00 6.471599267973270064e-02
3.900000000000000000e+01 0.000000000000000000e+00 1.385730357321067474e-02
3.900000000000000000e+01 1.000000000000000000e+00 4.875568958132026759e-02
3.900000000000000000e+01 2.000000000000000000e+00 4.956956216191513859e-02
3.900000000000000000e+01 3.000000000000000000e+00 2.324659046060328915e-02
3.900000000000000000e+01 4.000000000000000000e+00 5.461446755419207405e-02
4.000000000000000000e+01 0.000000000000000000e+00 3.534456978855404080e-02
4.000000000000000000e+01 1.000000000000000000e+00 1.832107332443817793e-02
4.000000000000000000e+01 2.000000000000000000e+00 8.499370861566370172e-02
4.000000000000000000e+01 3.000000000000000000e+00 3.936599810386431225e-02
4.000000000000000000e+01 4.000000000000000000e+00 8.805866681284187786e-03
4.100000000000000000e+01 0.000000000000000000e+00 4.140848173535750798e-02
4.100000000000000000e+01 1.000000000000000000e+00 7.049714156643382967e-02
4.100000000000000000e+01 2.000000000000000000e+00 1.112270323183539404e-02
4.100000000000000000e+01 3.000000000000000000e+00 6.641314149423421798e-02
4.100000000000000000e+01 4.000000000000000000e+00 5.388203951814908577e-02
4.200000000000000000e+01 0.000000000000000000e+00 1.981076123654990431e-02
4.200000000000000000e+01 1.000000000000000000e+00 9.151865073726592192e-02
4.200000000000000000e+01 2.000000000000000000e+00 7.247005351563755304e-02
4.200000000000000000e+01 3.000000000000000000e+00 9.040093926731272364e-03
4.200000000000000000e+01 4.000000000000000000e+00 5.507891804821723331e-02
4.300000000000000000e+01 0.000000000000000000e+00 3.589059324846187449e-02
4.300000000000000000e+01 1.000000000000000000e+00 3.616843729772162286e-02
4.300000000000000000e+01 2.000000000000000000e+00 3.284409171544893508e-02
4.300000000000000000e+01 3.000000000000000000e+00 5.164739169077778996e-02
4.300000000000000000e+01 4.000000000000000000e+00 8.543345293173278121e-02
4.400000000000000000e+01 0.000000000000000000e+00 3.998882478514262373e-02
4.400000000000000000e+01 1.000000000000000000e+00 5.756093588511308062e-02
4.400000000000000000e+01 2.000000000000000000e+00 3.460319155365838839e-02
4.400000000000000000e+01 3.000000000000000000e+00 3.334083569731129820e-02
4.400000000000000000e+01 4.000000000000000000e+00 3.466410245171815813e-02
4.500000000000000000e+01 0.000000000000000000e+00 5.235409003676925327e-02
4.500000000000000000e+01 1.000000000000000000e+00 2.956010956408987311e-02
4.500000000000000000e+01 2.000000000000000000e+00 7.304828012918437863e-02
4.500000000000000000e+01 3.000000000000000000e+00 1.004414597857007305e-02
4.500000000000000000e+01 4.000000000000000000e+00 2.404273279626144635e-02
4.600000000000000000e+01 0.000000000000000000e+00 3.401778749411418779e-02
4.600000000000000000e+01 1.000000000000000000e+00 5.176772245827841040e-02
4.600000000000000000e+01 2.000000000000000000e+00 9.434027553568218039e-02
4.600000000000000000e+01 3.000000000000000000e+00 2.665029555234604136e-02
4.600000000000000000e+01 4.000000000000000000e+00 2.091863763206213561e-02
4.700000000000000000e+01 0.000000000000000000e+00 2.249688208071297726e-02
4.700000000000000000e+01 1.000000000000000000e+00 5.262175726193988462e-02
4.700000000000000000e+01 2.000000000000000000e+00 6.501166468101492180e-02
4.700000000000000000e+01 3.000000000000000000e+00 3.961010350348086184e-02
4.700000000000000000e+01 4.000000000000000000e+00 3.981183743106943979e-02
4.800000000000000000e+01 0.000000000000000000e+00 6.849252163757109380e-02
4.800000000000000000e+01 1.000000000000000000e+00 4.489835934022751857e-02
4.800000000000000000e+01 2.000000000000000000e+00 5.780921854166762991e-02
4.800000000000000000e+01 3.000000000000000000e+00 5.250557752887521218e-02
4.800000000000000000e+01 4.000000000000000000e+00 3.512644990469940970e-02
4.900000000000000000e+01 0.000000000000000000e+00 5.012103654104953232e-02
4.900000000000000000e+01 1.000000000000000000e+00 5.242071681004883965e-02
4.900000000000000000e+01 2.000000000000000000e+00 2.179328529800312469e-02
4.900000000000000000e+01 3.000000000000000000e+00 5.440867977556147761e-02
4.900000000000000000e+01 4.000000000000000000e+00 2.520499059097816574e-02
5.000000000000000000e+01 0.000000000000000000e+00 6.131769987865655358e-02
5.000000000000000000e+01 1.000000000000000000e+00 5.581117569645279754e-03
5.000000000000000000e+01 2.000000000000000000e+00 4.036246648885156302e-02
5.000000000000000000e+01 3.000000000000000000e+00 3.658639082687038802e-02
5.000000000000000000e+01 4.000000000000000000e+00 2.647044570026834201e-02
5.100000000000000000e+01 0.000000000000000000e+00 2.936816482562759970e-02
5.100000000000000000e+01 1.000000000000000000e+00 3.303864274847623239e-02
5.100000000000000000e+01 2.000000000000000000e+00 3.712914578045753422e-02
5.100000000000000000e+01 3.000000000000000000e+00 3.824454816082330233e-02
5.100000000000000000e+01 4.000000000000000000e+00 3.075291977831243542e-02
5.200000000000000000e+01 0.000000000000000000e+00 8.137306741883373884e-02
5.200000000000000000e+01 1.000000000000000000e+00 2.500307512181262556e-02
5.200000000000000000e+01 2.000000000000000000e+00 5.237431963709206911e-02
5.200000000000000000e+01 3.000000000000000000e+00 5.473154238775688324e-02
5.200000000000000000e+01 4.000000000000000000e+00 7.077259162669588544e-02
5.300000000000000000e+01 0.000000000000000000e+00 4.602081211572409819e-02
5.300000000000000000e+01 1.000000000000000000e+00 3.553327891318188575e-02
5.300000000000000000e+01 2.000000000000000000e+00 2.665206111738303851e-02
5.300000000000000000e+01 3.000000000000000000e+00 3.679632645828103538e-02
5.300000000000000000e+01 4.000000000000000000e+00 1.066762654125051960e-02
5.400000000000000000e+01 0.000000000000000000e+00 1.904144164846813606e-02
5.400000000000000000e+01 1.000000000000000000e+00 2.193544923337413174e-02
5.400000000000000000e+01 2.000000000000000000e+00 3.159338474153294135e-02
5.400000000000000000e+01 3.000000000000000000e+00 8.587787397417209756e-02
5.400000000000000000e+01 4.000000000000000000e+00 3.068203554913208689e-02
5.500000000000000000e+01 0.000000000000000000e+00 5.702983243934517388e-02
5.500000000000000000e+01 1.000000000000000000e+00 7.212347584800365974e-02
5.500000000000000000e+01 2.000000000000000000e+00 8.812353111692661223e-02
5.500000000000000000e+01 3.000000000000000000e+00 5.888813160550222109e-02
5.500000000000000000e+01 4.000000000000000000e+00 1.419788391071920633e-02
5.600000000000000000e+01 0.000000000000000000e+00 6.592483329692871985e-02
5.600000000000000000e+01 1.000000000000000000e+00 3.976824238329611239e-02
5.600000000000000000e+01 2.000000000000000000e+00 8.185677601906353462e-03
5.600000000000000000e+01 3.000000000000000000e+00 4.983241880967174270e-02
5.600000000000000000e+01 4.000000000000000000e+00 2.507855672343727027e-02
5.700000000000000000e+01 0.000000000000000000e+00 5.249979422650508099e-02
5.700000000000000000e+01 1.000000000000000000e+00 2.670516997221266883e-02
5.700000000000000000e+01 2.000000000000000000e+00 3.450651158113244438e-02
5.700000000000000000e+01 3.000000000000000000e+00 6.259205892474042909e-02
5.700000000000000000e+01 4.000000000000000000e+00 2.314217411094417545e-02
5.800000000000000000e+01 0.000000000000000000e+00 1.168672785983489171e-02
5.800000000000000000e+01 1.000000000000000000e+00 9.647181534786702234e-03
5.800000000000000000e+01 2.000000000000000000e+00 5.003205717349319681e-02
5.800000000000000000e+01 3.000000000000000000e+00 4.303098820971994198e-02
5.800000000000000000e+01 4.000000000000000000e+00 3.375905270118585016e-02
5.900000000000000000e+01 0.000000000000000000e+00 4.299890293740554759e-02
5.900000000000000000e+01 1.000000000000000000e+00 1.113555141043631180e-01
5.900000000000000000e+01 2.000000000000000000e+00 4.588875479006374741e-02
5.900000000000000000e+01 3.000000000000000000e+00 6.593318671700897082e-02
5.900000000000000000e+01 4.000000000000000000e+00 5.966945001322109671e-02
6.000000000000000000e+01 0.000000000000000000e+00 1.687015707202800530e-02
6.000000000000000000e+01 1.000000000000000000e+00 4.010930175183309576e-02
6.000000000000000000e+01 2.000000000000000000e+00 5.045856573468998629e-02
6.000000000000000000e+01 3.000000000000000000e+00 7.403121802367133159e-03
6.000000000000000000e+01 4.000000000000000000e+00 6.028915355305937418e-02
6.100000000000000000e+01 0.000000000000000000e+00 8.360366312551867352e-02
6.100000000000000000e+01 1.000000000000000000e+00 6.757778474128946222e-02
6.100000000000000000e+01 2.000000000000000000e+00 3.549906787132155184e-02
6.100000000000000000e+01 3.000000000000000000e+00 3.012354285574748991e-02
6.100000000000000000e+01 4.000000000000000000e+00 4.719670029506387726e-02
6.200000000000000000e+01 0.000000000000000000e+00 2.907043822794141974e-02
6.200000000000000000e+01 1.000000000000000000e+00 7.275808543363264380e-02
6.200000000000000000e+01 2.000000000000000000e+00 4.570785064399134762e-02
6.200000000000000000e+01 3.000000000000000000e+00 4.314013456118709344e-02
6.200000000000000000e+01 4.000000000000000000e+00 1.171305827607814834e-02
6.300000000000000000e+01 0.000000000000000000e+00 5.602719724117700972e-02
6.300000000000000000e+01 1.000000000000000000e+00 9.391940283252535673e-03
6.300000000000000000e+01 2.000000000000000000e+00 1.110560142191673212e-02
6.300000000000000000e+01 3.000000000000000000e+00 4.587019299128551608e-02
6.300000000000000000e+01 4.000000000000000000e+00 5.616749127756736487e-02
6.400000000000000000e+01 0.000000000000000000e+00 4.737285916097130900e-02
6.400000000000000000e+01 1.000000000000000000e+00 5.854555960942176007e-02
6.400000000000000000e+01 2.000000000000000000e+00 4.068473255214031387e-02
6.400000000000000000e+01 3.000000000000000000e+00 1.369180729463335966e-02
6.400000000000000000e+01 4.000000000000000000e+00 2.074322853150335072e-02
6.500000000000000000e+01 0.000000000000000000e+00 2.288236799325532589e-02
6.500000000000000000e+01 1.000000000000000000e+00 3.224945261858581935e-02
6.500000000000000000e+01 2.000000000000000000e+00 7.388110036513431678e-02
6.500000000000000000e+01 3.000000000000000000e+00 3.438775140595382723e-02
6.500000000000000000e+01 4.000000000000000000e+00 1.751563104679374969e-02
6.600000000000000000e+01 0.000000000000000000e+00 7.259767416921523997e-02
6.600000000000000000e+01 1.000000000000000000e+00 3.360760353810224137e-03
6.600000000000000000e+01 2.000000000000000000e+00 9.822196525822379787e-02
6.600000000000000000e+01 3.000000000000000000e+00 4.670641798705842812e-02
6.600000000000000000e+01 4.000000000000000000e+00 6.625386188127524445e-02
6.700000000000000000e+01 0.000000000000000000e+00 5.420666925091816024e-02
6.700000000000000000e+01 1.000000000000000000e+00 4.178476090914796937e-02
6.700000000000000000e+01 2.000000000000000000e+00 4.292256386153421588e-02
6.700000000000000000e+01 3.000000000000000000e+00 5.320298007145506103e-02
6.700000000000000000e+01 4.000000000000000000e+00 2.519344095950015738e-02
6.800000000000000000e+01 0.000000000000000000e+00 4.269755393169310381e-02
6.800000000000000000e+01 1.000000000000000000e+00 3.724096410577863725e-02
6.800000000000000000e+01 2.000000000000000000e+00 3.965018286982574525e-02
6.800000000000000000e+01 3.000000000000000000e+00 1.368516398918841019e-02
6.800000000000000000e+01 4.000000000000000000e+00 6.125548878617575327e-02
6.900000000000000000e+01 0.000000000000000000e+00 4.811370374579068687e-02
6.900000000000000000e+01 1.000000000000000000e+00 9.889344666746233137e-02
6.900000000000000000e+01 2.000000000000000000e+00 6.258448279784756263e-02
6.900000000000000000e+01 3.000000000000000000e+00 2.749183351411127463e-02
6.900000000000000000e+01 4.000000000000000000e+00 5.394207889063473704e-02
7.000000000000000000e+01 0.000000000000000000e+00 1.362017084866395771e-02
7.000000000000000000e+01 1.000000000000000000e+00 1.151283021399109041e-01
7.000000000000000000e+01 2.000000000000000000e+00 2.430629374338980075e-03
7.000000000000000000e+01 3.000000000000000000e+00 1.975493747866625960e-02
7.000000000000000000e+01 4.000000000000000000e+00 1.523645256261477697e-02
7.100000000000000000e+01 0.000000000000000000e+00 2.935151590281267001e-02
7.100000000000000000e+01 1.000000000000000000e+00 4.728133211667170238e-02
7.100000000000000000e+01 2.000000000000000000e+00 6.346389781566055821e-02
7.100000000000000000e+01 3.000000000000000000e+00 7.732657246400399809e-02
7.100000000000000000e+01 4.000000000000000000e+00 4.858579340218548669e-03
7.200000000000000000e+01 0.000000000000000000e+00 3.402757725132290328e-02
7.200000000000000000e+01 1.000000000000000000e+00 6.614079426887899127e-02
7.200000000000000000e+01 2.000000000000000000e+00 3.103032574124639509e-02
7.200000000000000000e+01 3.000000000000000000e+00 4.572946495027079006e-02
7.200000000000000000e+01 4.000000000000000000e+00 3.400810573579553936e-02
7.300000000000000000e+01 0.000000000000000000e+00 2.588178158303859611e-02
7.300000000000000000e+01 1.000000000000000000e+00 6.414794455740309431e-02
7.300000000000000000e+01 2.000000000000000000e+00 4.855452501470203241e-02
7.300000000000000000e+01 3.000000000000000000e+00 4.890857665919240427e-02
7.300000000000000000e+01 4.000000000000000000e+00 2.878492296440015447e-02
7.400000000000000000e+01 0.000000000000000000e+00 5.428021052657711759e-02
7.400000000000000000e+01 1.000000000000000000e+00 7.949439015392280317e-02
7.400000000000000000e+01 2.000000000000000000e+00 6.712277498978783119e-02
7.400000000000000000e+01 3.000000000000000000e+00 2.615446138246730126e-02
7.400000000000000000e+01 4.000000000000000000e+00 5.792517412604950011e-02
7.500000000000000000e+01 0.000000000000000000e+00 2.987677965396069030e-02
7.500000000000000000e+01 1.000000000000000000e+00 2.599816128201980214e-02
7.500000000000000000e+01 2.000000000000000000e+00 6.641601092080030855e-02
7.500000000000000000e+01 3.000000000000000000e+00 8.633925608697078091e-02
7.500000000000000000e+01 4.000000000000000000e+00 1.699412559666399480e-02
7.600000000000000000e+01 0.000000000000000000e+00 3.333009338756795503e-02
7.600000000000000000e+01 1.000000000000000000e+00 3.763690706460501301e-02
7.600000000000000000e+01 2.000000000000000000e+00 4.878140248268566376e-02
7.600000000000000000e+01 3.000000000000000000e+00 6.400227605952721333e-02
7.600000000000000000e+01 4.000000000000000000e+00 4.246445450297055280e-02
7.700000000000000000e+01 0.000000000000000000e+00 3.788524877495692833e-02
7.700000000000000000e+01 1.000000000000000000e+00 5.061520944248569520e-02
7.700000000000000000e+01 2.000000000000000000e+00 4.908858513115564592e-02
7.700000000000000000e+01 3.000000000000000000e+00 5.032568455774719812e-02
7.700000000000000000e+01 4.000000000000000000e+00 2.002564843814798323e-02
7.800000000000000000e+01 0.000000000000000000e+00 2.845600190239424773e-02
7.800000000000000000e+01 1.000000000000000000e+00 5.018032115121093262e-02
7.800000000000000000e+01 2.000000000000000000e+00 1.064462059470499961e-01
7.800000000000000000e+01 3.000000000000000000e+00 2.529329418935908833e-02
7.800000000000000000e+01 4.000000000000000000e+00 2.314481397413208769e-02
7.900000000000000000e+01 0.000000000000000000e+00 8.657895615464759886e-02
7.900000000000000000e+01 1.000000000000000000e+00 5.982381270477839935e-03
7.900000000000000000e+01 2.000000000000000000e+00 3.652986717460261767e-02
7.900000000000000000e+01 3.000000000000000000e+00 2.443119696324512827e-02
7.900000000000000000e+01 4.000000000000000000e+00 1.977601443530370429e-02
8.000000000000000000e+01 0.000000000000000000e+00 5.708232122382486673e-02
8.000000000000000000e+01 1.000000000000000000e+00 6.163022718498894353e-02
8.000000000000000000e+01 2.000000000000000000e+00 3.300190566733694764e-02
8.000000000000000000e+01 3.000000000000000000e+00 6.686659637040112680e-02
8.000000000000000000e+01 4.000000000000000000e+00 4.920448959318905052e-02
8.100000000000000000e+01 0.000000000000000000e+00 6.780531740542496133e-02
8.100000000000000000e+01 1.000000000000000000e+00 6.726034325621274568e-02
8.100000000000000000e+01 2.000000000000000000e+00 2.287823313537988568e-02
8.100000000000000000e+01 3.000000000000000000e+00 5.795975942087185778e-02
8.100000000000000000e+01 4.000000000000000000e+00 1.401749424871311794e-02
8.200000000000000000e+01 0.000000000000000000e+00 5.009987628435341039e-02
8.200000000000000000e+01 1.000000000000000000e+00 6.316406493423011581e-02
8.200000000000000000e+01 2.000000000000000000e+00 6.390836702177957185e-02
8.200000000000000000e+01 3.000000000000000000e+00 6.755273900045603852e-02
8.200000000000000000e+01 4.000000000000000000e+00 5.297734179326909348e-02
8.300000000000000000e+01 0.000000000000000000e+00 3.997420079150285771e-02
8.300000000000000000e+01 1.000000000000000000e+00 4.555563444087667307e-02
8.300000000000000000e+01 2.000000000000000000e+00 7.811529378830896209e-02
8.300000000000000000e+01 3.000000000000000000e+00 1.525441911038803722e-02
8.300000000000000000e+01 4.000000000000000000e+00 4.318403151251431343e-02
8.400000000000000000e+01 0.000000000000000000e+00 9.063107115596343022e-02
8.400000000000000000e+01 1.000000000000000000e+00 5.357751712735601274e-02
8.400000000000000000e+01 2.000000000000000000e+00 3.075271508770885051e-02
8.400000000000000000e+01 3.000000000000000000e+00 5.138938454026303199e-02
8.400000000000000000e+01 4.000000000000000000e+00 4.578951510392534341e-02
8.500000000000000000e+01 0.000000000000000000e+00 1.468107119748800204e-02
8.500000000000000000e+01 1.000000000000000000e+00 2.807644962666846003e-02
8.500000000000000000e+01 2.000000000000000000e+00 4.392638569231693824e-02
8.500000000000000000e+01 3.000000000000000000e+00 4.864395860993606102e-02
8.500000000000000000e+01 4.000000000000000000e+00 1.987017465422275322e-02
8.600000000000000000e+01 0.000000000000000000e+00 8.443339008273441360e-02
8.600000000000000000e+01 1.000000000000000000e+00 3.804223552247036622e-02
8.600000000000000000e+01 2.000000000000000000e+00 2.930029521747463256e-02
8.600000000000000000e+01 3.000000000000000000e+00 9.034650060646766401e-02
8.600000000000000000e+01 4.000000000000000000e+00 4.963980038821869806e-02
8.700000000000000000e+01 0.000000000000000000e+00 2.383489199048475018e-02
8.700000000000000000e+01 1.000000000000000000e+00 2.087599090952299216e-02
8.700000000000000000e+01 2.000000000000000000e+00 4.834892097226833885e-02
8.700000000000000000e+01 3.000000000000000000e+00 4.668068769247814276e-02
8.700000000000000000e+01 4.000000000000000000e+00 3.043906839054370123e-02
8.800000000000000000e+01 0.000000000000000000e+00 6.307096176983034881e-03
8.800000000000000000e+01 1.000000000000000000e+00 6.053719893665191615e-02
8.800000000000000000e+01 2.000000000000000000e+00 3.013618747861969427e-02
8.800000000000000000e+01 3.000000000000000000e+00 1.707166190487493032e-02
8.800000000000000000e+01 4.000000000000000000e+00 4.321265634740666800e-02
8.900000000000000000e+01 0.000000000000000000e+00 6.379964539692117853e-02
8.900000000000000000e+01 1.000000000000000000e+00 4.826758361961688143e-02
8.900000000000000000e+01 2.000000000000000000e+00 3.308738002596676303e-02
8.900000000000000000e+01 3.000000000000000000e+00 6.006556913654230445e-02
8.900000000000000000e+01 4.000000000000000000e+00 5.852985464845901487e-02
9.000000000000000000e+01 0.000000000000000000e+00 6.080959801278825599e-02
9.000000000000000000e+01 1.000000000000000000e+00 3.143498864893232853e-02
9.000000000000000000e+01 2.000000000000000000e+00 1.364999776020610345e-02
9.000000000000000000e+01 3.000000000000000000e+00 7.024929216457496961e-02
9.000000000000000000e+01 4.000000000000000000e+00 4.250271268542996084e-02
9.100000000000000000e+01 0.000000000000000000e+00 4.952920431804852530e-02
9.100000000000000000e+01 1.000000000000000000e+00 3.417142606845379599e-02
9.100000000000000000e+01 2.000000000000000000e+00 7.948730284517263600e-02
9.100000000000000000e+01 3.000000000000000000e+00 5.875544325167101484e-02
9.100000000000000000e+01 4.000000000000000000e+00 4.241361255134094323e-03
9.200000000000000000e+01 0.000000000000000000e+00 7.714977105309586691e-02
9.200000000000000000e+01 1.000000000000000000e+00 5.549972030174129406e-02
9.200000000000000000e+01 2.000000000000000000e+00 4.122873283186597598e-02
9.200000000000000000e+01 3.000000000000000000e+00 4.131888920681273114e-02
9.200000000000000000e+01 4.000000000000000000e+00 4.454171499686221392e-02
9.300000000000000000e+01 0.000000000000000000e+00 7.251407276677578062e-02
9.300000000000000000e+01 1.000000000000000000e+00 5.611107790838855067e-03
9.300000000000000000e+01 2.000000000000000000e+00 4.169593472453864136e-02
9.300000000000000000e+01 3.000000000000000000e+00 5.133392337307508824e-02
9.300000000000000000e+01 4.000000000000000000e+00 3.551564093346597922e-02
9.400000000000000000e+01 0.000000000000000000e+00 3.627723750812061193e-02
9.400000000000000000e+01 1.000000000000000000e+00 3.610453222090737740e-02
9.400000000000000000e+01 2.000000000000000000e+00 7.148758035350279150e-02
9.400000000000000000e+01 3.000000000000000000e+00 1.383601476060757236e-02
9.400000000000000000e+01 4.000000000000000000e+00 4.661114505050013151e-02
9.500000000000000000e+01 0.000000000000000000e+00 4.812143357154931300e-02
9.500000000000000000e+01 1.000000000000000000e+00 4.056390271329558123e-02
9.500000000000000000e+01 2.000000000000000000e+00 9.351606530985326349e-02
9.500000000000000000e+01 3.000000000000000000e+00 2.588252182248074185e-02
9.500000000000000000e+01 4.000000000000000000e+00 4.184186950280594647e-02
9.600000000000000000e+01 0.000000000000000000e+00 8.781257421317088807e-02
9.600000000000000000e+01 1.000000000000000000e+00 2.024726823265088696e-02
9.600000000000000000e+01 2.000000000000000000e+00 4.482036981031857492e-02
9.600000000000000000e+01 3.000000000000000000e+00 7.381040054506471382e-02
9.600000000000000000e+01 4.000000000000000000e+00 3.159235220757952017e-02
9.700000000000000000e+01 0.000000000000000000e+00 5.173390461357810222e-02
9.700000000000000000e+01 1.000000000000000000e+00 4.712179637273881949e-02
9.700000000000000000e+01 2.000000000000000000e+00 4.933596232802050369e-02
9.700000000000000000e+01 3.000000000000000000e+00 9.369098392279132104e-03
9.700000000000000000e+01 4.000000000000000000e+00 5.838380036988936872e-02
9.800000000000000000e+01 0.000000000000000000e+00 2.959747650745024605e-02
9.800000000000000000e+01 1.000000000000000000e+00 6.377574203459752955e-02
9.800000000000000000e+01 2.000000000000000000e+00 9.261896113116302454e-02
9.800000000000000000e+01 3.000000000000000000e+00 6.182237749898082668e-02
9.800000000000000000e+01 4.000000000000000000e+00 4.299186996925404708e-02
9.900000000000000000e+01 0.000000000000000000e+00 7.177755256879542189e-02
9.900000000000000000e+01 1.000000000000000000e+00 4.612134030089731773e-02
9.900000000000000000e+01 2.000000000000000000e+00 3.974207560580138993e-02
9.900000000000000000e+01 3.000000000000000000e+00 2.411659718672993363e-02
9.900000000000000000e+01 4.000000000000000000e+00 3.625442512185024502e-02
