0.000000000000000000e+00 0.000000000000000000e+00 2.196178819800621851e-01
0.000000000000000000e+00 1.000000000000000000e+00 1.987964591448934670e-01
0.000000000000000000e+00 2.000000000000000000e+00 1.425088196934952145e-01
0.000000000000000000e+00 3.000000000000000000e+00 1.682164820282755491e-01
0.000000000000000000e+00 4.000000000000000000e+00 1.999009990389253311e-01
1.000000000000000000e+00 0.000000000000000000e+00 2.440989912727010436e-01
1.000000000000000000e+00 1.000000000000000000e+00 1.929460089076047158e-01
1.000000000000000000e+00 2.000000000000000000e+00 1.663475594413116043e-01
1.000000000000000000e+00 3.000000000000000000e+00 2.342528021344375544e-01
1.000000000000000000e+00 4.000000000000000000e+00 2.010719243762939812e-01
2.000000000000000000e+00 0.000000000000000000e+00 1.491872951361039590e-01
2.000000000000000000e+00 1.000000000000000000e+00 2.256426236419018794e-01
2.000000000000000000e+00 2.000000000000000000e+00 2.161029266965377726e-01
2.000000000000000000e+00 3.000000000000000000e+00 2.036204881987861426e-01
2.000000000000000000e+00 4.000000000000000000e+00 2.041494498200048524e-01
3.000000000000000000e+00 0.000000000000000000e+00 1.259082269774490503e-01
3.000000000000000000e+00 1.000000000000000000e+00 2.266020588346007447e-01
3.000000000000000000e+00 2.000000000000000000e+00 2.433127528743640189e-01
3.000000000000000000e+00 3.000000000000000000e+00 2.135848071920829483e-01
3.000000000000000000e+00 4.000000000000000000e+00 1.334707871666115653e-01
4.000000000000000000e+00 0.000000000000000000e+00 1.262402940930998363e-01
4.000000000000000000e+00 1.000000000000000000e+00 1.721691868004328330e-01
4.000000000000000000e+00 2.000000000000000000e+00 1.920492665598976800e-01
4.000000000000000000e+00 3.000000000000000000e+00 2.246069001047567848e-01
4.000000000000000000e+00 4.000000000000000000e+00 1.694521171692496553e-01
5.000000000000000000e+00 0.000000000000000000e+00 1.804423276624825268e-01
5.000000000000000000e+00 1.000000000000000000e+00 2.677551689704177340e-01
5.000000000000000000e+00 2.000000000000000000e+00 1.996681076158814405e-01
5.000000000000000000e+00 3.000000000000000000e+00 2.013537281305624593e-01
5.000000000000000000e+00 4.000000000000000000e+00 1.262531808480818196e-01
6.000000000000000000e+00 0.000000000000000000e+00 2.062135930334535738e-01
6.000000000000000000e+00 1.000000000000000000e+00 1.221006774688538354e-01
6.000000000000000000e+00 2.000000000000000000e+00 1.997025206522457519e-01
6.000000000000000000e+00 3.000000000000000000e+00 1.483841181271461362e-01
6.000000000000000000e+00 4.000000000000000000e+00 2.557042202138312681e-01
7.000000000000000000e+00 0.000000000000000000e+00 2.194955420888171638e-01
7.000000000000000000e+00 1.000000000000000000e+00 1.662092962985709244e-01
7.000000000000000000e+00 2.000000000000000000e+00 1.942026924211006089e-01
7.000000000000000000e+00 3.000000000000000000e+00 1.805548591121026447e-01
7.000000000000000000e+00 4.000000000000000000e+00 2.573509153208270450e-01
8.000000000000000000e+00 0.000000000000000000e+00 1.992994673162681585e-01
8.000000000000000000e+00 1.000000000000000000e+00 2.247960554055210558e-01
8.000000000000000000e+00 2.000000000000000000e+00 1.838551043606622415e-01
8.000000000000000000e+00 3.000000000000000000e+00 2.165045348851427076e-01
8.000000000000000000e+00 4.000000000000000000e+00 1.934141195662679169e-01
9.000000000000000000e+00 0.000000000000000000e+00 2.553287564711999580e-01
9.000000000000000000e+00 1.000000000000000000e+00 1.809222640762252199e-01
9.000000000000000000e+00 2.000000000000000000e+00 1.502889812781290080e-01
9.000000000000000000e+00 3.000000000000000000e+00 1.901861927172594224e-01
9.000000000000000000e+00 4.000000000000000000e+00 1.856810456012937538e-01
1.000000000000000000e+01 0.000000000000000000e+00 2.040849414880876178e-01
1.000000000000000000e+01 1.000000000000000000e+00 2.122803059554691507e-01
1.000000000000000000e+01 2.000000000000000000e+00 2.154419782612230216e-01
1.000000000000000000e+01 3.000000000000000000e+00 1.462707031088282816e-01
1.000000000000000000e+01 4.000000000000000000e+00 2.298329283555521907e-01
1.100000000000000000e+01 0.000000000000000000e+00 2.214450434414966251e-01
1.100000000000000000e+01 1.000000000000000000e+00 1.705677144353868468e-01
1.100000000000000000e+01 2.000000000000000000e+00 2.804125532538760956e-01
1.100000000000000000e+01 3.000000000000000000e+00 1.189958783601181291e-01
1.100000000000000000e+01 4.000000000000000000e+00 1.337888612570802827e-01
1.200000000000000000e+01 0.000000000000000000e+00 2.212091684217595555e-01
1.200000000000000000e+01 1.000000000000000000e+00 2.359441454256782089e-01
1.200000000000000000e+01 2.000000000000000000e+00 1.098133460974638487e-01
1.200000000000000000e+01 3.000000000000000000e+00 1.989790516292999634e-01
1.200000000000000000e+01 4.000000000000000000e+00 2.043059227170316849e-01
1.300000000000000000e+01 0.000000000000000000e+00 1.628752664109033854e-01
1.300000000000000000e+01 1.000000000000000000e+00 1.894502260417331163e-01
1.300000000000000000e+01 2.000000000000000000e+00 2.302414800707906495e-01
1.300000000000000000e+01 3.000000000000000000e+00 2.413508650858322557e-01
1.300000000000000000e+01 4.000000000000000000e+00 1.901067786369966539e-01
1.400000000000000000e+01 0.000000000000000000e+00 1.698378367247432297e-01
1.400000000000000000e+01 1.000000000000000000e+00 1.993726425839038308e-01
1.400000000000000000e+01 2.000000000000000000e+00 2.257895947919970892e-01
1.400000000000000000e+01 3.000000000000000000e+00 2.281289040812000124e-01
1.400000000000000000e+01 4.000000000000000000e+00 1.772827866252324747e-01
1.500000000000000000e+01 0.000000000000000000e+00 2.003407877756493705e-01
1.500000000000000000e+01 1.000000000000000000e+00 2.135929044253151721e-01
1.500000000000000000e+01 2.000000000000000000e+00 2.225977459455703300e-01
1.500000000000000000e+01 3.000000000000000000e+00 1.563276452204157563e-01
1.500000000000000000e+01 4.000000000000000000e+00 1.804838775815087726e-01
1.600000000000000000e+01 0.000000000000000000e+00 2.681289461795786089e-01
1.600000000000000000e+01 1.000000000000000000e+00 2.082014312402303835e-01
1.600000000000000000e+01 2.000000000000000000e+00 1.384387734314514729e-01
1.600000000000000000e+01 3.000000000000000000e+00 1.934208366092967646e-01
1.600000000000000000e+01 4.000000000000000000e+00 2.067432612992899654e-01
1.700000000000000000e+01 0.000000000000000000e+00 2.576227180506394099e-01
1.700000000000000000e+01 1.000000000000000000e+00 2.167086327881684593e-01
1.700000000000000000e+01 2.000000000000000000e+00 1.935845501785545819e-01
1.700000000000000000e+01 3.000000000000000000e+00 2.050288892192661527e-01
1.700000000000000000e+01 4.000000000000000000e+00 1.660174261581177924e-01
1.800000000000000000e+01 0.000000000000000000e+00 2.328949816080318480e-01
1.800000000000000000e+01 1.000000000000000000e+00 2.084741872006528884e-01
1.800000000000000000e+01 2.000000000000000000e+00 2.057373724630767176e-01
1.800000000000000000e+01 3.000000000000000000e+00 2.287020867078644049e-01
1.800000000000000000e+01 4.000000000000000000e+00 1.144003860315379595e-01
1.900000000000000000e+01 0.000000000000000000e+00 2.414522450600192494e-01
1.900000000000000000e+01 1.000000000000000000e+00 2.096401308533637764e-01
1.900000000000000000e+01 2.000000000000000000e+00 1.909386832256844135e-01
1.900000000000000000e+01 3.000000000000000000e+00 1.782558719151210447e-01
1.900000000000000000e+01 4.000000000000000000e+00 1.992322660152622271e-01
2.000000000000000000e+01 0.000000000000000000e+00 1.389776074944033268e-01
2.000000000000000000e+01 1.000000000000000000e+00 1.977229827700540399e-01
2.000000000000000000e+01 2.000000000000000000e+00 1.878021268523004383e-01
2.000000000000000000e+01 3.000000000000000000e+00 2.309381764207905641e-01
2.000000000000000000e+01 4.000000000000000000e+00 2.026130188765507822e-01
2.100000000000000000e+01 0.000000000000000000e+00 1.490821987966090001e-01
2.100000000000000000e+01 1.000000000000000000e+00 2.158035692747878875e-01
2.100000000000000000e+01 2.000000000000000000e+00 2.157196247537573608e-01
2.100000000000000000e+01 3.000000000000000000e+00 2.134424777214734281e-01
2.100000000000000000e+01 4.000000000000000000e+00 1.709951661142392887e-01
2.200000000000000000e+01 0.000000000000000000e+00 2.103850020830311252e-01
2.200000000000000000e+01 1.000000000000000000e+00 2.154326990571842626e-01
2.200000000000000000e+01 2.000000000000000000e+00 2.275429681958915096e-01
2.200000000000000000e+01 3.000000000000000000e+00 1.719908977121614724e-01
2.200000000000000000e+01 4.000000000000000000e+00 1.395409625280474020e-01
2.300000000000000000e+01 0.000000000000000000e+00 1.827239492567042378e-01
2.300000000000000000e+01 1.000000000000000000e+00 1.912470249587557292e-01
2.300000000000000000e+01 2.000000000000000000e+00 2.315579540239508793e-01
2.300000000000000000e+01 3.000000000000000000e+00 1.117589325138725331e-01
2.300000000000000000e+01 4.000000000000000000e+00 2.611110139351850434e-01
2.400000000000000000e+01 0.000000000000000000e+00 2.062378942040213603e-01
2.400000000000000000e+01 1.000000000000000000e+00 2.274587135052148767e-01
2.400000000000000000e+01 2.000000000000000000e+00 1.714461877370368204e-01
2.400000000000000000e+01 3.000000000000000000e+00 1.519462038964743689e-01
2.400000000000000000e+01 4.000000000000000000e+00 2.234610260154776817e-01
2.500000000000000000e+01 0.000000000000000000e+00 2.367189872173637855e-01
2.500000000000000000e+01 1.000000000000000000e+00 2.203908913064225039e-01
2.500000000000000000e+01 2.000000000000000000e+00 1.714956909733678647e-01
2.500000000000000000e+01 3.000000000000000000e+00 2.099127676746640747e-01
2.500000000000000000e+01 4.000000000000000000e+00 1.477565590416628216e-01
2.600000000000000000e+01 0.000000000000000000e+00 2.340396369732444803e-01
2.600000000000000000e+01 1.000000000000000000e+00 2.318587461691088980e-01
2.600000000000000000e+01 2.000000000000000000e+00 1.451376513734949913e-01
2.600000000000000000e+01 3.000000000000000000e+00 1.722262495346309763e-01
2.600000000000000000e+01 4.000000000000000000e+00 1.759303773656825942e-01
2.700000000000000000e+01 0.000000000000000000e+00 2.144779876305797639e-01
2.700000000000000000e+01 1.000000000000000000e+00 1.556997396482687201e-01
2.700000000000000000e+01 2.000000000000000000e+00 2.187332053353368555e-01
2.700000000000000000e+01 3.000000000000000000e+00 2.153001428915369275e-01
2.700000000000000000e+01 4.000000000000000000e+00 1.783563174534596452e-01
2.800000000000000000e+01 0.000000000000000000e+00 1.748647701214176842e-01
2.800000000000000000e+01 1.000000000000000000e+00 2.522341955211397369e-01
2.800000000000000000e+01 2.000000000000000000e+00 1.246041084976065583e-01
2.800000000000000000e+01 3.000000000000000000e+00 2.153532194122655952e-01
2.800000000000000000e+01 4.000000000000000000e+00 2.002899967017950367e-01
2.900000000000000000e+01 0.000000000000000000e+00 2.087203391953596221e-01
2.900000000000000000e+01 1.000000000000000000e+00 2.058033584253619319e-01
2.900000000000000000e+01 2.000000000000000000e+00 1.993404308650069401e-01
2.900000000000000000e+01 3.000000000000000000e+00 2.208813631134738664e-01
2.900000000000000000e+01 4.000000000000000000e+00 1.700582049706099441e-01
3.000000000000000000e+01 0.000000000000000000e+00 2.294105108147757033e-01
3.000000000000000000e+01 1.000000000000000000e+00 2.038588794505173107e-01
3.000000000000000000e+01 2.000000000000000000e+00 2.076756351714365290e-01
3.000000000000000000e+01 3.000000000000000000e+00 2.060119139312980019e-01
3.000000000000000000e+01 4.000000000000000000e+00 1.969861034187735116e-01
3.100000000000000000e+01 0.000000000000000000e+00 2.023045638295694060e-01
3.100000000000000000e+01 1.000000000000000000e+00 2.108490680833879916e-01
3.100000000000000000e+01 2.000000000000000000e+00 2.282423508002479062e-01
3.100000000000000000e+01 3.000000000000000000e+00 1.273760049139860129e-01
3.100000000000000000e+01 4.000000000000000000e+00 2.458795809767200802e-01
3.200000000000000000e+01 0.000000000000000000e+00 2.057695081598245046e-01
3.200000000000000000e+01 1.000000000000000000e+00 1.198772319022333860e-01
3.200000000000000000e+01 2.000000000000000000e+00 2.369160685499715757e-01
3.200000000000000000e+01 3.000000000000000000e+00 1.695530690507949800e-01
3.200000000000000000e+01 4.000000000000000000e+00 2.404098197536273518e-01
3.300000000000000000e+01 0.000000000000000000e+00 1.700852760841892464e-01
3.300000000000000000e+01 1.000000000000000000e+00 1.751757894078546651e-01
3.300000000000000000e+01 2.000000000000000000e+00 2.320504487561943496e-01
3.300000000000000000e+01 3.000000000000000000e+00 2.132681867383397212e-01
3.300000000000000000e+01 4.000000000000000000e+00 1.663217754380313662e-01
3.400000000000000000e+01 0.000000000000000000e+00 2.100882340286563954e-01
3.400000000000000000e+01 1.000000000000000000e+00 1.373303813508901239e-01
3.400000000000000000e+01 2.000000000000000000e+00 2.259923453461276099e-01
3.400000000000000000e+01 3.000000000000000000e+00 2.109963132805275088e-01
3.400000000000000000e+01 4.000000000000000000e+00 2.287918088457464305e-01
3.500000000000000000e+01 0.000000000000000000e+00 2.221945759152171018e-01
3.500000000000000000e+01 1.000000000000000000e+00 2.077703559034958236e-01
3.500000000000000000e+01 2.000000000000000000e+00 2.197800160396818081e-01
3.500000000000000000e+01 3.000000000000000000e+00 1.381704195641786370e-01
3.500000000000000000e+01 4.000000000000000000e+00 2.057980632959635903e-01
3.600000000000000000e+01 0.000000000000000000e+00 2.696903353310554641e-01
3.600000000000000000e+01 1.000000000000000000e+00 1.337006911374067075e-01
3.600000000000000000e+01 2.000000000000000000e+00 2.072393100050888559e-01
3.600000000000000000e+01 3.000000000000000000e+00 1.790155364119555559e-01
3.600000000000000000e+01 4.000000000000000000e+00 2.094560789702915038e-01
3.700000000000000000e+01 0.000000000000000000e+00 1.906416696855505466e-01
3.700000000000000000e+01 1.000000000000000000e+00 1.890957907543454608e-01
3.700000000000000000e+01 2.000000000000000000e+00 1.730430289549006462e-01
3.700000000000000000e+01 3.000000000000000000e+00 2.664708417559545905e-01
3.700000000000000000e+01 4.000000000000000000e+00 2.061142019939977421e-01
3.800000000000000000e+01 0.000000000000000000e+00 2.324493601021541400e-01
3.800000000000000000e+01 1.000000000000000000e+00 1.861628528185204912e-01
3.800000000000000000e+01 2.000000000000000000e+00 1.542233500360817577e-01
3.800000000000000000e+01 3.000000000000000000e+00 1.393603848157726199e-01
3.800000000000000000e+01 4.000000000000000000e+00 2.190278118360143300e-01
3.900000000000000000e+01 0.000000000000000000e+00 1.818822844918902004e-01
3.900000000000000000e+01 1.000000000000000000e+00 2.022975494107336902e-01
3.900000000000000000e+01 2.000000000000000000e+00 2.160857982369929209e-01
3.900000000000000000e+01 3.000000000000000000e+00 2.129881601298136973e-01
3.900000000000000000e+01 4.000000000000000000e+00 2.053488640301883716e-01
4.000000000000000000e+01 0.000000000000000000e+00 2.210696180768597641e-01
4.000000000000000000e+01 1.000000000000000000e+00 2.263090318255899513e-01
4.000000000000000000e+01 2.000000000000000000e+00 1.528640150044562607e-01
4.000000000000000000e+01 3.000000000000000000e+00 1.715377574645092495e-01
4.000000000000000000e+01 4.000000000000000000e+00 1.892675221055043766e-01
4.100000000000000000e+01 0.000000000000000000e+00 1.916456166973073139e-01
4.100000000000000000e+01 1.000000000000000000e+00 1.935636620078973746e-01
4.100000000000000000e+01 2.000000000000000000e+00 2.435501438655077733e-01
4.100000000000000000e+01 3.000000000000000000e+00 1.683992324705979593e-01
4.100000000000000000e+01 4.000000000000000000e+00 1.713993763653350599e-01
4.200000000000000000e+01 0.000000000000000000e+00 1.643137346747083061e-01
4.200000000000000000e+01 1.000000000000000000e+00 2.156687710904722777e-01
4.200000000000000000e+01 2.000000000000000000e+00 2.470267205589400661e-01
4.200000000000000000e+01 3.000000000000000000e+00 1.999945602184148297e-01
4.200000000000000000e+01 4.000000000000000000e+00 1.732423160361122316e-01
4.300000000000000000e+01 0.000000000000000000e+00 1.666780866496879732e-01
4.300000000000000000e+01 1.000000000000000000e+00 1.384494715230865924e-01
4.300000000000000000e+01 2.000000000000000000e+00 2.115387001605513462e-01
4.300000000000000000e+01 3.000000000000000000e+00 2.423269355620016330e-01
4.300000000000000000e+01 4.000000000000000000e+00 1.647636951123540860e-01
4.400000000000000000e+01 0.000000000000000000e+00 2.056117309680580152e-01
4.400000000000000000e+01 1.000000000000000000e+00 1.843652420859520358e-01
4.400000000000000000e+01 2.000000000000000000e+00 2.053878524107426440e-01
4.400000000000000000e+01 3.000000000000000000e+00 2.230045892119051354e-01
4.400000000000000000e+01 4.000000000000000000e+00 1.942354259741718991e-01
4.500000000000000000e+01 0.000000000000000000e+00 2.260106797560373637e-01
4.500000000000000000e+01 1.000000000000000000e+00 1.726696282304002461e-01
4.500000000000000000e+01 2.000000000000000000e+00 1.274016043055683223e-01
4.500000000000000000e+01 3.000000000000000000e+00 2.743172510648661522e-01
4.500000000000000000e+01 4.000000000000000000e+00 1.162613102266216586e-01
4.600000000000000000e+01 0.000000000000000000e+00 2.526787752454556224e-01
4.600000000000000000e+01 1.000000000000000000e+00 1.674226590226240707e-01
4.600000000000000000e+01 2.000000000000000000e+00 2.238243687262279347e-01
4.600000000000000000e+01 3.000000000000000000e+00 1.598728372928960861e-01
4.600000000000000000e+01 4.000000000000000000e+00 1.855771023133055697e-01
4.700000000000000000e+01 0.000000000000000000e+00 2.090877340811764518e-01
4.700000000000000000e+01 1.000000000000000000e+00 2.193503841476407701e-01
4.700000000000000000e+01 2.000000000000000000e+00 1.227929379784575975e-01
4.700000000000000000e+01 3.000000000000000000e+00 2.512376623870531955e-01
4.700000000000000000e+01 4.000000000000000000e+00 1.421027293432000627e-01
4.800000000000000000e+01 0.000000000000000000e+00 2.238764403252548607e-01
4.800000000000000000e+01 1.000000000000000000e+00 2.145767088591374605e-01
4.800000000000000000e+01 2.000000000000000000e+00 1.062631986495835429e-01
4.800000000000000000e+01 3.000000000000000000e+00 1.959550339148927733e-01
4.800000000000000000e+01 4.000000000000000000e+00 2.247490748324756371e-01
4.900000000000000000e+01 0.000000000000000000e+00 2.020630382905167777e-01
4.900000000000000000e+01 1.000000000000000000e+00 1.712932815894477601e-01
4.900000000000000000e+01 2.000000000000000000e+00 2.413035875550463560e-01
4.900000000000000000e+01 3.000000000000000000e+00 2.189396540411400471e-01
4.900000000000000000e+01 4.000000000000000000e+00 1.885892029277779769e-01
5.000000000000000000e+01 0.000000000000000000e+00 1.631613815846304494e-01
5.000000000000000000e+01 1.000000000000000000e+00 2.469753991487466938e-01
5.000000000000000000e+01 2.000000000000000000e+00 1.692332532722008454e-01
5.000000000000000000e+01 3.000000000000000000e+00 2.000464010284878635e-01
5.000000000000000000e+01 4.000000000000000000e+00 1.686515051182804203e-01
5.100000000000000000e+01 0.000000000000000000e+00 2.153870120483148132e-01
5.100000000000000000e+01 1.000000000000000000e+00 2.164210517493046770e-01
5.100000000000000000e+01 2.000000000000000000e+00 1.339501823372316047e-01
5.100000000000000000e+01 3.000000000000000000e+00 1.999188876275330706e-01
5.100000000000000000e+01 4.000000000000000000e+00 1.717072109232382626e-01
5.200000000000000000e+01 0.000000000000000000e+00 1.616416991009859971e-01
5.200000000000000000e+01 1.000000000000000000e+00 1.552881182637373680e-01
5.200000000000000000e+01 2.000000000000000000e+00 2.105127390967377055e-01
5.200000000000000000e+01 3.000000000000000000e+00 2.379898223753002529e-01
5.200000000000000000e+01 4.000000000000000000e+00 2.034886347019287389e-01
5.300000000000000000e+01 0.000000000000000000e+00 1.909061201114978790e-01
5.300000000000000000e+01 1.000000000000000000e+00 1.164881837258542330e-01
5.300000000000000000e+01 2.000000000000000000e+00 2.150741656252483369e-01
5.300000000000000000e+01 3.000000000000000000e+00 2.204630620568861221e-01
5.300000000000000000e+01 4.000000000000000000e+00 2.257442709118170077e-01
5.400000000000000000e+01 0.000000000000000000e+00 1.867659952956105540e-01
5.400000000000000000e+01 1.000000000000000000e+00 1.434023586126126626e-01
5.400000000000000000e+01 2.000000000000000000e+00 2.260205401430540606e-01
5.400000000000000000e+01 3.000000000000000000e+00 2.282313571654801254e-01
5.400000000000000000e+01 4.000000000000000000e+00 1.878045543499917980e-01
5.500000000000000000e+01 0.000000000000000000e+00 2.289363724142137735e-01
5.500000000000000000e+01 1.000000000000000000e+00 1.740402940520700270e-01
5.500000000000000000e+01 2.000000000000000000e+00 2.067041115081699187e-01
5.500000000000000000e+01 3.000000000000000000e+00 1.399080685314408601e-01
5.500000000000000000e+01 4.000000000000000000e+00 2.266118683561292868e-01
5.600000000000000000e+01 0.000000000000000000e+00 2.197900623492842764e-01
5.600000000000000000e+01 1.000000000000000000e+00 1.282071442478870671e-01
5.600000000000000000e+01 2.000000000000000000e+00 2.145975666652242264e-01
5.600000000000000000e+01 3.000000000000000000e+00 2.574876052684911820e-01
5.600000000000000000e+01 4.000000000000000000e+00 1.749823294672920582e-01
5.700000000000000000e+01 0.000000000000000000e+00 1.865813834535388904e-01
5.700000000000000000e+01 1.000000000000000000e+00 1.397587919696834102e-01
5.700000000000000000e+01 2.000000000000000000e+00 2.198529226474595366e-01
5.700000000000000000e+01 3.000000000000000000e+00 2.400854241855610305e-01
5.700000000000000000e+01 4.000000000000000000e+00 2.200838949140233591e-01
5.800000000000000000e+01 0.000000000000000000e+00 1.938923828721159925e-01
5.800000000000000000e+01 1.000000000000000000e+00 1.910760143706213832e-01
5.800000000000000000e+01 2.000000000000000000e+00 2.569993382875538357e-01
5.800000000000000000e+01 3.000000000000000000e+00 1.497088324730354025e-01
5.800000000000000000e+01 4.000000000000000000e+00 2.160757489553818689e-01
5.900000000000000000e+01 0.000000000000000000e+00 1.588652389407825549e-01
5.900000000000000000e+01 1.000000000000000000e+00 1.115985397124774070e-01
5.900000000000000000e+01 2.000000000000000000e+00 2.110813721812251631e-01
5.900000000000000000e+01 3.000000000000000000e+00 1.962899528284560990e-01
5.900000000000000000e+01 4.000000000000000000e+00 2.659989624485581960e-01
6.000000000000000000e+01 0.000000000000000000e+00 2.173460664865502212e-01
6.000000000000000000e+01 1.000000000000000000e+00 2.053742882361112299e-01
6.000000000000000000e+01 2.000000000000000000e+00 2.037809511344124136e-01
6.000000000000000000e+01 3.000000000000000000e+00 2.155840676831055625e-01
6.000000000000000000e+01 4.000000000000000000e+00 1.931670306468459553e-01
6.100000000000000000e+01 0.000000000000000000e+00 2.177597982062641491e-01
6.100000000000000000e+01 1.000000000000000000e+00 1.639868534410871548e-01
6.100000000000000000e+01 2.000000000000000000e+00 2.327172637749835293e-01
6.100000000000000000e+01 3.000000000000000000e+00 1.272981027406455135e-01
6.100000000000000000e+01 4.000000000000000000e+00 2.112653074878687587e-01
6.200000000000000000e+01 0.000000000000000000e+00 1.525127150515664665e-01
6.200000000000000000e+01 1.000000000000000000e+00 1.847055040146636518e-01
6.200000000000000000e+01 2.000000000000000000e+00 1.850433485588166282e-01
6.200000000000000000e+01 3.000000000000000000e+00 1.609783644530899394e-01
6.200000000000000000e+01 4.000000000000000000e+00 2.732652410915771268e-01
6.300000000000000000e+01 0.000000000000000000e+00 1.967965894706726615e-01
6.300000000000000000e+01 1.000000000000000000e+00 1.877447377737392065e-01
6.300000000000000000e+01 2.000000000000000000e+00 2.080727993215939209e-01
6.300000000000000000e+01 3.000000000000000000e+00 2.112318404842953301e-01
6.300000000000000000e+01 4.000000000000000000e+00 2.096302260891023117e-01
6.400000000000000000e+01 0.000000000000000000e+00 2.619847479636252530e-01
6.400000000000000000e+01 1.000000000000000000e+00 1.287794934959182458e-01
6.400000000000000000e+01 2.000000000000000000e+00 2.414268399020030875e-01
6.400000000000000000e+01 3.000000000000000000e+00 1.520372302053137059e-01
6.400000000000000000e+01 4.000000000000000000e+00 1.626198197997560657e-01
6.500000000000000000e+01 0.000000000000000000e+00 2.016541436603776771e-01
6.500000000000000000e+01 1.000000000000000000e+00 2.677995124508841251e-01
6.500000000000000000e+01 2.000000000000000000e+00 2.066992201630867554e-01
6.500000000000000000e+01 3.000000000000000000e+00 1.585116746634551710e-01
6.500000000000000000e+01 4.000000000000000000e+00 2.158066754468252191e-01
6.600000000000000000e+01 0.000000000000000000e+00 2.091738486001539221e-01
6.600000000000000000e+01 1.000000000000000000e+00 1.735140384595412477e-01
6.600000000000000000e+01 2.000000000000000000e+00 2.231032413647539292e-01
6.600000000000000000e+01 3.000000000000000000e+00 2.063348511824081577e-01
6.600000000000000000e+01 4.000000000000000000e+00 1.810003458276299160e-01
6.700000000000000000e+01 0.000000000000000000e+00 2.125161889372467194e-01
6.700000000000000000e+01 1.000000000000000000e+00 2.590045848467091294e-01
6.700000000000000000e+01 2.000000000000000000e+00 1.323936167841395783e-01
6.700000000000000000e+01 3.000000000000000000e+00 1.272372136810849541e-01
6.700000000000000000e+01 4.000000000000000000e+00 2.278398088719120751e-01
6.800000000000000000e+01 0.000000000000000000e+00 1.882231256289539079e-01
6.800000000000000000e+01 1.000000000000000000e+00 1.954962622603559075e-01
6.800000000000000000e+01 2.000000000000000000e+00 2.220359402943640759e-01
6.800000000000000000e+01 3.000000000000000000e+00 2.164303874898464985e-01
6.800000000000000000e+01 4.000000000000000000e+00 1.333372561984660087e-01
6.900000000000000000e+01 0.000000000000000000e+00 2.027039830596581993e-01
6.900000000000000000e+01 1.000000000000000000e+00 1.297828454859697167e-01
6.900000000000000000e+01 2.000000000000000000e+00 2.299348003372390370e-01
6.900000000000000000e+01 3.000000000000000000e+00 1.929669675520293282e-01
6.900000000000000000e+01 4.000000000000000000e+00 2.071550772075837488e-01
7.000000000000000000e+01 0.000000000000000000e+00 1.630120615388667149e-01
7.000000000000000000e+01 1.000000000000000000e+00 2.016053803321221360e-01
7.000000000000000000e+01 2.000000000000000000e+00 2.137561814241016600e-01
7.000000000000000000e+01 3.000000000000000000e+00 1.980888887436031143e-01
7.000000000000000000e+01 4.000000000000000000e+00 2.379795084251812298e-01
7.100000000000000000e+01 0.000000000000000000e+00 2.386147934372635226e-01
7.100000000000000000e+01 1.000000000000000000e+00 1.643727244535947707e-01
7.100000000000000000e+01 2.000000000000000000e+00 2.335274929030330404e-01
7.100000000000000000e+01 3.000000000000000000e+00 1.399051802668920541e-01
7.100000000000000000e+01 4.000000000000000000e+00 2.052908991967383745e-01
7.200000000000000000e+01 0.000000000000000000e+00 2.426618056295580250e-01
7.200000000000000000e+01 1.000000000000000000e+00 1.735019659126933178e-01
7.200000000000000000e+01 2.000000000000000000e+00 1.378802095020096041e-01
7.200000000000000000e+01 3.000000000000000000e+00 2.286988301152562686e-01
7.200000000000000000e+01 4.000000000000000000e+00 2.226597968979228959e-01
7.300000000000000000e+01 0.000000000000000000e+00 1.793960061730587585e-01
7.300000000000000000e+01 1.000000000000000000e+00 1.846299164238149604e-01
7.300000000000000000e+01 2.000000000000000000e+00 2.014043786464170260e-01
7.300000000000000000e+01 3.000000000000000000e+00 2.561913091705768641e-01
7.300000000000000000e+01 4.000000000000000000e+00 1.441345021880358346e-01
7.400000000000000000e+01 0.000000000000000000e+00 1.711148772991240019e-01
7.400000000000000000e+01 1.000000000000000000e+00 1.502881730828171392e-01
7.400000000000000000e+01 2.000000000000000000e+00 2.030877075559392175e-01
7.400000000000000000e+01 3.000000000000000000e+00 2.561352187748842102e-01
7.400000000000000000e+01 4.000000000000000000e+00 2.019013064828915904e-01
7.500000000000000000e+01 0.000000000000000000e+00 2.271480442354760765e-01
7.500000000000000000e+01 1.000000000000000000e+00 2.134557152908859445e-01
7.500000000000000000e+01 2.000000000000000000e+00 1.929263598247796252e-01
7.500000000000000000e+01 3.000000000000000000e+00 2.212548945350185092e-01
7.500000000000000000e+01 4.000000000000000000e+00 1.183280954251229866e-01
7.600000000000000000e+01 0.000000000000000000e+00 2.403239231740979254e-01
7.600000000000000000e+01 1.000000000000000000e+00 1.462863242169133993e-01
7.600000000000000000e+01 2.000000000000000000e+00 2.159540982572999146e-01
7.600000000000000000e+01 3.000000000000000000e+00 1.902077968866078550e-01
7.600000000000000000e+01 4.000000000000000000e+00 2.131191661964972339e-01
7.700000000000000000e+01 0.000000000000000000e+00 2.019496817126044952e-01
7.700000000000000000e+01 1.000000000000000000e+00 1.648091976912093026e-01
7.700000000000000000e+01 2.000000000000000000e+00 1.961113102200849612e-01
7.700000000000000000e+01 3.000000000000000000e+00 2.331434896680796287e-01
7.700000000000000000e+01 4.000000000000000000e+00 2.145020472647267695e-01
7.800000000000000000e+01 0.000000000000000000e+00 1.962472844526257920e-01
7.800000000000000000e+01 1.000000000000000000e+00 1.711941942508666825e-01
7.800000000000000000e+01 2.000000000000000000e+00 2.455668562226591967e-01
7.800000000000000000e+01 3.000000000000000000e+00 1.974977932561646776e-01
7.800000000000000000e+01 4.000000000000000000e+00 1.827103217600994645e-01
7.900000000000000000e+01 0.000000000000000000e+00 1.300974868122221351e-01
7.900000000000000000e+01 1.000000000000000000e+00 2.367845757849574018e-01
7.900000000000000000e+01 2.000000000000000000e+00 2.278514583736463983e-01
7.900000000000000000e+01 3.000000000000000000e+00 2.182421424012652711e-01
7.900000000000000000e+01 4.000000000000000000e+00 1.931892148167305701e-01
8.000000000000000000e+01 0.000000000000000000e+00 2.022416281906497248e-01
8.000000000000000000e+01 1.000000000000000000e+00 1.735273851104972009e-01
8.000000000000000000e+01 2.000000000000000000e+00 1.320201701705231156e-01
8.000000000000000000e+01 3.000000000000000000e+00 1.654266214664726620e-01
8.000000000000000000e+01 4.000000000000000000e+00 2.300936986476187218e-01
8.100000000000000000e+01 0.000000000000000000e+00 2.198169255950155332e-01
8.100000000000000000e+01 1.000000000000000000e+00 1.890488067811243733e-01
8.100000000000000000e+01 2.000000000000000000e+00 2.386862551241196451e-01
8.100000000000000000e+01 3.000000000000000000e+00 1.596641943021305521e-01
8.100000000000000000e+01 4.000000000000000000e+00 1.943044635933913467e-01
8.200000000000000000e+01 0.000000000000000000e+00 1.615321868059304278e-01
8.200000000000000000e+01 1.000000000000000000e+00 1.978162894998087284e-01
8.200000000000000000e+01 2.000000000000000000e+00 2.495123038348903699e-01
8.200000000000000000e+01 3.000000000000000000e+00 1.838924259270521833e-01
8.200000000000000000e+01 4.000000000000000000e+00 1.721603248790807561e-01
8.300000000000000000e+01 0.000000000000000000e+00 1.825951047327371013e-01
8.300000000000000000e+01 1.000000000000000000e+00 1.955840374753982092e-01
8.300000000000000000e+01 2.000000000000000000e+00 2.020931274670517419e-01
8.300000000000000000e+01 3.000000000000000000e+00 2.393798929975226031e-01
8.300000000000000000e+01 4.000000000000000000e+00 2.021871614293452857e-01
8.400000000000000000e+01 0.000000000000000000e+00 2.701155483906596544e-01
8.400000000000000000e+01 1.000000000000000000e+00 1.235916581892313876e-01
8.400000000000000000e+01 2.000000000000000000e+00 2.227482849980348401e-01
8.400000000000000000e+01 3.000000000000000000e+00 1.469408525140228072e-01
8.400000000000000000e+01 4.000000000000000000e+00 2.191199182378033294e-01
8.500000000000000000e+01 0.000000000000000000e+00 2.756110722866446650e-01
8.500000000000000000e+01 1.000000000000000000e+00 2.234933947357676254e-01
8.500000000000000000e+01 2.000000000000000000e+00 1.419567883344886317e-01
8.500000000000000000e+01 3.000000000000000000e+00 2.228282061165258454e-01
8.500000000000000000e+01 4.000000000000000000e+00 1.545974232585372588e-01
8.600000000000000000e+01 0.000000000000000000e+00 1.962317384728774483e-01
8.600000000000000000e+01 1.000000000000000000e+00 1.380678736077059487e-01
8.600000000000000000e+01 2.000000000000000000e+00 1.525452010459666941e-01
8.600000000000000000e+01 3.000000000000000000e+00 2.230027977672714712e-01
8.600000000000000000e+01 4.000000000000000000e+00 2.148354314474540117e-01
8.700000000000000000e+01 0.000000000000000000e+00 1.100442471843992714e-01
8.700000000000000000e+01 1.000000000000000000e+00 1.998370696554562786e-01
8.700000000000000000e+01 2.000000000000000000e+00 1.941664761940639083e-01
8.700000000000000000e+01 3.000000000000000000e+00 2.527031480501172322e-01
8.700000000000000000e+01 4.000000000000000000e+00 1.330671490720315986e-01
8.800000000000000000e+01 0.000000000000000000e+00 2.386464463778044665e-01
8.800000000000000000e+01 1.000000000000000000e+00 2.153843615989018967e-01
8.800000000000000000e+01 2.000000000000000000e+00 1.436350967459017469e-01
8.800000000000000000e+01 3.000000000000000000e+00 2.011353821806389497e-01
8.800000000000000000e+01 4.000000000000000000e+00 2.392892125490519994e-01
8.900000000000000000e+01 0.000000000000000000e+00 2.039071832886735769e-01
8.900000000000000000e+01 1.000000000000000000e+00 2.285219237068295273e-01
8.900000000000000000e+01 2.000000000000000000e+00 1.258292853862307270e-01
8.900000000000000000e+01 3.000000000000000000e+00 2.197058725744588936e-01
8.900000000000000000e+01 4.000000000000000000e+00 1.895683915311693890e-01
9.000000000000000000e+01 0.000000000000000000e+00 2.283033013286417390e-01
9.000000000000000000e+01 1.000000000000000000e+00 1.684393237803799848e-01
9.000000000000000000e+01 2.000000000000000000e+00 2.357912942331467088e-01
9.000000000000000000e+01 3.000000000000000000e+00 2.200279717155547710e-01
9.000000000000000000e+01 4.000000000000000000e+00 1.688133979023389020e-01
9.100000000000000000e+01 0.000000000000000000e+00 2.132520815956044924e-01
9.100000000000000000e+01 1.000000000000000000e+00 2.029099489800244294e-01
9.100000000000000000e+01 2.000000000000000000e+00 2.041081265740952166e-01
9.100000000000000000e+01 3.000000000000000000e+00 1.476913062003015198e-01
9.100000000000000000e+01 4.000000000000000000e+00 1.891649994174730010e-01
9.200000000000000000e+01 0.000000000000000000e+00 2.332274345144499661e-01
9.200000000000000000e+01 1.000000000000000000e+00 1.920284128212908503e-01
9.200000000000000000e+01 2.000000000000000000e+00 1.816471180032963595e-01
9.200000000000000000e+01 3.000000000000000000e+00 2.099246450650053830e-01
9.200000000000000000e+01 4.000000000000000000e+00 1.696476674580859323e-01
9.300000000000000000e+01 0.000000000000000000e+00 1.407921336346550922e-01
9.300000000000000000e+01 1.000000000000000000e+00 2.142837348128963093e-01
9.300000000000000000e+01 2.000000000000000000e+00 2.338094220012527369e-01
9.300000000000000000e+01 3.000000000000000000e+00 1.884576648992120351e-01
9.300000000000000000e+01 4.000000000000000000e+00 1.767077037598407119e-01
9.400000000000000000e+01 0.000000000000000000e+00 2.423365591928654805e-01
9.400000000000000000e+01 1.000000000000000000e+00 1.362242670327435123e-01
9.400000000000000000e+01 2.000000000000000000e+00 2.216417564116393568e-01
9.400000000000000000e+01 3.000000000000000000e+00 1.833634126088093674e-01
9.400000000000000000e+01 4.000000000000000000e+00 2.240820808936102304e-01
9.500000000000000000e+01 0.000000000000000000e+00 1.902251934844544634e-01
9.500000000000000000e+01 1.000000000000000000e+00 2.139902197450044841e-01
9.500000000000000000e+01 2.000000000000000000e+00 2.100705133863668417e-01
9.500000000000000000e+01 3.000000000000000000e+00 2.238773894785166529e-01
9.500000000000000000e+01 4.000000000000000000e+00 1.062574939843116267e-01
9.600000000000000000e+01 0.000000000000000000e+00 1.924099919798200609e-01
9.600000000000000000e+01 1.000000000000000000e+00 2.132649481789878343e-01
9.600000000000000000e+01 2.000000000000000000e+00 2.057840644343670866e-01
9.600000000000000000e+01 3.000000000000000000e+00 1.969227572678957094e-01
9.600000000000000000e+01 4.000000000000000000e+00 2.143111503629601677e-01
9.700000000000000000e+01 0.000000000000000000e+00 2.216774564256726587e-01
9.700000000000000000e+01 1.000000000000000000e+00 1.906666232993906585e-01
9.700000000000000000e+01 2.000000000000000000e+00 1.506558504168845625e-01
9.700000000000000000e+01 3.000000000000000000e+00 2.063885929848595924e-01
9.700000000000000000e+01 4.000000000000000000e+00 1.982778607418458627e-01
9.800000000000000000e+01 0.000000000000000000e+00 1.552584998388845949e-01
9.800000000000000000e+01 1.000000000000000000e+00 2.271013540573992295e-01
9.800000000000000000e+01 2.000000000000000000e+00 2.143190529032700520e-01
9.800000000000000000e+01 3.000000000000000000e+00 1.958046065277845027e-01
9.800000000000000000e+01 4.000000000000000000e+00 1.517271254584585671e-01
9.900000000000000000e+01 0.000000000000000000e+00 1.365573918094286909e-01
9.900000000000000000e+01 1.000000000000000000e+00 1.576009429955910202e-01
9.900000000000000000e+01 2.000000000000000000e+00 2.444224148064094160e-01
9.900000000000000000e+01 3.000000000000000000e+00 2.236052980283250446e-01
9.900000000000000000e+01 4.000000000000000000e+00 1.845056579874858604e-01
