0.0 0.0 16.799352102090878702
0.0 1.0 16.586953503396994591
0.0 2.0 16.655805847813780929
0.0 3.0 16.762793289256745055
0.0 4.0 16.648156460384086586
1.0 0.0 16.739535680780093685
1.0 1.0 16.748847278031490760
1.0 2.0 16.576741919779124146
1.0 3.0 16.776737771414047984
1.0 4.0 16.615748247010753147
2.0 0.0 16.688372111353992011
2.0 1.0 16.690546711072379082
2.0 2.0 16.683601870570910819
2.0 3.0 16.748681678476025070
2.0 4.0 16.648145898463667436
3.0 0.0 16.702324477967561478
3.0 1.0 16.716279601012992373
3.0 2.0 16.625592840578260478
3.0 3.0 16.650877210733423084
3.0 4.0 16.768529675947448254
4.0 0.0 16.730233948557280854
4.0 1.0 16.604655039730637611
4.0 2.0 16.702321371446611664
4.0 3.0 16.819129516812978409
4.0 4.0 16.620371023248150522
5.0 0.0 16.711631197984104347
5.0 1.0 16.723074233558353541
5.0 2.0 16.641854569447904311
5.0 3.0 16.697669957979137223
5.0 4.0 16.671300470925302761
6.0 0.0 16.790699148699150811
6.0 1.0 16.669768783523235101
6.0 2.0 16.686184540092440898
6.0 3.0 16.786044150524986662
6.0 4.0 16.525960273996584959
7.0 0.0 16.725577483301737658
7.0 1.0 16.655814330179747884
7.0 2.0 16.683719677196926057
7.0 3.0 16.696897729278802558
7.0 4.0 16.694443211710780162
8.0 0.0 16.683719269008790320
8.0 1.0 16.772088078173457149
8.0 2.0 16.586007289471591974
8.0 3.0 16.649490103055740065
8.0 4.0 16.773156292905092357
9.0 0.0 16.730231200010610593
9.0 1.0 16.679073917926292125
9.0 2.0 16.613134025555645223
9.0 3.0 16.772094696368888833
9.0 4.0 16.666664838856981135
10.0 0.0 16.772088718643804128
10.0 1.0 16.669766568335070644
10.0 2.0 16.609636894134066409
10.0 3.0 16.711627510042561084
10.0 4.0 16.675944318373414177
11.0 0.0 16.652223887904725075
11.0 1.0 16.735500022778026619
11.0 2.0 16.688561192383865261
11.0 3.0 16.748837387519568409
11.0 4.0 16.674163637622690715
12.0 0.0 16.758139722844759945
12.0 1.0 16.646511996279080847
12.0 2.0 16.511626694454914599
12.0 3.0 16.767441536618601816
12.0 4.0 16.773147897174354171
13.0 0.0 16.762789947308579741
13.0 1.0 16.775144837256629415
13.0 2.0 16.643591789453406449
13.0 3.0 16.533645221312706752
13.0 4.0 16.665777541339885204
14.0 0.0 16.753489936391510184
14.0 1.0 16.739531989842102888
14.0 2.0 16.688384527750631747
14.0 3.0 16.748838742504762678
14.0 4.0 16.527764212570492219
15.0 0.0 16.745566686051994054
15.0 1.0 16.641863579803082729
15.0 2.0 16.692788796515934280
15.0 3.0 16.786046799020322595
15.0 4.0 16.592589501894284609
16.0 0.0 16.767442205575274983
16.0 1.0 16.660462209137978817
16.0 2.0 16.562440087994936277
16.0 3.0 16.716274396695904869
16.0 4.0 16.717592482474405102
17.0 0.0 16.776747689337799585
17.0 1.0 16.716276372572657749
17.0 2.0 16.665115141077798455
17.0 3.0 16.660465587193733938
17.0 4.0 16.638900936027805955
18.0 0.0 16.795350231762188997
18.0 1.0 16.562789368775007404
18.0 2.0 16.725584019067351704
18.0 3.0 16.761955148759380307
18.0 4.0 16.563714971376324314
19.0 0.0 16.634452250423851893
19.0 1.0 16.616954606875701472
19.0 2.0 16.688374923911961645
19.0 3.0 16.820081602177967994
19.0 4.0 16.667164825394944927
20.0 0.0 16.684739599690583844
20.0 1.0 16.716300726960117373
20.0 2.0 16.779605650150994478
20.0 3.0 16.744141494086495214
20.0 4.0 16.556963923460976673
21.0 0.0 16.688373009376160638
21.0 1.0 16.786048983242245924
21.0 2.0 16.686495221060248184
21.0 3.0 16.576744770463200496
21.0 4.0 16.722226633120353512
22.0 0.0 16.693034436230817619
22.0 1.0 16.730225958961010946
22.0 2.0 16.850910156522168393
22.0 3.0 16.705965607990172828
22.0 4.0 16.567841406184697917
23.0 0.0 16.744174535749188237
23.0 1.0 16.632560089924428581
23.0 2.0 16.683727765207173377
23.0 3.0 16.686405581173985979
23.0 4.0 16.689810198608949321
24.0 0.0 16.785851261292638270
24.0 1.0 16.632496977964468243
24.0 2.0 16.777846378219688717
24.0 3.0 16.729949298425449200
24.0 4.0 16.564816477218620605
25.0 0.0 16.680447641058375297
25.0 1.0 16.795343657279275362
25.0 2.0 16.665114908300939334
25.0 3.0 16.679064715328941304
25.0 4.0 16.643532191420170818
26.0 0.0 16.901541248382624616
26.0 1.0 16.567455018400849553
26.0 2.0 16.744185455033633758
26.0 3.0 16.584749304502789613
26.0 4.0 16.638892669685461101
27.0 0.0 16.751661557713301676
27.0 1.0 16.572091853994390220
27.0 2.0 16.734882538809159769
27.0 3.0 16.701387607058371998
27.0 4.0 16.638878137202453900
28.0 0.0 16.706979834470232049
28.0 1.0 16.641859741475972356
28.0 2.0 16.730233429136337264
28.0 3.0 16.683333038419036143
28.0 4.0 16.706331946428914392
29.0 0.0 16.720639664044259831
29.0 1.0 16.618617006685482806
29.0 2.0 16.734873995920739986
29.0 3.0 16.683686862775264359
29.0 4.0 16.708333946273725701
30.0 0.0 16.809306054188116519
30.0 1.0 16.648157909719426328
30.0 2.0 16.654572087925693324
30.0 3.0 16.703874000819219248
30.0 4.0 16.680551974792955150
31.0 0.0 16.740529149512006768
31.0 1.0 16.696371678725373755
31.0 2.0 16.678913314301027526
31.0 3.0 16.720936253901498958
31.0 4.0 16.722227418562276569
32.0 0.0 16.748837680826866858
32.0 1.0 16.711628877146360139
32.0 2.0 16.627907521658197965
32.0 3.0 16.753493951074627688
32.0 4.0 16.615739852058968751
33.0 0.0 16.683719727472023919
33.0 1.0 16.707513383247484029
33.0 2.0 16.753492343136930032
33.0 3.0 16.734891070418104420
33.0 4.0 16.651612080513210401
34.0 0.0 16.755275077929955074
34.0 1.0 16.702335146322624837
34.0 2.0 16.574622381568072882
34.0 3.0 16.775175819180013548
34.0 4.0 16.675916168820375418
35.0 0.0 16.745493431023831477
35.0 1.0 16.697682374647406789
35.0 2.0 16.648950777097581977
35.0 3.0 16.739522263373075361
35.0 4.0 16.622906803756006155
36.0 0.0 16.716886471922194346
36.0 1.0 16.758129173687503766
36.0 2.0 16.758136735237364690
36.0 3.0 16.655156686281575418
36.0 4.0 16.569448646104692813
37.0 0.0 16.800001575404714060
37.0 1.0 16.688378041550642195
37.0 2.0 16.646510619746528903
37.0 3.0 16.740394492873207355
37.0 4.0 16.592602202272562550
38.0 0.0 16.690852480563403759
38.0 1.0 16.711629574364813777
38.0 2.0 16.613949840796550461
38.0 3.0 16.710727593866590013
38.0 4.0 16.722219390813020112
39.0 0.0 16.800005007841932070
39.0 1.0 16.711639400475277739
39.0 2.0 16.637215630468745076
39.0 3.0 16.704376584929708116
39.0 4.0 16.671285353900497483
40.0 0.0 16.693022434930888664
40.0 1.0 16.665667005166429959
40.0 2.0 16.794733236046084812
40.0 3.0 16.674419100844598773
40.0 4.0 16.685185797840738076
41.0 0.0 16.621713492697118397
41.0 1.0 16.702335322516770333
41.0 2.0 16.640110828275059163
41.0 3.0 16.720926977536922919
41.0 4.0 16.685178737793204817
42.0 0.0 16.790698432299940634
42.0 1.0 16.762802754465802479
42.0 2.0 16.669766740281783513
42.0 3.0 16.688372173617320726
42.0 4.0 16.546294723495890366
43.0 0.0 16.701126665369628199
43.0 1.0 16.706976460364337811
43.0 2.0 16.706976838472471059
43.0 3.0 16.809748146818996872
43.0 4.0 16.583331307275400945
44.0 0.0 16.720534373266200845
44.0 1.0 16.595353905400973105
44.0 2.0 16.772093801436785299
44.0 3.0 16.670475049942410806
44.0 4.0 16.680562810167625543
45.0 0.0 16.655817859216561772
45.0 1.0 16.786052824451768828
45.0 2.0 16.685358009480047770
45.0 3.0 16.613060611512356246
45.0 4.0 16.717593924958556784
46.0 0.0 16.842767968954273528
46.0 1.0 16.646516641852709739
46.0 2.0 16.739532569295818121
46.0 3.0 16.706973655747454188
46.0 4.0 16.564814180181709702
47.0 0.0 16.781395690835651635
47.0 1.0 16.465115934585579538
47.0 2.0 16.753488181921181166
47.0 3.0 16.674429001053333366
47.0 4.0 16.782410035068043186
48.0 0.0 16.758142292716893706
48.0 1.0 16.776750979327953672
48.0 2.0 16.562801893291531741
48.0 3.0 16.734884613822750055
48.0 4.0 16.613086707615842386
49.0 0.0 16.758628140935321937
49.0 1.0 16.679073599849331799
49.0 2.0 16.783337872094293175
49.0 3.0 16.567440338609625172
49.0 4.0 16.716636220574685012
50.0 0.0 16.758134506387346363
50.0 1.0 16.716280738129235317
50.0 2.0 16.739537455280522948
50.0 3.0 16.641859534131398846
50.0 4.0 16.601850780702754662
51.0 0.0 16.651175491033484377
51.0 1.0 16.609299461298792977
51.0 2.0 16.762789600437788096
51.0 3.0 16.720938317727558342
51.0 4.0 16.712963666161893883
52.0 0.0 16.837209426984902194
52.0 1.0 16.685290710007365078
52.0 2.0 16.776226531276758891
52.0 3.0 16.562781359354232791
52.0 4.0 16.694446178975905326
53.0 0.0 16.790703472532751306
53.0 1.0 16.702326773921456038
53.0 2.0 16.694256525039392614
53.0 3.0 16.576729579032530637
53.0 4.0 16.722223936549106327
54.0 0.0 16.823258163266885390
54.0 1.0 16.720942684370264431
54.0 2.0 16.600281238897981240
54.0 3.0 16.711624786017988953
54.0 4.0 16.648139909001642422
55.0 0.0 16.753489596344788737
55.0 1.0 16.646515484971583732
55.0 2.0 16.604631721908052810
55.0 3.0 16.733823040783246228
55.0 4.0 16.717594226943241154
56.0 0.0 16.739540510619775660
56.0 1.0 16.765384454273572601
56.0 2.0 16.637211339120259623
56.0 3.0 16.660469286317766802
56.0 4.0 16.675933240163729465
57.0 0.0 16.681907693963324846
57.0 1.0 16.627909497384486315
57.0 2.0 16.697675319193262311
57.0 3.0 16.780456583203203991
57.0 4.0 16.679767247371813710
58.0 0.0 16.697678133058676764
58.0 1.0 16.778903624988302568
58.0 2.0 16.623254641986978442
58.0 3.0 16.679069183627472484
58.0 4.0 16.675925880362207465
59.0 0.0 16.720929722955485630
59.0 1.0 16.659405711520729909
59.0 2.0 16.701171895725316574
59.0 3.0 16.705348818286168466
59.0 4.0 16.687965249284175684
60.0 0.0 16.799996583918630932
60.0 1.0 16.586053921085586182
60.0 2.0 16.674447268180305315
60.0 3.0 16.734888908237373073
60.0 4.0 16.662029628884070576
61.0 0.0 16.655812227378152812
61.0 1.0 16.737626015130121715
61.0 2.0 16.664252369977109680
61.0 3.0 16.804649783760059023
61.0 4.0 16.615937614754312079
62.0 0.0 16.758009518006844019
62.0 1.0 16.755351867783485176
62.0 2.0 16.716287031581643419
62.0 3.0 16.683729314637648855
62.0 4.0 16.574058718969812531
63.0 0.0 16.640897532270162884
63.0 1.0 16.702329639991560839
63.0 2.0 16.762785290855152454
63.0 3.0 16.737860051183243826
63.0 4.0 16.629631611758696863
64.0 0.0 16.792881403342164504
64.0 1.0 16.638111935010499565
64.0 2.0 16.739523059123783355
64.0 3.0 16.730233112079275770
64.0 4.0 16.564817443302693789
65.0 0.0 16.586039901556809184
65.0 1.0 16.702308627599578017
65.0 2.0 16.697681166176220557
65.0 3.0 16.762789471840143563
65.0 4.0 16.708340873664614179
66.0 0.0 16.767438753777213378
66.0 1.0 16.688375750414426335
66.0 2.0 16.567398026640113073
66.0 3.0 16.813957796947079260
66.0 4.0 16.620381985755916077
67.0 0.0 16.841859532853739267
67.0 1.0 16.688366790366551129
67.0 2.0 16.544175896671699633
67.0 3.0 16.667593379507991358
67.0 4.0 16.722221717736744040
68.0 0.0 16.718256513778488426
68.0 1.0 16.753497690582406676
68.0 2.0 16.725582043706435087
68.0 3.0 16.637214989619749872
68.0 4.0 16.574078934281100572
69.0 0.0 16.691747485966807574
69.0 1.0 16.727845327872060466
69.0 2.0 16.764023267901198011
69.0 3.0 16.632539867641611409
69.0 4.0 16.680560176616676671
70.0 0.0 16.786049627444391774
70.0 1.0 16.738524972683197944
70.0 2.0 16.665115442844037119
70.0 3.0 16.655812543506488765
70.0 4.0 16.620371943051196695
71.0 0.0 16.800735939756414439
71.0 1.0 16.651175751488043630
71.0 2.0 16.739342174175924072
71.0 3.0 16.747851421861490451
71.0 4.0 16.532392894941864370
72.0 0.0 16.693022922830678567
72.0 1.0 16.702325458528054725
72.0 2.0 16.674419471601549247
72.0 3.0 16.663693783355032707
72.0 4.0 16.722221280036908553
73.0 0.0 16.660465152919801568
73.0 1.0 16.521836368075341284
73.0 2.0 16.711631935395033111
73.0 3.0 16.772099801034279665
73.0 4.0 16.791660760219944137
74.0 0.0 16.739533044865346767
74.0 1.0 16.693019866814694296
74.0 2.0 16.651162772245847066
74.0 3.0 16.679062331554604270
74.0 4.0 16.694470195153520820
75.0 0.0 16.799998555983755466
75.0 1.0 16.632558309830798748
75.0 2.0 16.720918760310389928
75.0 3.0 16.590692948014591934
75.0 4.0 16.712957680742391631
76.0 0.0 16.813945956216333144
76.0 1.0 16.744147876580754541
76.0 2.0 16.664957787903240671
76.0 3.0 16.697173016658322098
76.0 4.0 16.516731875121852369
77.0 0.0 16.752107138834890776
77.0 1.0 16.669764213586187651
77.0 2.0 16.790696023993017860
77.0 3.0 16.599320240699231732
77.0 4.0 16.675929263654580836
78.0 0.0 16.717801710896704748
78.0 1.0 16.627896742432710653
78.0 2.0 16.716278010916418850
78.0 3.0 16.790698419526048468
78.0 4.0 16.564810505351942993
79.0 0.0 16.609305004360930269
79.0 1.0 16.837203671709083608
79.0 2.0 16.750880752099533311
79.0 3.0 16.618602227186212161
79.0 4.0 16.745381664236898445
80.0 0.0 16.732444431060407908
80.0 1.0 16.758142238958470216
80.0 2.0 16.688382506279957340
80.0 3.0 16.639660410758150277
80.0 4.0 16.564814748095415098
81.0 0.0 16.703239592748701625
81.0 1.0 16.576554055363921236
81.0 2.0 16.737080940264629447
81.0 3.0 16.825791317491660237
81.0 4.0 16.582134771494903447
82.0 0.0 16.730548104160284595
82.0 1.0 16.708173002679345132
82.0 2.0 16.618069252885099729
82.0 3.0 16.733522999197855796
82.0 4.0 16.722225600681703384
83.0 0.0 16.767850755126712414
83.0 1.0 16.618604068048639988
83.0 2.0 16.641871767601017496
83.0 3.0 16.791797407494744476
83.0 4.0 16.615754653358390414
84.0 0.0 16.581383227415216197
84.0 1.0 16.646511909239386284
84.0 2.0 16.734885038459083262
84.0 3.0 16.753470571000431022
84.0 4.0 16.740740185449112687
85.0 0.0 16.651165068482875142
85.0 1.0 16.655841014010380974
85.0 2.0 16.731505559196456545
85.0 3.0 16.681594190896852581
85.0 4.0 16.671294790405735142
86.0 0.0 16.767443577070594074
86.0 1.0 16.734891894993396022
86.0 2.0 16.739538746759425436
86.0 3.0 16.576742688039402651
86.0 4.0 16.638883667878417327
87.0 0.0 16.809290379473786459
87.0 1.0 16.632560073075641327
87.0 2.0 16.697678564687095104
87.0 3.0 16.651158209257559406
87.0 4.0 16.655741573150891099
88.0 0.0 16.647408227837278361
88.0 1.0 16.711621733710700255
88.0 2.0 16.651157424806282137
88.0 3.0 16.744196323580389674
88.0 4.0 16.652238227031606499
89.0 0.0 16.809303764237942147
89.0 1.0 16.644971122713563716
89.0 2.0 16.609300942438309789
89.0 3.0 16.768129311410767457
89.0 4.0 16.702030935212160756
90.0 0.0 16.823258602778611959
90.0 1.0 16.632569294668073212
90.0 2.0 16.670520249548467007
90.0 3.0 16.744174172270202661
90.0 4.0 16.574071165865813526
91.0 0.0 16.716278806345052033
91.0 1.0 16.641865511999515803
91.0 2.0 16.637213641431007005
91.0 3.0 16.730230985140462252
91.0 4.0 16.731481085481306081
92.0 0.0 16.706982622181890008
92.0 1.0 16.595342607452224115
92.0 2.0 16.720936663044607684
92.0 3.0 16.781388318165099349
92.0 4.0 16.711434925619400360
93.0 0.0 16.861143306467187841
93.0 1.0 16.665114170683242634
93.0 2.0 16.553488017355981299
93.0 3.0 16.679073280072273633
93.0 4.0 16.717597362138928219
94.0 0.0 16.679060679550126167
94.0 1.0 16.711632129314448747
94.0 2.0 16.661636004867609984
94.0 3.0 16.869764260644171117
94.0 4.0 16.577528566769284879
95.0 0.0 16.646534895408084509
95.0 1.0 16.620107003991531514
95.0 2.0 16.665111076297179693
95.0 3.0 16.712312461816139830
95.0 4.0 16.791674558533003392
96.0 0.0 16.734879137929603132
96.0 1.0 16.693024846853244725
96.0 2.0 16.570455021719091349
96.0 3.0 16.781392708250017165
96.0 4.0 16.637357246174047987
97.0 0.0 16.804648212797996365
97.0 1.0 16.599750318766716362
97.0 2.0 16.725590698956526836
97.0 3.0 16.588625864596512116
97.0 4.0 16.705430638155021938
98.0 0.0 16.758728978853358882
98.0 1.0 16.623260005370433134
98.0 2.0 16.750462317152702951
98.0 3.0 16.669764167948674327
98.0 4.0 16.622358136366198522
99.0 0.0 16.739542613946245098
99.0 1.0 16.744184918780270266
99.0 2.0 16.733876475977950804
99.0 3.0 16.567419529512772414
99.0 4.0 16.671294410401106489
