0.000000000000000000e+00 0.000000000000000000e+00 1.109875455977221148e-01
0.000000000000000000e+00 1.000000000000000000e+00 8.008469179537615334e-02
0.000000000000000000e+00 2.000000000000000000e+00 1.240314123747521258e-01
0.000000000000000000e+00 3.000000000000000000e+00 7.876765822624483271e-02
0.000000000000000000e+00 4.000000000000000000e+00 7.564455470411905746e-02
1.000000000000000000e+00 0.000000000000000000e+00 5.566835312143881415e-02
1.000000000000000000e+00 1.000000000000000000e+00 1.513550746238076783e-01
1.000000000000000000e+00 2.000000000000000000e+00 4.135493542626458852e-02
1.000000000000000000e+00 3.000000000000000000e+00 5.829950936567407371e-02
1.000000000000000000e+00 4.000000000000000000e+00 6.312524446954044521e-02
2.000000000000000000e+00 0.000000000000000000e+00 4.099859698900856775e-02
2.000000000000000000e+00 1.000000000000000000e+00 1.161854653720476305e-01
2.000000000000000000e+00 2.000000000000000000e+00 2.047184900269834185e-02
2.000000000000000000e+00 3.000000000000000000e+00 3.546818823959033834e-02
2.000000000000000000e+00 4.000000000000000000e+00 8.219279893410388893e-02
3.000000000000000000e+00 0.000000000000000000e+00 8.389821399977820393e-02
3.000000000000000000e+00 1.000000000000000000e+00 4.540352036995751184e-02
3.000000000000000000e+00 2.000000000000000000e+00 6.636337194219894819e-02
3.000000000000000000e+00 3.000000000000000000e+00 4.484592646002094618e-02
3.000000000000000000e+00 4.000000000000000000e+00 8.346627306308510019e-02
4.000000000000000000e+00 0.000000000000000000e+00 6.956209780353318772e-02
4.000000000000000000e+00 1.000000000000000000e+00 6.878762909122902725e-02
4.000000000000000000e+00 2.000000000000000000e+00 4.389291229174802772e-02
4.000000000000000000e+00 3.000000000000000000e+00 9.690192244570663971e-02
4.000000000000000000e+00 4.000000000000000000e+00 7.478714885486224817e-02
5.000000000000000000e+00 0.000000000000000000e+00 8.701139240049923784e-02
5.000000000000000000e+00 1.000000000000000000e+00 6.952117369045278383e-02
5.000000000000000000e+00 2.000000000000000000e+00 5.239209082298903336e-02
5.000000000000000000e+00 3.000000000000000000e+00 2.407212839404151289e-02
5.000000000000000000e+00 4.000000000000000000e+00 1.163960902237666656e-01
6.000000000000000000e+00 0.000000000000000000e+00 3.919103621361417350e-02
6.000000000000000000e+00 1.000000000000000000e+00 3.930139853176892878e-02
6.000000000000000000e+00 2.000000000000000000e+00 5.908928049514981795e-02
6.000000000000000000e+00 3.000000000000000000e+00 5.540352253442757530e-02
6.000000000000000000e+00 4.000000000000000000e+00 1.755963641302383249e-01
7.000000000000000000e+00 0.000000000000000000e+00 4.153539214295710880e-02
7.000000000000000000e+00 1.000000000000000000e+00 9.928521152179113629e-02
7.000000000000000000e+00 2.000000000000000000e+00 9.699019438547715199e-02
7.000000000000000000e+00 3.000000000000000000e+00 1.116420147806900243e-01
7.000000000000000000e+00 4.000000000000000000e+00 2.683848248288202287e-02
8.000000000000000000e+00 0.000000000000000000e+00 2.802653571848739977e-02
8.000000000000000000e+00 1.000000000000000000e+00 8.109759292081492044e-02
8.000000000000000000e+00 2.000000000000000000e+00 8.848059647152613227e-02
8.000000000000000000e+00 3.000000000000000000e+00 4.966445313551590135e-02
8.000000000000000000e+00 4.000000000000000000e+00 9.795305409715011902e-02
9.000000000000000000e+00 0.000000000000000000e+00 8.370423116595143709e-02
9.000000000000000000e+00 1.000000000000000000e+00 5.359078453920058938e-02
9.000000000000000000e+00 2.000000000000000000e+00 9.334832238805312876e-02
9.000000000000000000e+00 3.000000000000000000e+00 6.364510090462284497e-02
9.000000000000000000e+00 4.000000000000000000e+00 5.239296054356096938e-02
1.000000000000000000e+01 0.000000000000000000e+00 1.003434996664748918e-01
1.000000000000000000e+01 1.000000000000000000e+00 7.082510447299004974e-02
1.000000000000000000e+01 2.000000000000000000e+00 4.298688584124005230e-02
1.000000000000000000e+01 3.000000000000000000e+00 6.744725622433765666e-02
1.000000000000000000e+01 4.000000000000000000e+00 4.393049023748703957e-02
1.100000000000000000e+01 0.000000000000000000e+00 6.665031191496750829e-02
1.100000000000000000e+01 1.000000000000000000e+00 8.013833574669114446e-02
1.100000000000000000e+01 2.000000000000000000e+00 7.283178152869852762e-02
1.100000000000000000e+01 3.000000000000000000e+00 5.450895116672251073e-02
1.100000000000000000e+01 4.000000000000000000e+00 7.860295327946439925e-02
1.200000000000000000e+01 0.000000000000000000e+00 9.450731453499923440e-02
1.200000000000000000e+01 1.000000000000000000e+00 7.327857386358888059e-02
1.200000000000000000e+01 2.000000000000000000e+00 4.516218556498750869e-02
1.200000000000000000e+01 3.000000000000000000e+00 2.940187142898255737e-02
1.200000000000000000e+01 4.000000000000000000e+00 2.573995858191726119e-02
1.300000000000000000e+01 0.000000000000000000e+00 6.500979296730338697e-02
1.300000000000000000e+01 1.000000000000000000e+00 1.381066257261709673e-01
1.300000000000000000e+01 2.000000000000000000e+00 7.780582094274927918e-02
1.300000000000000000e+01 3.000000000000000000e+00 6.517724229006435777e-02
1.300000000000000000e+01 4.000000000000000000e+00 8.568335207565820622e-02
1.400000000000000000e+01 0.000000000000000000e+00 7.087992891861337463e-02
1.400000000000000000e+01 1.000000000000000000e+00 9.683933530400022638e-02
1.400000000000000000e+01 2.000000000000000000e+00 2.868600496773179853e-02
1.400000000000000000e+01 3.000000000000000000e+00 4.867931313828167267e-02
1.400000000000000000e+01 4.000000000000000000e+00 9.624304914652988263e-02
1.500000000000000000e+01 0.000000000000000000e+00 3.302895268903660586e-02
1.500000000000000000e+01 1.000000000000000000e+00 3.820956367170302154e-02
1.500000000000000000e+01 2.000000000000000000e+00 9.206508523702155999e-02
1.500000000000000000e+01 3.000000000000000000e+00 9.589902272599352961e-02
1.500000000000000000e+01 4.000000000000000000e+00 8.858464263332666011e-02
1.600000000000000000e+01 0.000000000000000000e+00 8.577902071878551471e-02
1.600000000000000000e+01 1.000000000000000000e+00 6.840935454391211534e-02
1.600000000000000000e+01 2.000000000000000000e+00 2.866301152958959306e-02
1.600000000000000000e+01 3.000000000000000000e+00 1.214883761093074332e-01
1.600000000000000000e+01 4.000000000000000000e+00 6.614984099260441675e-02
1.700000000000000000e+01 0.000000000000000000e+00 8.066313032691355134e-02
1.700000000000000000e+01 1.000000000000000000e+00 6.490060941558040142e-02
1.700000000000000000e+01 2.000000000000000000e+00 7.141720057407451028e-02
1.700000000000000000e+01 3.000000000000000000e+00 4.568534257998008857e-02
1.700000000000000000e+01 4.000000000000000000e+00 8.290618187432864661e-02
1.800000000000000000e+01 0.000000000000000000e+00 5.047380868361523582e-02
1.800000000000000000e+01 1.000000000000000000e+00 8.544983380115853122e-02
1.800000000000000000e+01 2.000000000000000000e+00 3.255014304930878288e-02
1.800000000000000000e+01 3.000000000000000000e+00 4.776088647230343487e-02
1.800000000000000000e+01 4.000000000000000000e+00 1.140772496878081077e-01
1.900000000000000000e+01 0.000000000000000000e+00 3.930506350540571847e-02
1.900000000000000000e+01 1.000000000000000000e+00 1.147198036225445666e-01
1.900000000000000000e+01 2.000000000000000000e+00 9.442427099817495006e-02
1.900000000000000000e+01 3.000000000000000000e+00 6.971828530792800738e-02
1.900000000000000000e+01 4.000000000000000000e+00 3.295434419753959232e-02
2.000000000000000000e+01 0.000000000000000000e+00 8.677960320067720779e-02
2.000000000000000000e+01 1.000000000000000000e+00 1.180546137374510751e-01
2.000000000000000000e+01 2.000000000000000000e+00 5.836849931783426315e-02
2.000000000000000000e+01 3.000000000000000000e+00 7.535955961689246030e-02
2.000000000000000000e+01 4.000000000000000000e+00 4.777619882331944623e-02
2.100000000000000000e+01 0.000000000000000000e+00 7.842621846889495651e-02
2.100000000000000000e+01 1.000000000000000000e+00 9.252323231268909376e-02
2.100000000000000000e+01 2.000000000000000000e+00 1.028067413797827123e-01
2.100000000000000000e+01 3.000000000000000000e+00 4.149972575672782049e-02
2.100000000000000000e+01 4.000000000000000000e+00 6.361534861004579378e-02
2.200000000000000000e+01 0.000000000000000000e+00 4.117394087080730042e-02
2.200000000000000000e+01 1.000000000000000000e+00 9.514185252466347831e-02
2.200000000000000000e+01 2.000000000000000000e+00 1.049089549113532971e-01
2.200000000000000000e+01 3.000000000000000000e+00 7.355986394208083312e-02
2.200000000000000000e+01 4.000000000000000000e+00 9.458884047547680418e-02
2.300000000000000000e+01 0.000000000000000000e+00 4.831715479421557630e-02
2.300000000000000000e+01 1.000000000000000000e+00 8.465786086175210168e-02
2.300000000000000000e+01 2.000000000000000000e+00 6.419178827710710078e-02
2.300000000000000000e+01 3.000000000000000000e+00 4.478973223678800464e-02
2.300000000000000000e+01 4.000000000000000000e+00 9.452906293908314161e-02
2.400000000000000000e+01 0.000000000000000000e+00 1.036855610226576768e-01
2.400000000000000000e+01 1.000000000000000000e+00 1.166668991142058576e-01
2.400000000000000000e+01 2.000000000000000000e+00 8.059486489837171252e-02
2.400000000000000000e+01 3.000000000000000000e+00 2.750775430552968026e-02
2.400000000000000000e+01 4.000000000000000000e+00 6.209511226492302888e-02
2.500000000000000000e+01 0.000000000000000000e+00 5.329706957951270418e-02
2.500000000000000000e+01 1.000000000000000000e+00 6.377350916918658741e-02
2.500000000000000000e+01 2.000000000000000000e+00 3.899745680962271588e-02
2.500000000000000000e+01 3.000000000000000000e+00 2.643047456169513379e-02
2.500000000000000000e+01 4.000000000000000000e+00 1.125666188571118609e-01
2.600000000000000000e+01 0.000000000000000000e+00 6.472312700041275846e-02
2.600000000000000000e+01 1.000000000000000000e+00 1.128869781605765926e-01
2.600000000000000000e+01 2.000000000000000000e+00 3.387754748412977190e-02
2.600000000000000000e+01 3.000000000000000000e+00 6.302943556002821301e-02
2.600000000000000000e+01 4.000000000000000000e+00 8.937789193718617686e-02
2.700000000000000000e+01 0.000000000000000000e+00 8.632561646546818568e-02
2.700000000000000000e+01 1.000000000000000000e+00 4.943636079129585387e-02
2.700000000000000000e+01 2.000000000000000000e+00 2.164487483150084879e-02
2.700000000000000000e+01 3.000000000000000000e+00 1.442092373854401144e-01
2.700000000000000000e+01 4.000000000000000000e+00 3.627496360997074093e-02
2.800000000000000000e+01 0.000000000000000000e+00 6.105055324473417783e-02
2.800000000000000000e+01 1.000000000000000000e+00 9.480422791745357625e-02
2.800000000000000000e+01 2.000000000000000000e+00 1.099784198586341855e-01
2.800000000000000000e+01 3.000000000000000000e+00 6.210635537673022538e-02
2.800000000000000000e+01 4.000000000000000000e+00 6.317682871786212129e-02
2.900000000000000000e+01 0.000000000000000000e+00 2.608810823663772205e-02
2.900000000000000000e+01 1.000000000000000000e+00 7.076966534810258391e-02
2.900000000000000000e+01 2.000000000000000000e+00 6.349735479571443075e-02
2.900000000000000000e+01 3.000000000000000000e+00 8.397281275818763158e-02
2.900000000000000000e+01 4.000000000000000000e+00 6.854916161174536005e-02
3.000000000000000000e+01 0.000000000000000000e+00 5.792483981524036707e-02
3.000000000000000000e+01 1.000000000000000000e+00 7.955225733521921472e-02
3.000000000000000000e+01 2.000000000000000000e+00 5.800929728435185589e-02
3.000000000000000000e+01 3.000000000000000000e+00 8.225029287344866324e-02
3.000000000000000000e+01 4.000000000000000000e+00 6.968191513947093185e-02
3.100000000000000000e+01 0.000000000000000000e+00 8.868417761373470487e-02
3.100000000000000000e+01 1.000000000000000000e+00 1.208880954333328428e-01
3.100000000000000000e+01 2.000000000000000000e+00 9.290723718027962819e-02
3.100000000000000000e+01 3.000000000000000000e+00 5.676101401328346313e-02
3.100000000000000000e+01 4.000000000000000000e+00 6.468660044210171323e-02
3.200000000000000000e+01 0.000000000000000000e+00 9.055898321529856632e-02
3.200000000000000000e+01 1.000000000000000000e+00 5.482102204652415656e-02
3.200000000000000000e+01 2.000000000000000000e+00 7.717103111465919985e-02
3.200000000000000000e+01 3.000000000000000000e+00 4.653764793340496586e-02
3.200000000000000000e+01 4.000000000000000000e+00 3.055697905070824463e-02
3.300000000000000000e+01 0.000000000000000000e+00 5.058476422427884978e-02
3.300000000000000000e+01 1.000000000000000000e+00 5.579855377395898097e-02
3.300000000000000000e+01 2.000000000000000000e+00 1.025469324759028800e-01
3.300000000000000000e+01 3.000000000000000000e+00 5.536803190289216886e-02
3.300000000000000000e+01 4.000000000000000000e+00 1.036892968756251698e-01
3.400000000000000000e+01 0.000000000000000000e+00 6.292323467269123061e-02
3.400000000000000000e+01 1.000000000000000000e+00 4.500175135936158172e-02
3.400000000000000000e+01 2.000000000000000000e+00 6.267752817665075971e-02
3.400000000000000000e+01 3.000000000000000000e+00 1.377864887162101315e-01
3.400000000000000000e+01 4.000000000000000000e+00 4.708624597688967212e-02
3.500000000000000000e+01 0.000000000000000000e+00 4.046381531942372378e-02
3.500000000000000000e+01 1.000000000000000000e+00 8.843081625782951705e-02
3.500000000000000000e+01 2.000000000000000000e+00 8.975177098933270758e-02
3.500000000000000000e+01 3.000000000000000000e+00 8.450434577434746963e-02
3.500000000000000000e+01 4.000000000000000000e+00 9.564725513204876128e-02
3.600000000000000000e+01 0.000000000000000000e+00 5.223415945137056121e-02
3.600000000000000000e+01 1.000000000000000000e+00 1.087836695816787047e-01
3.600000000000000000e+01 2.000000000000000000e+00 6.876692641389360594e-02
3.600000000000000000e+01 3.000000000000000000e+00 1.052625656897966250e-01
3.600000000000000000e+01 4.000000000000000000e+00 3.433443430428928522e-02
3.700000000000000000e+01 0.000000000000000000e+00 6.717960872837802633e-02
3.700000000000000000e+01 1.000000000000000000e+00 8.921380601472295169e-02
3.700000000000000000e+01 2.000000000000000000e+00 5.289449837398385590e-02
3.700000000000000000e+01 3.000000000000000000e+00 5.223328711681157754e-02
3.700000000000000000e+01 4.000000000000000000e+00 4.795925705471815875e-02
3.800000000000000000e+01 0.000000000000000000e+00 6.547064149446352177e-02
3.800000000000000000e+01 1.000000000000000000e+00 2.792679953387014469e-02
3.800000000000000000e+01 2.000000000000000000e+00 8.217032770507737283e-02
3.800000000000000000e+01 3.000000000000000000e+00 9.435136878533804949e-02
3.800000000000000000e+01 4.000000000000000000e+00 5.222570134196517083e-02
3.900000000000000000e+01 0.000000000000000000e+00 1.149667965596167657e-01
3.900000000000000000e+01 1.000000000000000000e+00 8.617579847260413428e-02
3.900000000000000000e+01 2.000000000000000000e+00 8.866365495032435540e-02
3.900000000000000000e+01 3.000000000000000000e+00 9.263969169433641793e-02
3.900000000000000000e+01 4.000000000000000000e+00 4.327858175303125193e-02
4.000000000000000000e+01 0.000000000000000000e+00 8.274452987106964419e-02
4.000000000000000000e+01 1.000000000000000000e+00 9.420625438075422298e-02
4.000000000000000000e+01 2.000000000000000000e+00 6.895990500354566566e-02
4.000000000000000000e+01 3.000000000000000000e+00 6.011621707046771457e-02
4.000000000000000000e+01 4.000000000000000000e+00 4.363474966828292251e-02
4.100000000000000000e+01 0.000000000000000000e+00 2.944685570425457574e-02
4.100000000000000000e+01 1.000000000000000000e+00 1.193244710708000755e-01
4.100000000000000000e+01 2.000000000000000000e+00 7.405437785455221134e-02
4.100000000000000000e+01 3.000000000000000000e+00 1.023648958029946543e-01
4.100000000000000000e+01 4.000000000000000000e+00 5.360782275075762909e-02
4.200000000000000000e+01 0.000000000000000000e+00 2.869716718367219116e-02
4.200000000000000000e+01 1.000000000000000000e+00 1.209432158523713607e-01
4.200000000000000000e+01 2.000000000000000000e+00 1.106484071998361518e-01
4.200000000000000000e+01 3.000000000000000000e+00 4.204546515704195297e-02
4.200000000000000000e+01 4.000000000000000000e+00 5.570598356831150955e-02
4.300000000000000000e+01 0.000000000000000000e+00 7.163649261097528032e-02
4.300000000000000000e+01 1.000000000000000000e+00 4.889537719928610526e-02
4.300000000000000000e+01 2.000000000000000000e+00 7.517213729191894733e-02
4.300000000000000000e+01 3.000000000000000000e+00 8.625646985141562084e-02
4.300000000000000000e+01 4.000000000000000000e+00 7.902023701057726834e-02
4.400000000000000000e+01 0.000000000000000000e+00 1.348782055133960489e-01
4.400000000000000000e+01 1.000000000000000000e+00 5.228813124397577172e-02
4.400000000000000000e+01 2.000000000000000000e+00 6.449390824575924885e-02
4.400000000000000000e+01 3.000000000000000000e+00 3.312979120992139148e-02
4.400000000000000000e+01 4.000000000000000000e+00 6.611664175493923989e-02
4.500000000000000000e+01 0.000000000000000000e+00 1.007474607750713375e-01
4.500000000000000000e+01 1.000000000000000000e+00 2.745310178161197018e-02
4.500000000000000000e+01 2.000000000000000000e+00 8.750039780493365504e-02
4.500000000000000000e+01 3.000000000000000000e+00 4.158026831315526917e-02
4.500000000000000000e+01 4.000000000000000000e+00 6.405715567555991807e-02
4.600000000000000000e+01 0.000000000000000000e+00 1.129318803338916349e-01
4.600000000000000000e+01 1.000000000000000000e+00 5.802197908989582126e-02
4.600000000000000000e+01 2.000000000000000000e+00 9.919221685919420162e-02
4.600000000000000000e+01 3.000000000000000000e+00 7.264312855444560180e-02
4.600000000000000000e+01 4.000000000000000000e+00 3.731006022657841481e-02
4.700000000000000000e+01 0.000000000000000000e+00 8.842859058459703880e-02
4.700000000000000000e+01 1.000000000000000000e+00 7.518681415435317372e-02
4.700000000000000000e+01 2.000000000000000000e+00 7.312805327290956836e-02
4.700000000000000000e+01 3.000000000000000000e+00 4.838886584556834763e-02
4.700000000000000000e+01 4.000000000000000000e+00 4.355666576978420301e-02
4.800000000000000000e+01 0.000000000000000000e+00 8.812835094278843873e-02
4.800000000000000000e+01 1.000000000000000000e+00 1.041398101730908882e-01
4.800000000000000000e+01 2.000000000000000000e+00 7.721350180129285534e-02
4.800000000000000000e+01 3.000000000000000000e+00 5.258674504425246699e-02
4.800000000000000000e+01 4.000000000000000000e+00 7.109065360939890998e-02
4.900000000000000000e+01 0.000000000000000000e+00 7.681825184629409442e-02
4.900000000000000000e+01 1.000000000000000000e+00 1.067141043327573396e-01
4.900000000000000000e+01 2.000000000000000000e+00 4.211092052107485301e-02
4.900000000000000000e+01 3.000000000000000000e+00 3.706664838259167427e-02
4.900000000000000000e+01 4.000000000000000000e+00 6.626760037878451359e-02
5.000000000000000000e+01 0.000000000000000000e+00 7.437864617014834645e-02
5.000000000000000000e+01 1.000000000000000000e+00 2.194295359965092035e-02
5.000000000000000000e+01 2.000000000000000000e+00 1.057432664542165140e-01
5.000000000000000000e+01 3.000000000000000000e+00 7.328379268780527145e-02
5.000000000000000000e+01 4.000000000000000000e+00 4.623927486597553815e-02
5.100000000000000000e+01 0.000000000000000000e+00 5.918048292660327975e-02
5.100000000000000000e+01 1.000000000000000000e+00 7.315471056610380052e-02
5.100000000000000000e+01 2.000000000000000000e+00 4.845110593387616515e-02
5.100000000000000000e+01 3.000000000000000000e+00 6.535524234449222036e-02
5.100000000000000000e+01 4.000000000000000000e+00 4.786868256840791369e-02
5.200000000000000000e+01 0.000000000000000000e+00 7.886352225083394230e-02
5.200000000000000000e+01 1.000000000000000000e+00 9.448205582888274945e-02
5.200000000000000000e+01 2.000000000000000000e+00 9.336486460108106566e-02
5.200000000000000000e+01 3.000000000000000000e+00 8.425558960246759543e-02
5.200000000000000000e+01 4.000000000000000000e+00 7.500418488203697276e-02
5.300000000000000000e+01 0.000000000000000000e+00 9.040908099357296279e-02
5.300000000000000000e+01 1.000000000000000000e+00 3.589946461745159578e-02
5.300000000000000000e+01 2.000000000000000000e+00 7.847638592880042119e-02
5.300000000000000000e+01 3.000000000000000000e+00 7.258039353338635591e-02
5.300000000000000000e+01 4.000000000000000000e+00 8.015409517803934181e-02
5.400000000000000000e+01 0.000000000000000000e+00 6.755597005405739042e-02
5.400000000000000000e+01 1.000000000000000000e+00 4.479661556919254523e-02
5.400000000000000000e+01 2.000000000000000000e+00 9.880876460603045530e-02
5.400000000000000000e+01 3.000000000000000000e+00 7.359693852922059853e-02
5.400000000000000000e+01 4.000000000000000000e+00 6.190716058166280400e-02
5.500000000000000000e+01 0.000000000000000000e+00 8.869846570557331222e-02
5.500000000000000000e+01 1.000000000000000000e+00 2.556015433658657965e-02
5.500000000000000000e+01 2.000000000000000000e+00 5.149344213336813636e-02
5.500000000000000000e+01 3.000000000000000000e+00 9.962778748630421455e-02
5.500000000000000000e+01 4.000000000000000000e+00 1.085445733782443301e-01
5.600000000000000000e+01 0.000000000000000000e+00 7.760537799382435931e-02
5.600000000000000000e+01 1.000000000000000000e+00 9.795044096812700885e-02
5.600000000000000000e+01 2.000000000000000000e+00 2.792678988998837861e-02
5.600000000000000000e+01 3.000000000000000000e+00 4.299127350267601538e-02
5.600000000000000000e+01 4.000000000000000000e+00 6.615993167464721825e-02
5.700000000000000000e+01 0.000000000000000000e+00 6.365243144714201329e-02
5.700000000000000000e+01 1.000000000000000000e+00 8.308860873853218809e-02
5.700000000000000000e+01 2.000000000000000000e+00 4.433274166022752039e-02
5.700000000000000000e+01 3.000000000000000000e+00 1.162064779300465006e-01
5.700000000000000000e+01 4.000000000000000000e+00 3.965194310816888557e-02
5.800000000000000000e+01 0.000000000000000000e+00 5.339956194250733423e-02
5.800000000000000000e+01 1.000000000000000000e+00 4.802544045990095323e-02
5.800000000000000000e+01 2.000000000000000000e+00 7.667741133539636433e-02
5.800000000000000000e+01 3.000000000000000000e+00 2.688433438214935314e-02
5.800000000000000000e+01 4.000000000000000000e+00 7.427101912732630984e-02
5.900000000000000000e+01 0.000000000000000000e+00 6.265077968716545320e-02
5.900000000000000000e+01 1.000000000000000000e+00 2.591530942857623102e-02
5.900000000000000000e+01 2.000000000000000000e+00 7.987609964235861670e-02
5.900000000000000000e+01 3.000000000000000000e+00 7.693248351214747316e-02
5.900000000000000000e+01 4.000000000000000000e+00 1.026945057584953691e-01
6.000000000000000000e+01 0.000000000000000000e+00 4.793006283408093871e-02
6.000000000000000000e+01 1.000000000000000000e+00 6.428986086477569972e-02
6.000000000000000000e+01 2.000000000000000000e+00 1.169243053750453759e-01
6.000000000000000000e+01 3.000000000000000000e+00 8.612727721981576490e-02
6.000000000000000000e+01 4.000000000000000000e+00 6.152930518975875673e-02
6.100000000000000000e+01 0.000000000000000000e+00 4.329050192601159586e-02
6.100000000000000000e+01 1.000000000000000000e+00 8.386384145258865552e-02
6.100000000000000000e+01 2.000000000000000000e+00 8.600958826007072677e-02
6.100000000000000000e+01 3.000000000000000000e+00 9.922324429749115882e-02
6.100000000000000000e+01 4.000000000000000000e+00 2.765503418311063277e-02
6.200000000000000000e+01 0.000000000000000000e+00 5.910536802174780335e-02
6.200000000000000000e+01 1.000000000000000000e+00 1.238422387082353249e-01
6.200000000000000000e+01 2.000000000000000000e+00 8.545414053550019762e-02
6.200000000000000000e+01 3.000000000000000000e+00 4.134079988953111295e-02
6.200000000000000000e+01 4.000000000000000000e+00 6.768520382453499518e-02
6.300000000000000000e+01 0.000000000000000000e+00 6.712770046043721461e-02
6.300000000000000000e+01 1.000000000000000000e+00 1.214767609937436321e-01
6.300000000000000000e+01 2.000000000000000000e+00 5.475535784895315533e-02
6.300000000000000000e+01 3.000000000000000000e+00 3.530497799584913360e-02
6.300000000000000000e+01 4.000000000000000000e+00 2.215995537956409051e-02
6.400000000000000000e+01 0.000000000000000000e+00 7.314793711773159846e-02
6.400000000000000000e+01 1.000000000000000000e+00 8.713763611484946769e-02
6.400000000000000000e+01 2.000000000000000000e+00 5.743521658607800978e-02
6.400000000000000000e+01 3.000000000000000000e+00 3.997347696943824580e-02
6.400000000000000000e+01 4.000000000000000000e+00 8.965086593181076369e-02
6.500000000000000000e+01 0.000000000000000000e+00 6.010165202495051928e-02
6.500000000000000000e+01 1.000000000000000000e+00 9.882387165946317220e-02
6.500000000000000000e+01 2.000000000000000000e+00 4.711917059006921760e-02
6.500000000000000000e+01 3.000000000000000000e+00 5.907009298981624051e-02
6.500000000000000000e+01 4.000000000000000000e+00 4.992409251718107205e-02
6.600000000000000000e+01 0.000000000000000000e+00 7.083598553062137038e-02
6.600000000000000000e+01 1.000000000000000000e+00 1.014814536976989118e-01
6.600000000000000000e+01 2.000000000000000000e+00 9.465572808236034918e-02
6.600000000000000000e+01 3.000000000000000000e+00 6.587855155587092615e-02
6.600000000000000000e+01 4.000000000000000000e+00 1.064051595749472140e-01
6.700000000000000000e+01 0.000000000000000000e+00 9.043746620304064787e-02
6.700000000000000000e+01 1.000000000000000000e+00 7.005017282862978367e-02
6.700000000000000000e+01 2.000000000000000000e+00 1.011091607643792301e-01
6.700000000000000000e+01 3.000000000000000000e+00 8.176703623614338390e-02
6.700000000000000000e+01 4.000000000000000000e+00 6.113938710276832500e-02
6.800000000000000000e+01 0.000000000000000000e+00 6.348660911895652459e-02
6.800000000000000000e+01 1.000000000000000000e+00 1.128592363428139456e-01
6.800000000000000000e+01 2.000000000000000000e+00 7.706557305778338751e-02
6.800000000000000000e+01 3.000000000000000000e+00 5.704275517608915769e-02
6.800000000000000000e+01 4.000000000000000000e+00 2.938799918269834749e-02
6.900000000000000000e+01 0.000000000000000000e+00 7.837347512016025475e-02
6.900000000000000000e+01 1.000000000000000000e+00 8.648905259183110872e-02
6.900000000000000000e+01 2.000000000000000000e+00 1.027247027506286020e-01
6.900000000000000000e+01 3.000000000000000000e+00 8.415225744009782738e-02
6.900000000000000000e+01 4.000000000000000000e+00 4.889889992863739182e-02
7.000000000000000000e+01 0.000000000000000000e+00 5.370726615134795157e-02
7.000000000000000000e+01 1.000000000000000000e+00 9.219971427438850009e-02
7.000000000000000000e+01 2.000000000000000000e+00 5.486390647219453742e-02
7.000000000000000000e+01 3.000000000000000000e+00 5.956970327266641191e-02
7.000000000000000000e+01 4.000000000000000000e+00 4.047473258725508422e-02
7.100000000000000000e+01 0.000000000000000000e+00 9.165447648313991558e-02
7.100000000000000000e+01 1.000000000000000000e+00 4.231474823798658802e-02
7.100000000000000000e+01 2.000000000000000000e+00 6.147445876937008419e-02
7.100000000000000000e+01 3.000000000000000000e+00 9.199159454596839147e-02
7.100000000000000000e+01 4.000000000000000000e+00 8.763388418311671146e-02
7.200000000000000000e+01 0.000000000000000000e+00 6.815746220109020204e-02
7.200000000000000000e+01 1.000000000000000000e+00 7.072054622964601966e-02
7.200000000000000000e+01 2.000000000000000000e+00 8.011596041353928610e-02
7.200000000000000000e+01 3.000000000000000000e+00 1.052912619747568279e-01
7.200000000000000000e+01 4.000000000000000000e+00 6.503160045455522176e-02
7.300000000000000000e+01 0.000000000000000000e+00 8.880193968151238459e-02
7.300000000000000000e+01 1.000000000000000000e+00 1.170179238481277167e-01
7.300000000000000000e+01 2.000000000000000000e+00 4.375821251238486143e-02
7.300000000000000000e+01 3.000000000000000000e+00 7.534329901632748350e-02
7.300000000000000000e+01 4.000000000000000000e+00 4.177984580352499949e-02
7.400000000000000000e+01 0.000000000000000000e+00 9.277407147728951309e-02
7.400000000000000000e+01 1.000000000000000000e+00 7.958021537356456399e-02
7.400000000000000000e+01 2.000000000000000000e+00 7.669595364818716787e-02
7.400000000000000000e+01 3.000000000000000000e+00 4.998488092254366882e-02
7.400000000000000000e+01 4.000000000000000000e+00 7.140870630299137045e-02
7.500000000000000000e+01 0.000000000000000000e+00 1.474717156151545416e-01
7.500000000000000000e+01 1.000000000000000000e+00 4.955599636520936768e-02
7.500000000000000000e+01 2.000000000000000000e+00 4.007691597804077799e-02
7.500000000000000000e+01 3.000000000000000000e+00 7.765045591816487069e-02
7.500000000000000000e+01 4.000000000000000000e+00 2.939359862490954767e-02
7.600000000000000000e+01 0.000000000000000000e+00 6.650921826651168267e-02
7.600000000000000000e+01 1.000000000000000000e+00 8.370078783828084623e-02
7.600000000000000000e+01 2.000000000000000000e+00 7.461326301021130314e-02
7.600000000000000000e+01 3.000000000000000000e+00 6.793880802292294463e-02
7.600000000000000000e+01 4.000000000000000000e+00 5.822713024604459636e-02
7.700000000000000000e+01 0.000000000000000000e+00 5.104264326197539836e-02
7.700000000000000000e+01 1.000000000000000000e+00 4.021881038725355628e-02
7.700000000000000000e+01 2.000000000000000000e+00 5.937805880588923474e-02
7.700000000000000000e+01 3.000000000000000000e+00 1.098791483947028219e-01
7.700000000000000000e+01 4.000000000000000000e+00 6.912204023879606196e-02
7.800000000000000000e+01 0.000000000000000000e+00 1.190145136417820187e-01
7.800000000000000000e+01 1.000000000000000000e+00 8.372960561799462631e-02
7.800000000000000000e+01 2.000000000000000000e+00 9.215280295962499646e-02
7.800000000000000000e+01 3.000000000000000000e+00 8.070196648743478696e-02
7.800000000000000000e+01 4.000000000000000000e+00 8.383505592509291060e-02
7.900000000000000000e+01 0.000000000000000000e+00 1.145813233662344721e-01
7.900000000000000000e+01 1.000000000000000000e+00 6.027814382249168518e-02
7.900000000000000000e+01 2.000000000000000000e+00 6.630039318447726593e-02
7.900000000000000000e+01 3.000000000000000000e+00 1.244538061679954961e-02
7.900000000000000000e+01 4.000000000000000000e+00 7.361235582409583755e-02
8.000000000000000000e+01 0.000000000000000000e+00 5.760126277681425211e-02
8.000000000000000000e+01 1.000000000000000000e+00 4.981450676849284026e-02
8.000000000000000000e+01 2.000000000000000000e+00 1.564993459238966933e-01
8.000000000000000000e+01 3.000000000000000000e+00 3.885876846264545159e-02
8.000000000000000000e+01 4.000000000000000000e+00 4.638098056801767677e-02
8.100000000000000000e+01 0.000000000000000000e+00 4.982621800087938535e-02
8.100000000000000000e+01 1.000000000000000000e+00 6.389109405447317147e-02
8.100000000000000000e+01 2.000000000000000000e+00 1.062301232377740740e-01
8.100000000000000000e+01 3.000000000000000000e+00 5.328920649894662576e-02
8.100000000000000000e+01 4.000000000000000000e+00 6.025106402418008850e-02
8.200000000000000000e+01 0.000000000000000000e+00 7.725031171005869446e-02
8.200000000000000000e+01 1.000000000000000000e+00 3.457652219745117883e-02
8.200000000000000000e+01 2.000000000000000000e+00 7.890271512623520112e-02
8.200000000000000000e+01 3.000000000000000000e+00 1.080542466603868351e-01
8.200000000000000000e+01 4.000000000000000000e+00 8.242132720266756585e-02
8.300000000000000000e+01 0.000000000000000000e+00 1.157456194035254987e-01
8.300000000000000000e+01 1.000000000000000000e+00 7.984289184747993262e-02
8.300000000000000000e+01 2.000000000000000000e+00 4.054543993482754433e-02
8.300000000000000000e+01 3.000000000000000000e+00 6.930928700014142574e-02
8.300000000000000000e+01 4.000000000000000000e+00 1.077025122003552049e-01
8.400000000000000000e+01 0.000000000000000000e+00 5.753109877900645236e-02
8.400000000000000000e+01 1.000000000000000000e+00 5.347445008959815504e-02
8.400000000000000000e+01 2.000000000000000000e+00 1.342720147975878520e-01
8.400000000000000000e+01 3.000000000000000000e+00 5.798770404308382226e-02
8.400000000000000000e+01 4.000000000000000000e+00 5.154470542005192002e-02
8.500000000000000000e+01 0.000000000000000000e+00 1.151361504855699935e-01
8.500000000000000000e+01 1.000000000000000000e+00 9.826390900936894657e-02
8.500000000000000000e+01 2.000000000000000000e+00 8.801374107134656011e-02
8.500000000000000000e+01 3.000000000000000000e+00 6.906347850017795220e-02
8.500000000000000000e+01 4.000000000000000000e+00 5.754396213662570092e-02
8.600000000000000000e+01 0.000000000000000000e+00 3.222685218290545495e-02
8.600000000000000000e+01 1.000000000000000000e+00 9.435882283999703912e-02
8.600000000000000000e+01 2.000000000000000000e+00 4.957194605506350799e-02
8.600000000000000000e+01 3.000000000000000000e+00 6.428652956560812481e-02
8.600000000000000000e+01 4.000000000000000000e+00 9.145912784348979307e-02
8.700000000000000000e+01 0.000000000000000000e+00 5.398435262088102649e-02
8.700000000000000000e+01 1.000000000000000000e+00 4.020920839643062766e-02
8.700000000000000000e+01 2.000000000000000000e+00 7.513193530376528761e-02
8.700000000000000000e+01 3.000000000000000000e+00 6.789404226719653046e-02
8.700000000000000000e+01 4.000000000000000000e+00 1.151295276275891427e-01
8.800000000000000000e+01 0.000000000000000000e+00 8.806478494711622584e-02
8.800000000000000000e+01 1.000000000000000000e+00 7.645615575493373839e-02
8.800000000000000000e+01 2.000000000000000000e+00 5.317951430060648133e-02
8.800000000000000000e+01 3.000000000000000000e+00 9.964738122926265762e-02
8.800000000000000000e+01 4.000000000000000000e+00 7.551961977838611562e-02
8.900000000000000000e+01 0.000000000000000000e+00 1.128173551134982328e-01
8.900000000000000000e+01 1.000000000000000000e+00 5.357852952485183534e-02
8.900000000000000000e+01 2.000000000000000000e+00 4.108931054377858161e-02
8.900000000000000000e+01 3.000000000000000000e+00 6.054579305784374421e-02
8.900000000000000000e+01 4.000000000000000000e+00 8.326531331171072026e-02
9.000000000000000000e+01 0.000000000000000000e+00 7.257500496583840777e-02
9.000000000000000000e+01 1.000000000000000000e+00 5.990270713790486756e-02
9.000000000000000000e+01 2.000000000000000000e+00 1.045108399704694907e-01
9.000000000000000000e+01 3.000000000000000000e+00 8.601035868818888985e-02
9.000000000000000000e+01 4.000000000000000000e+00 3.552860032824411290e-02
9.100000000000000000e+01 0.000000000000000000e+00 1.140706108341094441e-02
9.100000000000000000e+01 1.000000000000000000e+00 6.325909001309923396e-02
9.100000000000000000e+01 2.000000000000000000e+00 7.459906536261562415e-02
9.100000000000000000e+01 3.000000000000000000e+00 1.051098181974411544e-01
9.100000000000000000e+01 4.000000000000000000e+00 7.643243652222138362e-02
9.200000000000000000e+01 0.000000000000000000e+00 6.957426551872573917e-02
9.200000000000000000e+01 1.000000000000000000e+00 6.013193421295751073e-02
9.200000000000000000e+01 2.000000000000000000e+00 1.055350582372844709e-01
9.200000000000000000e+01 3.000000000000000000e+00 2.393043554245188193e-02
9.200000000000000000e+01 4.000000000000000000e+00 7.489793172640013541e-02
9.300000000000000000e+01 0.000000000000000000e+00 5.657494358532032253e-02
9.300000000000000000e+01 1.000000000000000000e+00 7.980454655839525069e-02
9.300000000000000000e+01 2.000000000000000000e+00 1.281296984065261393e-02
9.300000000000000000e+01 3.000000000000000000e+00 1.220916754066416754e-01
9.300000000000000000e+01 4.000000000000000000e+00 1.960539786106505269e-02
9.400000000000000000e+01 0.000000000000000000e+00 7.652714576762516263e-02
9.400000000000000000e+01 1.000000000000000000e+00 5.933957992664055936e-02
9.400000000000000000e+01 2.000000000000000000e+00 7.885419158458688293e-02
9.400000000000000000e+01 3.000000000000000000e+00 7.159287046158527290e-02
9.400000000000000000e+01 4.000000000000000000e+00 6.502508368840793918e-02
9.500000000000000000e+01 0.000000000000000000e+00 1.114660489301109170e-01
9.500000000000000000e+01 1.000000000000000000e+00 8.928108650825293535e-02
9.500000000000000000e+01 2.000000000000000000e+00 4.061189230893026691e-02
9.500000000000000000e+01 3.000000000000000000e+00 9.190829267527508839e-02
9.500000000000000000e+01 4.000000000000000000e+00 8.079905004706738891e-02
9.600000000000000000e+01 0.000000000000000000e+00 1.280998835463890151e-01
9.600000000000000000e+01 1.000000000000000000e+00 2.291467052521146269e-02
9.600000000000000000e+01 2.000000000000000000e+00 3.375808086236572331e-02
9.600000000000000000e+01 3.000000000000000000e+00 7.773356769412707867e-02
9.600000000000000000e+01 4.000000000000000000e+00 5.569638886977046344e-02
9.700000000000000000e+01 0.000000000000000000e+00 6.349729991762523285e-02
9.700000000000000000e+01 1.000000000000000000e+00 8.405735663953725623e-02
9.700000000000000000e+01 2.000000000000000000e+00 9.366617063545548683e-02
9.700000000000000000e+01 3.000000000000000000e+00 5.073922111865373369e-02
9.700000000000000000e+01 4.000000000000000000e+00 1.811784370291394733e-02
9.800000000000000000e+01 0.000000000000000000e+00 7.014348430915132160e-02
9.800000000000000000e+01 1.000000000000000000e+00 5.029418873065069628e-02
9.800000000000000000e+01 2.000000000000000000e+00 9.419256767756782611e-02
9.800000000000000000e+01 3.000000000000000000e+00 3.630499725809314265e-02
9.800000000000000000e+01 4.000000000000000000e+00 8.536194766255321420e-02
9.900000000000000000e+01 0.000000000000000000e+00 6.414070078390127216e-02
9.900000000000000000e+01 1.000000000000000000e+00 2.921624275475376981e-02
9.900000000000000000e+01 2.000000000000000000e+00 5.221860256376653631e-02
9.900000000000000000e+01 3.000000000000000000e+00 9.974924792224408587e-02
9.900000000000000000e+01 4.000000000000000000e+00 8.634126666762877156e-02
