2.195771826546049632e-01 -5.372682885255724017e-01 -1.733431712762663723e+00 -1.047854126553947607e+00
1.405075708694430991e-01 1.997341035641609849e-02 -3.328036586030783672e-01 -3.393099727825588108e-01
1.997252187949100761e-04 7.883543164460788755e-05 -3.287564827645084718e-04 -2.367686431545121988e-04
5.843524380488682071e-05 7.704259020867271863e-05 -3.184582365263817385e-04 -3.587212520468571774e-04
-5.693538255706283302e-02 -2.048099661903010071e-01 -1.415877039589311881e+00 -8.183867647784878185e-01
3.219085084484793729e-04 3.813569259161691616e-04 -5.478936140201785951e-04 -4.238604263349612824e-04
-2.356217487104278474e-01 -1.040591661917521282e+00 -2.031679273450559098e+00 -3.672791112717820883e-01
6.084889702813252033e-01 -9.056558122120540455e-01 -1.362689633454929883e+00 -1.303944499245317967e+00
5.546370073627471947e-02 -3.837025971732524465e-02 -3.122318220762591023e-01 -2.458404119918173869e-01
1.196900431409951213e-02 8.397412867007014725e-03 -4.157964407973444715e-02 -4.639717901147431128e-02
5.557208575600240674e-02 6.249923708552052037e-02 -3.642705825325109892e-01 -3.338674391775965922e-01
1.632012926484715620e-04 8.772470251024943818e-05 -3.621262783983758538e-04 -3.095187941674582498e-04
2.011944525596969099e-04 1.238654706561163692e-04 -4.059363065703354401e-04 -3.453464443304896212e-04
7.515939340753489128e-01 -2.074330682862361996e+00 -2.657750878903603731e+00 -2.493120610152173844e-01
2.735619883388856199e-01 -4.193593485501797558e-01 -1.398632497590844181e+00 -1.520649216643079837e+00
3.357509727911544561e-01 -6.953280475591928633e-01 -8.663369754767078490e-01 -1.401019108375249012e+00
3.397944774403072665e-04 3.768397270787304625e-04 -5.205035819240995789e-04 -5.065536023294292534e-04
6.748302824380498187e-03 -5.025975064463924363e-02 -3.544319571133533464e-01 -2.553473495187147946e-01
1.313209670233142447e-04 1.208800994228347736e-04 -4.614694845542301779e-04 -2.651061764701604035e-04
1.340381947884482087e-04 4.461314061411024808e-05 -4.414001230688832048e-04 -4.119783214080305800e-04
7.726574725103860231e-02 6.701239796316810216e-02 -3.569263433746839853e-01 -3.099967271021262794e-01
8.628987974344437539e-02 -5.682675243210588006e-02 -3.189326086771767654e-01 -2.869648963048965218e-01
3.494097915929266938e-04 2.717943259297581787e-04 -4.221262603249612846e-04 -5.460452773683283859e-04
1.578696836205634667e-04 2.344114333426054948e-04 -5.881489192775537448e-04 -4.072922894476390505e-04
7.969477377492834025e-01 -2.340097434900564100e+00 -2.318180014109554765e+00 -5.491623993639517254e-01
7.596317737602593656e-01 -3.401824388889550743e+00 -2.502918333021245889e+00 -1.992541575232298134e+00
4.884557176978898685e-02 8.924373711783446794e-02 -4.230698434807064201e-01 -2.644840860860952492e-01
1.947318621711684595e-04 1.344917414228492868e-04 -3.433277348105999416e-04 -2.598189885160866793e-04
4.023055084021027739e-01 -5.416561241464170617e-01 -1.343406523103560124e+00 -1.083625383839581069e+00
2.298749439629354889e-04 1.942210675129389609e-04 -3.874431253513751236e-04 -4.681313853474094663e-04
1.341274209240490595e-04 9.278615905855127168e-05 -4.226786112359242958e-04 -3.948862230711699885e-04
-6.110670005562558460e-01 -4.642378107078984351e-01 -1.269874525841797386e+00 -1.223621910382923561e+00
3.624427339075751431e-01 -4.236324444676727863e-01 -1.514425736944553291e+00 -6.771695651638257596e-01
1.566514976452339503e-01 7.268715787713043996e-02 -2.938478172702601587e-01 -2.961536358408958236e-01
1.773865105010329624e-01 4.970529862598702803e-02 -3.173592732352391033e-01 -2.359536273439037934e-01
1.608571385461404974e-04 2.339389206186157056e-04 -4.846876260705311142e-04 -4.236349891509936334e-04
2.044102584433252545e+00 -3.020325685417908801e+00 -1.987850226282087851e+00 -2.048913978267063118e+00
1.168051486745397516e-04 6.144667932702798762e-05 -4.162881794788308412e-04 -3.891908638953655956e-04
-2.800176787766269770e-01 -5.466268266192005898e-01 -1.326307835787131406e+00 -7.193082758835430690e-01
2.541749662539434713e-04 1.837679866388311999e-04 -4.596549343701510082e-04 -3.790615762945004374e-04
2.330317296395534191e-04 1.271860147588151264e-04 -4.569014143498560838e-04 -4.836575147558630104e-04
2.073103011235087612e-02 1.270935905463757565e-01 -4.518382203888724469e-01 -4.182893050715435490e-01
9.964296520951866696e-05 3.075997456494021748e-05 -3.476849270219785088e-04 -2.696467784857518955e-04
4.428801586243975852e-02 -2.609790052909607277e-02 -3.130846818398300146e-01 -3.665882140859287874e-01
2.709396317421768974e-04 2.049914275751763449e-04 -4.565056968923937889e-04 -2.351822293057605087e-04
3.254468179446960707e-02 -4.010523568561094251e-03 -2.686713669864251863e-01 -3.371253518731420207e-01
2.561415586200580744e-04 1.919951821064328867e-04 -3.857255604716585697e-04 -3.521412272029477960e-04
1.540166782321021333e-01 1.076245051605500269e-01 -3.841913609500973714e-01 -3.845162861689632727e-01
1.195168330537568629e-01 -1.910367707527112824e+00 -2.456787099593045642e+00 -9.193376379082324190e-01
2.205239326314985618e-04 1.498175635917811329e-04 -5.391737839258081613e-04 -3.553414101804219208e-04
2.029502263985369037e+00 -2.927045273903733147e+00 -2.474977397816758629e+00 -7.145294908746990803e-01
1.832413706934726111e-04 1.511161617892056979e-04 -4.672619045701292611e-04 -3.428829739702693186e-04
1.591628593593822575e-04 1.523534483721226431e-04 -3.950166617695642104e-04 -4.291691607344978927e-04
8.093995995562336399e-02 8.812126930654662349e-02 -4.258292097421015332e-01 -3.201235783793890954e-01
5.977155963571746807e-05 6.919979112385675891e-05 -4.358864819782949152e-04 -4.702721743001358882e-04
4.067049468051262689e-02 4.367523492463803308e-02 -4.176578711419818846e-01 -3.970818376792595861e-01
1.060982281319984262e-04 6.055954481961684432e-05 -4.152863221702401465e-04 -3.088554156595164869e-04
4.009142887036055004e-04 2.389231160282059938e-04 -4.903348536076618074e-04 -4.676870091698085178e-04
-3.877716887047560207e-02 -3.589934269284133367e-02 -3.197473746912640191e-01 -2.682293346323846306e-01
2.045594739913606105e-04 1.947622105337386527e-04 -4.236087233887103295e-04 -3.735525193077904316e-04
1.531061912378111440e-04 1.102595568141359936e-04 -4.395284883240110668e-04 -3.577004000644825395e-04
3.265097783324452619e-04 2.504552878649244025e-04 -4.886121688109927759e-04 -4.153954291486994222e-04
-1.327310715903107794e-03 -5.787108713466185966e-02 -3.671623012012406040e-01 -4.499666463862510013e-01
6.105064731616009766e-02 7.348239702536599194e-02 -4.403988885896447658e-01 -3.089597399114793475e-01
1.421004655169111905e-04 8.245814533845187422e-05 -3.043841095845532829e-04 -2.453592338887446958e-04
2.520199416753542577e-04 2.028095392696449193e-04 -4.963799816891212953e-04 -4.230057225979503405e-04
1.276340416097906708e-05 9.220367834583197782e-05 -3.856366231632912247e-04 -3.136524823483303700e-04
1.138140392821233693e+00 -2.408091274396687798e+00 -1.962433690078098758e+00 -1.040681730068164113e+00
2.279090888015612541e-04 2.901764500123350755e-04 -4.987143974978941203e-04 -4.642663465143717920e-04
1.269093105501541696e-01 -5.225916423940669617e-03 -3.725891650245902742e-01 -3.659612814203675457e-01
4.776094500527041026e-05 7.571268716707485219e-05 -3.497547934565120543e-04 -4.203680278502425227e-04
1.099626091194923390e-02 -3.627920830699427057e-02 -3.575372795077809140e-01 -1.963354153288866533e-01
2.051356085571714321e-04 1.619329947766074904e-04 -4.669181011740658471e-04 -3.918168254475166718e-04
1.059874686273337419e-01 1.359408894880111650e-02 -2.973215142245246301e-01 -3.502636390611865158e-01
3.319019210367778303e-04 2.746247628403710090e-04 -6.192076188972173113e-04 -4.839874621500776602e-04
1.359376984227740892e-01 9.539574968722770720e-02 -4.747522717866456965e-01 -3.421386610562662800e-01
7.010995505500954295e-01 -1.378489781525753299e+00 -1.619947523839611492e+00 -7.710595955154877501e-01
8.126363690302548847e-05 3.861102320914734556e-05 -3.889007257889647560e-04 -3.233938552021301937e-04
2.579155020532088449e-01 -1.600359779216798062e+00 -1.283991748853283710e+00 -2.289638738663387407e+00
2.967812479484907085e-04 2.294989721601227927e-04 -4.819669228658713550e-04 -4.046916150282447956e-04
5.833326612109546172e-01 -4.867742981806998936e-01 -1.454669987429225930e+00 -3.035211927620284911e-01
-7.832740894869314463e-01 -1.670154827345545545e+00 -7.076947609854401522e-01 -3.046302881531059548e+00
6.085235114195125528e-01 -5.480079969404239026e-01 -8.525348949694174783e-01 -1.074956654928913569e+00
2.550367329822012907e-04 1.323166363880205667e-04 -3.876809293768040867e-04 -3.221100268734492303e-04
4.960680709782358533e-02 1.593860848583995293e-01 -5.020744924202102943e-01 -3.124558831873214815e-01
1.360646793741007623e-04 7.595786676474402198e-05 -4.302953026481154712e-04 -4.422425063569144859e-04
3.115718767849549597e-01 -6.718453689219636704e-01 -1.482034715880195419e+00 -5.354521682840713837e-01
2.260904159211801995e-04 2.319296192484135823e-04 -4.715055383336691388e-04 -4.190705855081232247e-04
1.418688023322466389e-04 1.699027511866252869e-04 -4.602632246043114215e-04 -3.114433728050455211e-04
9.543609824309448597e-02 1.117282211424456759e-02 -3.244595207884169441e-01 -4.071281630916433469e-01
1.497785333315132306e+00 -3.269554182503670692e+00 -1.765663345394271833e+00 -1.918809786922941019e+00
5.185502349981314929e-02 4.021321975427209761e-02 -3.270163604615070607e-01 -2.915476297566128028e-01
1.894216843083672156e-04 1.584858542397528391e-04 -3.765447878539913344e-04 -2.530761698491462773e-04
4.948543782184872813e-02 -4.062384225333660059e-01 -1.131826578701473851e+00 -1.066398626516696480e+00
1.309550806750802987e-01 1.623504173381050686e-01 -4.344569268660521399e-01 -3.512492821453762626e-01
1.930473763102217362e-04 2.505326927388781756e-04 -6.790380425477362484e-04 -4.105748896154004729e-04
8.981086509685531905e-02 2.721712958782694647e-02 -3.228387397242550305e-01 -3.177583430089247485e-01
-5.446383196696453766e-01 -5.150437016023377002e-01 -7.092454404166734783e-01 -9.078674536415851648e-01
2.673586577324201614e-04 1.210221749243779418e-04 -4.168290011321032170e-04 -4.173227430493912492e-04
1.463356615998003152e+00 -1.850125554154251173e+00 -1.945512622049638818e+00 -1.420831171160057194e+00
1.224974616546400073e-02 9.832835103620334374e-03 -3.616159020292660647e-02 -3.343985862988110846e-02
2.176376259283441694e+00 -3.192620310961262753e+00 -2.347990518620274969e+00 -1.549656117163135338e+00
2.149709747222234093e-04 1.120344310168073197e-04 -4.801651229834616929e-04 -4.012290339031457701e-04
2.483634224776290868e-04 2.536694464526031176e-04 -4.438545168359473944e-04 -3.725613396927362738e-04
-3.177685828114533600e-06 1.154123130955260398e-04 -5.113004556206052773e-04 -4.755375333688340684e-04
-1.513244278476537918e-01 -5.977083043050169797e-01 -8.251608755082063817e-01 -1.280582041665275561e+00
2.676601826374739061e-04 2.782391867573178390e-04 -4.855364629932062276e-04 -4.511302753201179940e-04
1.192785232153492392e-04 8.772322848258609553e-05 -5.198875834580306060e-04 -4.054311551264965971e-04
1.223357583837360735e-01 -3.240060233437072057e-01 -1.692445497562459211e+00 -5.702859638357038463e-01
6.247710323791449971e-01 -7.571277919674556101e-01 -8.909478276992315315e-01 -8.582945473629470801e-01
3.331341735516562944e-04 2.618464545784115745e-04 -4.189033742307521650e-04 -4.273313109042873735e-04
2.828203860991390759e-04 2.632037751540932508e-04 -4.875698187703543388e-04 -4.243882009472449445e-04
1.133686082764052472e+00 -2.129196684166870579e+00 -3.309446190426983847e+00 2.530782803443321072e-01
-5.338022952169763774e-02 -8.567934717598175709e-01 -1.235149183997090949e+00 -1.466054568635848820e+00
2.813751258271066368e-05 6.525306199293310564e-05 -4.302795092548435812e-04 -3.988417556284202256e-04
-1.715847950673369052e-02 -2.228070161736363630e+00 -7.767677654789354458e-01 -2.771594057084564078e+00
5.838586323960718270e-03 1.060415891774483393e-01 -2.713008845205771014e-01 -2.206029918729183747e-01
2.216646998917564670e-01 -1.014340963534161144e+00 -1.480076179674643777e+00 -1.191221859080986212e+00
2.321124328717648301e-04 1.892716126100114904e-04 -5.382528160772563587e-04 -3.480011241306766212e-04
4.524855837989969669e-04 3.168231694909856306e-04 -5.529017441167179614e-04 -4.682506346802322770e-04
2.486919383289552745e-04 2.558413984694125551e-04 -4.123721452680749553e-04 -5.079157426335559463e-04
8.572113782201077692e-05 6.112305057205364258e-05 -3.470358813250460240e-04 -1.928556181641010120e-04
1.079600293711186046e-04 1.081446751176266791e-04 -4.185593141887758418e-04 -3.825488209348003603e-04
2.754610171608074670e-02 -5.854228324165548086e-03 -4.237062047714419966e-01 -3.524326472462823712e-01
1.592344796418024844e+00 -2.328121102846804291e+00 -2.492347949509376992e+00 -1.116956897743140109e+00
1.821573029975110986e-04 1.878113392978350755e-04 -3.817471647920305422e-04 -3.115933344314179799e-04
1.904705568912385127e-01 -3.985119008544120711e-01 -1.520639736208577286e+00 -1.143722181118464798e+00
5.378622628926049004e-02 5.014941962557432215e-02 -3.826450777045097285e-01 -2.981984009461927654e-01
1.088549149299829377e+00 -2.998899869531369777e+00 -1.794833533175992146e+00 -2.144452987651613185e+00
2.184291871136080740e-04 1.293669912557190624e-04 -3.921899817581531080e-04 -3.408693712866831937e-04
3.342389744909139552e-04 1.867523205319792854e-04 -4.137965478636851033e-04 -3.556465640340310589e-04
1.282236822811610111e+00 -2.591408336830140602e+00 -2.174742796732949124e+00 -5.865425548457439131e-01
2.109932799081864769e-04 3.015804336717508227e-04 -5.481997221788257203e-04 -4.477562356881047210e-04
1.536700609930576333e-01 1.141534781789843578e-01 -4.697675337099290194e-01 -4.427470886685709317e-01
-4.671802795830105048e-01 -1.724150843734616689e+00 -1.162492254403773240e+00 -1.992672140486831722e+00
7.678448506840829246e-01 -5.450777719791948250e-01 -1.474511691315291362e+00 -1.071072553093684654e+00
1.054254170658146922e-04 1.318298022087922611e-04 -5.118184634431405646e-04 -4.424072104198284471e-04
2.282815768028043503e-04 2.062047074250703254e-04 -4.022554261715951011e-04 -3.258589175395190229e-04
1.760266971950458887e-04 1.595168765241861684e-04 -3.777330264010366812e-04 -4.474167679256473473e-04
1.598137841009850124e-02 -2.284410214154573016e+00 -2.744349388928853717e+00 -7.762888495898946362e-01
5.628193369195486767e-02 1.023501600987783769e-02 -3.254363415954414918e-01 -2.975541409659033798e-01
1.803025116294035800e-04 2.300339495281315621e-04 -4.992480146271457281e-04 -2.990286370616568562e-04
5.593777781054356524e-01 -3.576994591676460611e-01 -1.361363713076958026e+00 -1.017344234708147388e+00
4.198922597520031441e-02 -3.208524018843417897e-02 -3.189431149422605749e-01 -3.736489763736386971e-01
1.087244472957516102e-04 3.568974051721958245e-05 -3.559430324162621696e-04 -3.410396803956431051e-04
8.005704593299377558e-01 -2.138044550834004021e+00 -2.363436099476672325e+00 -1.564979355800035332e+00
1.251908693766814974e-04 1.450961235749308816e-04 -4.771268337530159263e-04 -3.417859712905612127e-04
2.443860296965499348e-04 1.300565109329617950e-04 -3.795791880541933712e-04 -3.880651580284149443e-04
1.512203231726008006e-04 7.737779091384410315e-05 -3.891074846080281040e-04 -3.674974436379355733e-04
1.227801130818517846e-04 1.792544287737561127e-04 -4.859529630871563559e-04 -4.449035513089249637e-04
2.815326315024142996e-04 2.614652925865720541e-04 -4.705307594360974327e-04 -4.568879555976473493e-04
-2.343440880994037967e-01 -1.559445981280662974e-01 -1.434116074122534057e+00 -4.769868519120226136e-01
7.850319896006713316e-01 -1.397275240048307943e+00 -1.540242419749261460e+00 -2.031376893842586906e+00
1.133143606514630086e+00 -2.875027431105767750e+00 -2.725385871361643897e+00 -9.766001904334197237e-01
1.134439823183633480e-04 5.883049399690313457e-05 -3.266258156867378102e-04 -3.135786484851761603e-04
7.854582174792150027e-05 2.422484030076666963e-05 -3.197005052362112310e-04 -2.551526446817579822e-04
1.383789933158403151e+00 -2.552975008079894970e+00 -1.948447732403546517e+00 -1.411456268518803014e+00
1.709198915087226469e-04 2.086695788490766125e-04 -4.222090750783417056e-04 -3.560004188659173538e-04
1.724307330373518354e+00 -2.187235005971315704e+00 -1.790839061996572168e+00 -2.122538932491961905e+00
-3.012908475293326616e-01 -3.504073627976725946e-01 -1.594379198171017364e+00 -9.063959742441703993e-01
1.489920716927606954e-04 8.817552880207638858e-05 -4.364865516181822111e-04 -2.995156755246509549e-04
7.660919343725571310e-05 4.412396824055091839e-05 -4.413368569586040855e-04 -2.919331266485935476e-04
6.242726249024274816e-05 1.289864543272441623e-04 -5.255485317013673186e-04 -4.250935391100665157e-04
9.563997057067483848e-05 1.911786432155676324e-04 -3.587555010168716973e-04 -4.843687130991221725e-04
3.253831900594924775e+00 -3.870094865655340222e+00 -2.257172347187856865e+00 -1.864630329951085574e+00
1.849300097482226349e-04 2.207483046997080591e-04 -4.349799734542145863e-04 -3.513021704948507190e-04
1.518250601160469060e+00 -2.215279611343651034e+00 -1.453824743704193345e+00 -1.180001423526628068e+00
2.097821055731081085e-04 2.963963983342381386e-04 -6.165543983704290442e-04 -6.090615498185093400e-04
4.589618271318132714e-01 -2.373067127217893368e+00 -2.418091404851247628e+00 -8.130052204803672744e-01
1.482868647786637628e-01 3.697472249228025282e-02 -3.601702949447933566e-01 -3.155552033517972643e-01
7.234995033224050909e-02 1.719887730477851207e-01 -4.289485712689821706e-01 -4.290253664232885900e-01
9.893754906160869000e-02 -3.786549551611247816e-02 -3.369597480848388060e-01 -2.359564560810114564e-01
1.444714805387635193e-01 6.336471350339616115e-02 -4.541153483142417180e-01 -3.333364245400024517e-01
7.969792546731570347e-05 6.648699496146376364e-05 -2.879821838075819428e-04 -3.528232852445175064e-04
8.625815331348615778e-02 -2.480153669315716611e-02 -2.665313951848050089e-01 -1.929201180988392716e-01
5.425159836013816739e-02 3.244810880758462052e-02 -3.354044096708546641e-01 -3.351087581465673204e-01
2.497477351410152613e-04 1.997647412481151684e-04 -5.352289514668650454e-04 -4.158489024641630989e-04
1.432318663192132767e-02 1.108237617222463875e-02 -4.361059676447836403e-02 -3.684973190282296585e-02
1.819918208748413533e-04 1.428575788263258773e-04 -5.123652074905032721e-04 -4.465802985220097073e-04
1.118774950812227758e-04 5.075408155293077906e-05 -3.536065940935360463e-04 -3.415550111596755653e-04
9.793630004780121286e-05 1.754526775122579796e-04 -5.853113467971280499e-04 -4.317421440130251795e-04
5.160988127371513023e-01 -1.245451465749052439e-01 -1.436793513994692795e+00 -1.004472112254869209e+00
4.027655322517911807e-01 -1.686200402719908897e+00 -6.054777373048596534e-01 -1.668057320927282206e+00
1.841871869488363178e-01 4.950033970767149516e-02 -3.516058047440445145e-01 -3.284785018229133269e-01
7.138179904345114124e-03 2.676281279056488068e-04 -3.872106890473723390e-02 -3.093882886754265038e-02
2.966008188634752362e-04 2.420316426165327142e-04 -4.676163292705839600e-04 -4.510229244765231993e-04
6.253099897414350350e-01 -8.566942047355419199e-01 -1.184237199109909655e+00 -1.020478521393147098e+00
1.027652012126824711e-04 1.790599884758645502e-04 -4.076130046906071441e-04 -3.299487953996360677e-04
-6.920361436311233128e-01 -4.035176012032732906e-01 -1.412501664990425843e+00 -5.542819196608168575e-01
1.647187187727262137e+00 -2.416486744846715329e+00 -1.765898869454360920e+00 -1.918388614696702854e+00
2.577884163742504052e-04 2.721082948479110241e-04 -5.011970595813862580e-04 -5.249704957378624730e-04
8.151541306154776981e-05 6.077478522326265717e-05 -3.469708480346284075e-04 -3.094388802376773313e-04
5.845998111936488995e-01 -6.103825271008932463e-01 -1.282196772945993546e+00 -6.405936316919965678e-01
1.950103277711978970e-04 1.053925886303109941e-04 -4.916756782800974640e-04 -4.452927147463982618e-04
5.434717980376613456e-05 9.805245360419671406e-05 -4.930293605702057175e-04 -3.932521770848600899e-04
-1.008842442890076352e-01 -5.216235745461262896e-01 -1.180982574492961845e+00 -1.521445973674638852e+00
1.510399076302914559e-04 9.267008039791875605e-05 -4.537883710667422739e-04 -3.270389414270815634e-04
1.434479463608133063e-04 1.034703526747022374e-04 -3.728973654697620562e-04 -2.888352902872610073e-04
1.803719699360948614e-01 -4.717960665829341593e-01 -1.115879017806887363e+00 -1.397714760249666677e+00
2.303638192635969076e-04 1.667505596537369422e-04 -4.470740630275093683e-04 -3.085305581296808749e-04
6.988754831367968712e-02 1.145941018244839016e-01 -4.261406963531755854e-01 -3.660311852150010536e-01
2.041194118765640795e-04 8.654412480263232990e-05 -4.673657348228319451e-04 -2.405632867575119218e-04
1.484759514612676856e-01 5.517635326568484655e-02 -3.200729692340210653e-01 -3.353865089399884480e-01
6.159300376217535788e-01 -1.916866063190520331e+00 -1.286789226290839805e+00 -1.797960461421907352e+00
9.097695767947352888e-04 1.238356550518886256e-03 -4.590130968693605790e-03 -4.230591581181670190e-03
-4.530279913536326003e-02 -1.122528339555493998e-01 -1.222252521351014698e+00 -1.033273209373485546e+00
5.964387549891372875e-02 -1.796531192924651466e+00 -2.493458953853204374e+00 -9.734380608667119184e-01
2.052726594641995472e+00 -2.897021312388295744e+00 -1.570111293099964556e+00 -1.627119391881663990e+00
1.181897545307864189e-04 1.459716078871192212e-05 -4.784553120430021949e-04 -3.841885805021778909e-04
2.818667381798506074e-04 2.764476765603362152e-04 -4.386702809064247483e-04 -4.150872992620176921e-04
5.956040890395249918e-05 1.033785758344236944e-04 -3.466735384181756372e-04 -2.406058065537231602e-04
1.241618678872841830e+00 -2.150091124743730209e+00 -2.431269480305544572e+00 -1.503743276437327914e-01
1.240328975105056131e+00 -2.745254965380612422e+00 -2.862226322128597733e+00 -1.659738443477522862e+00
2.093619587459122811e-04 1.479283655922098773e-04 -4.378451061354147133e-04 -4.628713324231831716e-04
2.344619940226175985e-04 2.500987427565317116e-04 -5.103955106860098324e-04 -5.649356588878269190e-04
2.233145329195259830e-04 2.325468359285065155e-04 -5.417985440863999766e-04 -4.650811416975328860e-04
8.848471020576985369e-02 -3.557041199889143801e-02 -2.622157196936693024e-01 -3.045656833525747231e-01
2.138853315616573436e-01 -5.945832692081867155e-01 -1.409299017739956916e+00 -7.300009300387975131e-01
9.176687148207877953e-02 -5.387396383887627094e-01 -1.190185154087282093e+00 -1.091776224188403921e+00
1.463171228557807535e-04 1.469113833829515281e-04 -4.383885546470407029e-04 -3.434882444831645907e-04
1.367975962652756283e-01 6.876615724418636000e-02 -3.760574336605932433e-01 -3.391631419226742161e-01
2.734072034485518759e-04 9.114038264726210007e-05 -4.264579477185372058e-04 -4.263859978399140945e-04
9.156943628245139955e-05 7.711908294796053032e-05 -4.234005668458388138e-04 -4.223895543608320981e-04
4.353050688182598003e-05 7.651525875721492287e-05 -4.036299107000362917e-04 -3.364162733177506739e-04
1.791914338623986844e-04 2.262670414520899639e-04 -5.338855548382948849e-04 -3.900548083389811216e-04
-1.692552691866819059e-01 -1.112433322459477569e+00 -1.870625324686750801e+00 -9.644094729473808858e-01
1.449709286864701678e-02 9.253347220171330434e-02 -3.861369124036487799e-01 -3.720182258523522245e-01
1.881443204188890464e-04 1.501371476497358648e-04 -4.463514908274354947e-04 -3.991497707621715447e-04
1.205039833755856549e+00 -1.595151302757999989e+00 -1.710524036141354731e+00 -2.331938167760356229e-01
8.006671050544882373e-01 -8.328500316835868444e-01 -1.494556251275450887e+00 -1.235975956268040354e+00
1.522249907500978529e-02 3.417756564238366018e-02 -4.352660251006758019e-01 -3.897608585905998346e-01
1.434437556209243458e-01 7.894410322692353710e-02 -4.422984475578904950e-01 -2.881198922471889246e-01
1.150197352465526096e-01 -3.675404672815818508e-02 -3.212678044044347536e-01 -3.550080369494908461e-01
1.658534827103402452e-04 1.063574558502614807e-04 -2.613096588066924015e-04 -2.938808352801470223e-04
1.394583891164794811e-04 1.533375325365221489e-04 -4.249984573693178736e-04 -3.169070059535472866e-04
2.391930980480124836e-04 1.709528831599044598e-04 -4.198047568211814295e-04 -3.553538158542887877e-04
2.823656326476620820e-02 2.456789220003598520e-02 -3.571307331387230111e-01 -2.728254824353151253e-01
1.233595706670929520e-01 3.292670925111343405e-02 -2.858624991492050293e-01 -3.391645354805426504e-01
1.535272286461396296e-01 6.769387543981060518e-02 -4.585124479677212816e-01 -3.445712559005179587e-01
4.237820983223015021e-05 6.472882572169484379e-05 -3.936114623980920750e-04 -3.444404185191927200e-04
-5.096888325444219603e-02 -2.237378403629433077e-01 -1.277006844254571227e+00 -1.163117470511321638e+00
6.941910791072319897e-02 -6.122211130742578611e-01 -1.153868195063650459e+00 -1.329125066191754190e+00
2.665506882758683746e-04 1.646083289537119060e-04 -4.681027134976028224e-04 -3.903525949815816955e-04
1.118324528290440378e+00 -2.624606969241316534e+00 -1.707587335170468235e+00 -1.016598491236706536e+00
2.146057493762300512e-04 2.574825304873012348e-04 -5.315966097442183973e-04 -3.752376771558133006e-04
4.824317257126145009e-01 -6.989509339659217835e-01 -1.182931770626596268e+00 -1.490445819554979456e+00
8.573394094440175484e-05 1.092758974682046650e-04 -4.702998099999136910e-04 -2.684462309192891540e-04
2.654644081377169340e-02 2.959973770332367197e-03 -3.444342106992973052e-01 -2.682141990126140074e-01
-1.631498173117070793e-01 -5.115357826689700405e-01 -1.295881804194807696e+00 -1.094537190179864838e+00
3.156594398186539710e-04 2.106436883462846983e-04 -3.588627065776393821e-04 -3.682668841120522460e-04
-1.741703425442532173e-05 1.028673604734745558e-05 -3.465439060236415202e-04 -2.705844493164964270e-04
1.686461594244963343e-04 1.188629468884777976e-04 -3.747280187840420379e-04 -2.267937752988358549e-04
5.016460508057296597e-02 9.806603565783945931e-02 -4.450101995708349856e-01 -3.922594980394799036e-01
3.520025629958893898e-01 -3.491308429000984370e-01 -1.385983257564564308e+00 -1.244423818226543910e+00
2.047876325439725420e+00 -2.937679701102613450e+00 -1.354286048498593686e+00 -1.786461308674966331e+00
7.344871326504781583e-01 -2.075226442247622760e+00 -1.568560755889184755e+00 -1.019429619211318139e+00
7.380216799457619548e-01 -2.037218018989515045e+00 -2.428794346602059395e+00 -1.083720693497602472e+00
1.043648753111205280e-01 3.125597807093602465e-02 -4.138427512675912912e-01 -3.032867678226418562e-01
1.160654609153879552e-01 6.455574307672398704e-02 -2.557598121464811358e-01 -3.468807791815664565e-01
2.894183648503846043e-04 3.007300829450233292e-04 -5.882644972203763265e-04 -4.782000948569505505e-04
1.356529246615760075e-04 3.430662741297613963e-05 -3.722378157168278862e-04 -4.258323331375947246e-04
3.079311863245336048e-04 2.480899952436951849e-04 -5.963829106506392166e-04 -4.716984067107781158e-04
1.746104034805874116e-04 6.280044732097638405e-05 -4.040021055637741244e-04 -3.325043101162203146e-04
1.436176234906599164e-04 1.734285306370070116e-04 -5.681531131278171791e-04 -5.270750392284904691e-04
7.077670283517901420e-05 1.357632650685530523e-04 -3.561100518908871804e-04 -2.822659350384727241e-04
2.762223127285721091e-04 2.387288635068600731e-04 -5.572516371728812243e-04 -5.208796776741719033e-04
3.186442561631236958e-01 -1.708933815003005785e+00 -2.451955769104720684e+00 -6.816777390252788393e-01
8.766768111999159762e-05 2.196636898267535407e-04 -4.679965499839272526e-04 -4.393683896161760041e-04
2.527155705668690695e-04 1.329541209376376861e-04 -4.242601624660972503e-04 -3.477607323933180482e-04
1.646719849973174998e+00 -3.443863137140087183e+00 -1.801894324797827629e+00 -2.159735874408410083e+00
3.253643431413804602e-04 2.113890636615344096e-04 -5.616242653400348173e-04 -3.747368674669706223e-04
7.202811054257384220e-05 1.230211384850781278e-04 -4.427307421002907349e-04 -3.411862009454323273e-04
1.775902170196193286e-01 -2.249770613162600519e+00 -1.191076090300889900e+00 -2.016264741166528207e+00
3.060986422072997995e-04 3.511539806529352572e-04 -5.207916700144932633e-04 -4.841213213630655076e-04
1.935953779537297203e-04 8.905704693317953577e-05 -4.526610600280552075e-04 -4.686632583888473416e-04
-6.223594719593558144e-01 -5.358954102227182492e-01 -1.239634604497788839e+00 -5.448612386364311000e-01
5.475543087735911252e-01 -6.785386821750697406e-01 -1.249327611978171548e+00 -8.811538257716472478e-01
1.783985859872441293e-04 2.599205057605446828e-04 -4.788165208342876089e-04 -4.124230948871828329e-04
1.817806251496607275e-04 7.528583911235053492e-05 -3.091993824173724188e-04 -4.374272230625165896e-04
6.465270537012609564e-01 -6.561898220499008394e-01 -1.945787757399587425e+00 -9.704040549741658195e-01
8.739422184335822864e-05 7.029653563436281103e-05 -4.284297509953491605e-04 -3.357265282602690283e-04
9.009728544734850741e-01 -2.573495984753640720e+00 -2.471102472512265003e+00 -4.350115134747025158e-01
5.175473002638933222e-03 8.920922440900220379e-03 -3.820708231576506325e-02 -4.258310924507949929e-02
3.385770938996103714e-04 2.843716364469468533e-04 -5.325210434847947507e-04 -5.925316948939609316e-04
4.687523512940186543e-01 -1.782023162475810107e-01 -1.575610708786582492e+00 -6.901819024100669386e-01
2.909255349259745604e-01 -1.725745981525418582e+00 -2.011229107601883115e+00 -1.110487265000006607e+00
1.812348988090351268e-04 1.312070450842769617e-04 -3.834124249022036125e-04 -3.558326968025028411e-04
1.219159248652593036e-01 3.987068939049503991e-02 -3.653825129612751077e-01 -2.704980622730949746e-01
2.953865417962858730e-01 -3.866523288503412870e-01 -1.415318696545432964e+00 -1.031420268498888682e+00
1.382385761322036039e-04 1.522949726342007215e-04 -4.153278340733777504e-04 -4.316224769494531261e-04
2.304243458714061563e-04 1.358139077938678638e-04 -4.044911365239344512e-04 -4.088415099798709527e-04
1.959603830284169408e-04 2.532035167319823658e-04 -4.745609608005199923e-04 -4.137746978610284585e-04
4.078480853188654609e-01 -5.708515620496886767e-01 -1.527332708810782202e+00 -1.252292543128409985e+00
-4.623247510460853498e-05 -1.116688193095909717e-04 -2.841659059503481746e-04 -1.397967059236594268e-04
1.636072593309524925e-01 -5.149514106466460683e-01 -1.276573443520196971e+00 -1.162313222756073960e+00
2.899248654943638488e-03 3.390354028597208913e-02 -4.026534073991985263e-01 -2.761225372183621629e-01
8.895341850059166333e-01 -2.235910064466328340e+00 -2.140657967954894936e+00 -1.355018402736723582e+00
1.210086803345177301e-04 1.450878086058871518e-04 -3.872121682124835527e-04 -4.413762152336759312e-04
2.968558638282195461e-01 -4.378521504206232540e-01 -1.206993877759717781e+00 -1.132277466660674969e+00
2.614338498626698104e-04 1.335668792614711691e-04 -4.047552910053975371e-04 -2.928039733074867530e-04
3.209165167010955265e-05 -2.320304021777247722e-06 -2.377114186531950526e-04 -2.807722230608171465e-04
1.209587091169715120e-04 8.333370834334954849e-05 -4.056189269505216079e-04 -2.810458574096902883e-04
1.234430752943308091e-01 7.719991953150893982e-02 -4.061477586655132255e-01 -3.172399534691521805e-01
1.157488932160052775e+00 -1.638506790012569381e+00 -3.024438822172809349e+00 -9.102524740208915999e-01
1.026579963615228963e-01 -5.242537198063211834e-01 -8.985057973941984466e-01 -1.259184206793801941e+00
9.295813990394891308e-05 2.555176240950564838e-05 -3.116997345656196739e-04 -2.312487310553953978e-04
6.955400497562469475e-02 7.992121949462978325e-02 -3.410313098133159193e-01 -4.112683611391227401e-01
3.590340240840975694e-01 -2.925758326336906912e-01 -1.492786194052745152e+00 -7.846046180652758162e-01
1.771826175654316549e+00 -3.392905241583320297e+00 -2.151939683055355879e+00 -1.885206107862751335e+00
4.403527409824801314e-02 6.911948413849544615e-02 -3.398066615379300437e-01 -2.096981989491946696e-01
1.826502478037548324e-04 7.257702312203042001e-05 -4.285331715159925825e-04 -4.305287802361411668e-04
2.545021155166250033e-04 2.941385027708458928e-04 -5.242931504542761023e-04 -4.728145249165012194e-04
2.230045955975770169e-04 1.975300838984695665e-04 -4.264936924129109812e-04 -2.948350199523908327e-04
2.285644419730619177e-05 1.146544091032355853e-04 -4.035572725928449154e-04 -4.599288956702961414e-04
1.948821501459503169e+00 -3.802469471770320020e+00 -3.048683527579277186e+00 -1.087136580576849365e+00
2.286286711397804764e-04 2.064091930491244379e-04 -5.793045561593260532e-04 -3.134881211840905989e-04
2.342276596968183777e-04 2.503519761622238641e-04 -4.557451820585982534e-04 -4.214708146831278859e-04
6.337280060534058383e-05 4.165687314383157179e-05 -4.261079422731834754e-04 -4.685392432566863542e-04
6.050225709172328825e-01 -8.325788406474797787e-01 -1.125951291531977372e+00 -1.149331216049572779e+00
4.665860362116809736e-05 7.637604684678768149e-05 -3.939391662108223378e-04 -3.718865195981016156e-04
2.141035642985205101e+00 -2.753428960414024296e+00 -1.176962689610917989e+00 -1.726589570007033947e+00
2.062269076297409780e-04 1.599036809843021551e-04 -4.687409845214083963e-04 -4.412044555068023069e-04
-5.857019663419261724e-01 -1.716792038055112712e-01 -1.144782188797373035e+00 -3.625976121450457668e-01
2.470771645446695475e-01 -4.438251432740201730e-01 -1.422808326212436691e+00 -1.099488766025846775e+00
1.967430754076111279e-04 1.639643520246718137e-04 -5.372352226308343970e-04 -4.322355605916053606e-04
1.847709643146218939e-01 5.550678519671906064e-02 -4.470015229453792038e-01 -3.416673949400529930e-01
1.267170220002167118e-04 1.009973491404473836e-04 -3.960371685521057203e-04 -3.153204130290124230e-04
1.847242548200802581e-01 6.219559748869509658e-02 -2.853102614442720730e-01 -3.835952083403553203e-01
-2.679798717915083950e-01 -4.897133102792337600e-01 -1.110365896332447200e+00 -1.024516396602459745e+00
1.241665939873936035e-04 1.618956211959987818e-04 -4.951046576386828853e-04 -3.407184017478279300e-04
1.590368034878361925e-01 -5.581707874392830560e-01 -1.016091921739709303e+00 -1.283861194642329728e+00
2.281303401355541105e-01 1.565979675839845042e-01 -4.194840945978565161e-01 -3.840499847255839372e-01
9.763256761605152204e-05 1.054662460666600996e-04 -4.413744116645959320e-04 -3.318162891386406787e-04
2.736841971396622442e-01 -4.012610420987291482e-01 -1.520124194560114717e+00 -3.784393946214261173e-01
3.407972263013905323e-01 -1.899523092318425865e+00 -1.212588645246640118e+00 -1.579410477098568855e+00
-2.840877302047104536e-01 -6.817985501300921625e-01 -8.905871018124401628e-01 -4.852416392491125663e-01
-1.115549153610512949e-03 7.051037825815779925e-02 -4.469479717700725607e-01 -3.845330668107436178e-01
3.031540923545898822e-04 1.709010778242569628e-04 -4.824173097792481646e-04 -5.486046443516192153e-04
1.074500589092547864e+00 -1.649239679708314865e+00 -1.548532930742851033e+00 -1.265881453421172642e+00
1.892891225614307116e-01 1.220626937953342289e-01 -3.971968002745155935e-01 -2.318155048419582309e-01
6.234143859257231326e-05 3.784847053877899575e-05 -3.942628243287245706e-04 -3.190299501188987295e-04
2.395423301120373197e-04 2.688285339321815439e-04 -5.068651987413278718e-04 -5.549313327897383019e-04
1.571693821808957336e+00 -2.471093472844461569e+00 -2.228152542696213878e+00 -1.258113822583299068e+00
2.450113968673561468e-04 3.012401989900679493e-04 -5.691454239118577240e-04 -4.715391321041065027e-04
1.010895474544833306e+00 -2.805363789898659199e+00 -2.101301264725714546e+00 -1.041312648244332895e+00
2.503419803337940223e-04 2.520367710673440047e-04 -5.753072628867487732e-04 -5.114044217128092297e-04
7.464433851411203524e-02 7.225563601373193381e-03 -3.008684463404990850e-01 -2.711060494730758164e-01
9.808080970429279288e-01 -2.621686521800917102e+00 -2.220161226771393714e+00 -1.047420257400498933e+00
1.323581513311711548e-04 1.307657582195786744e-04 -4.305191987761743696e-04 -4.698056752051274379e-04
4.017272348997125153e-01 -4.124292580483548409e-01 -1.508024087388326606e+00 -6.033965611450320399e-01
6.924240926819816061e-05 6.707349678273329625e-07 -3.682662254314227838e-04 -4.002138641986606156e-04
1.629539829202459786e-04 7.295078583248133309e-05 -4.167161726837087759e-04 -2.328203960110073086e-04
3.017807738936319900e-02 8.371940525482825246e-02 -4.451483797776101814e-01 -3.267523895040486681e-01
6.971847799118552347e-02 2.256374694635014666e-02 -3.169824565542012085e-01 -3.016812421049275827e-01
3.404965496083998890e-04 2.939899901268170496e-04 -5.025410878735726882e-04 -5.466686346006913774e-04
1.153928041374025493e-01 1.145086365920799931e-01 -4.019113546931782910e-01 -3.247506353011372360e-01
6.198244369940459908e-01 -2.244040832191365187e+00 -1.247589576403841827e+00 -8.599492204263341488e-01
1.240882024642934039e-01 6.521133975784737524e-02 -3.075173917383474120e-01 -3.098461225395169327e-01
1.792937960690260124e-01 -2.732149769266373762e-01 -1.546635105325758541e+00 -8.485066202791937684e-01
9.783601031603853526e-01 -1.800625852012901706e+00 -2.047075188620179897e+00 -1.498930262979807360e+00
-7.265634671551905103e-05 -1.992766341147242856e-05 -3.516047613665437485e-04 -3.362121467735891176e-04
7.841597211756090591e-02 -3.168420737463702175e-02 -3.892832058424377517e-01 -3.876734720686161872e-01
3.145931303744712031e-04 1.893296913281107411e-04 -4.367173094703973198e-04 -3.379136585351344793e-04
2.116739932688432911e-04 2.258718863572362436e-04 -4.688517083632397025e-04 -4.460201009502115575e-04
2.869494392082986844e-01 -2.894724023895186571e-01 -1.406774600327228786e+00 -7.431597351474830138e-01
1.820411689027017665e+00 -3.100124320296632874e+00 -3.152296857378248163e+00 -2.870915915499160365e-01
5.266117014006867615e-05 1.224509580628200178e-04 -4.050066062425117220e-04 -3.873205013904271405e-04
6.868452999285700189e-01 -6.008149386289004523e-01 -1.567064318402732193e+00 -9.421881960371369935e-01
1.050725986999644741e-03 5.509758679755705733e-03 -2.440600026301306333e-02 -3.759199423315529032e-02
1.453865101110973224e-01 8.186114604406755091e-02 -4.040539640581661263e-01 -3.144335350253750216e-01
1.115987483081632842e-01 -5.158285586050588289e-01 -1.150285320830724434e+00 -6.076776482750542163e-01
1.697925713793988767e-01 1.331909800540210520e-01 -3.260088727371081574e-01 -3.193768272589216362e-01
2.258666061128831615e+00 -3.646671166669189112e+00 -2.247110065277864610e+00 -1.627390760085271948e+00
9.068597136113523693e-02 7.865412111792817462e-02 -3.912122567561602260e-01 -3.427110773208774108e-01
6.578112345260955730e-05 1.339154664867767727e-04 -4.313100552543224549e-04 -3.490917672951589917e-04
-6.007387273310182962e-01 -6.748926363159432618e-02 -7.754596156010981067e-01 -7.198916038406313334e-01
1.408471312051612578e+00 -2.409587700803921262e+00 -2.246244450868303488e+00 -2.113409423125277353e+00
1.506407317848179050e-01 -4.960478290708449922e-01 -1.342276703521778192e+00 -5.656429488477355827e-01
7.965009637201011516e-01 -2.082967054317196531e+00 -1.785301212283963768e+00 -1.195025845299357403e+00
3.178960835889722988e-04 2.490410649240769412e-04 -5.109547857794437785e-04 -4.454839547582771487e-04
4.378017465237164384e-05 2.768373895010527752e-05 -3.527345998624724669e-04 -2.757439601605181563e-04
1.859349244351298034e-04 1.540100383159694541e-04 -4.999913054482781928e-04 -4.057622805725620324e-04
2.586656586030438914e-04 2.606308509820678293e-04 -4.326691761963617549e-04 -4.389686468415881886e-04
8.930026768036593938e-05 2.208783765687605304e-05 -4.286867138361771887e-04 -4.022333771806173015e-04
4.136913504130853014e-01 -4.571449151235111308e-01 -1.500871668263107139e+00 -1.111342116433804206e+00
7.004867307356341111e-02 5.991332303233865009e-02 -3.438923443506615718e-01 -1.885369536462233042e-01
1.119283272021953830e-02 -4.380525573263985839e-01 -1.872603109912097885e+00 -1.107253734648630417e+00
1.104340496294364045e-04 6.666759385937851955e-05 -3.828263722357664722e-04 -3.822511703849304043e-04
1.738767301025694934e-04 -4.933944782427566479e-06 -2.829854365912730916e-04 -2.747433775470512212e-04
2.011828204980074114e-02 2.032597541807019959e-02 -4.833135903075682499e-02 -5.200741886153198434e-02
2.508353074579753998e-04 2.418576787301261646e-04 -5.383187525006311210e-04 -5.580618920460969244e-04
1.172813292726068296e-01 6.829063489644307539e-02 -2.671138380331303241e-01 -2.466173165609749363e-01
7.558788501665234527e-01 -8.920427071051617585e-01 -1.253943092369953050e+00 -1.058894280877131777e+00
-7.145514942026467420e-01 -6.376546844967908578e-01 -1.463052929179295525e+00 -8.238044906936423661e-01
2.413181342037077400e-04 1.971979903177037668e-04 -4.652207871811918339e-04 -3.439191709401059676e-04
1.851074321317459220e-02 2.521644865206482469e-02 -2.966359907623534187e-01 -3.319469144511447145e-01
3.366313999537960955e-01 -6.087035119983592590e-01 -1.293888094299950220e+00 -9.376379155654860353e-01
3.115476148667804465e-04 2.408467283173632511e-04 -3.977075158928853422e-04 -4.141888849746151952e-04
2.305951496466719772e-04 1.789091094642026670e-04 -5.480138581700164666e-04 -4.094443943504144298e-04
-9.723854182216952122e-04 -1.939215230020274522e-03 -4.382682103069181906e-02 -3.245460663928451811e-02
4.747075302410191358e-05 1.017047210722052825e-04 -3.684709306247989304e-04 -2.705972200473893518e-04
2.238572376447764078e+00 -2.846577511930514781e+00 -3.027889070829948182e+00 -5.432540357151030008e-01
6.003634227648343979e-02 -1.465457990438351810e-04 -3.184707392946323767e-01 -3.032507070808143079e-01
4.156500621539313545e-05 7.990815431936537281e-05 -3.198948009137469279e-04 -3.650724950387907526e-04
2.637759182463494554e-04 2.469700086300393393e-04 -6.198131859492400381e-04 -5.890695431265935119e-04
3.439447065014685432e-06 4.009483603666478796e-06 -3.724309384210924443e-04 -3.390461665055946507e-04
-2.678544408527875897e-01 -6.659317874619210542e-01 -1.143354280692557845e+00 -7.584310285139597152e-01
3.383317074772103708e-04 3.139310425696302076e-04 -5.953758090147269390e-04 -4.936479841850762622e-04
2.304708709385979437e-01 -5.161464711556771334e-01 -9.774366453841595304e-01 -1.024396305116395567e+00
2.312927433951385003e-01 1.154871180128758390e-01 -3.968070142426673996e-01 -3.404497092959822280e-01
1.638418094311470258e-02 -1.281263750273116342e+00 -2.363755150051160658e+00 -1.087368083247334916e+00
1.469278553414473667e-04 1.406856061807829636e-04 -4.250422541972978551e-04 -3.851854460500366071e-04
1.038147915293400614e-01 -1.102037066331773216e-02 -2.871758617784794243e-01 -3.494038174468531710e-01
2.549173263243647322e-04 2.972698200094735883e-04 -4.366862516793795258e-04 -3.375278228802420914e-04
1.718025906571761352e+00 -3.514702361205902736e+00 -2.886246326494674719e+00 -1.395082872633466309e+00
1.352982611134071478e+00 -2.566688672002553684e+00 -1.983045918860652845e+00 -7.433027666333996697e-01
3.654386778611677933e-01 5.661249375185516824e-02 -9.833474622015914157e-01 -1.306236553198937722e+00
-1.014271120391883330e-01 -6.572188896310501294e-01 -1.545905938768077359e+00 -1.409158912773102346e+00
7.317747516272820924e-05 8.205041346558261521e-05 -3.864653343887323143e-04 -2.383153698055976680e-04
4.571020741986664415e-01 -6.074340400280525687e-01 -1.209087756183428564e+00 -7.337728017411005998e-01
1.547746797281680851e-04 1.163757158834752173e-04 -3.663747726274179219e-04 -3.451054010156062030e-04
1.695813671623065547e-04 1.165112303282060755e-04 -5.013421868853764219e-04 -3.358839055316193973e-04
9.494952081770033359e-02 8.566617265973676398e-02 -4.642993101299961456e-01 -3.593314990393931541e-01
1.640909463429981422e-04 1.095716548181247028e-04 -3.892023621531114324e-04 -3.666370775035373403e-04
1.470122722240125592e-04 1.043605893551416311e-04 -4.406775545610386877e-04 -5.089665976353600560e-04
9.192000579595019927e-01 -1.462527904040982873e+00 -2.448782551384044659e+00 -5.303486556083281123e-01
2.779641049503193875e-04 2.568384671916897500e-04 -5.432520953205625686e-04 -4.667423191284346949e-04
1.332774464381030789e-02 2.027690264855559754e-02 -2.367298464211794740e-01 -1.694132901725725615e-01
1.605426880431764181e+00 -3.388912937725765406e+00 -2.290611300795309724e+00 -1.175579015262962601e+00
2.142286431571514393e-03 -2.947020061926712842e-01 -1.106703782197746566e+00 -1.603014098284712752e+00
2.187999247374088074e-02 1.843247120863004615e-02 -5.028629155202489487e-02 -4.571095420691579508e-02
1.435072648997958999e-01 8.728124967661439471e-02 -4.110663282884979286e-01 -3.716235170787012265e-01
1.091557039992756717e-04 8.254178844936908832e-05 -4.267965445562114956e-04 -4.624062489656719757e-04
1.347324856198641287e-04 6.654011004483599242e-05 -3.614797939476843973e-04 -1.964172177404752541e-04
9.872696618379792879e-05 9.107204606998205588e-05 -4.318280730114494657e-04 -3.989225869139237791e-04
2.960002356042179235e-04 1.094036951743085763e-04 -3.440663042755457541e-04 -3.336685863247902239e-04
1.457602403550734775e-04 1.448556295885749807e-04 -4.652535846326614545e-04 -4.857840542968522345e-04
1.485794192855705020e+00 -2.175717100800188764e+00 -3.098177572602060614e+00 -4.753763672800825901e-01
4.925041877856709861e-03 1.347400147697549316e-02 -4.477529115210587829e-02 -3.839414970029463720e-02
-6.559638654800165058e-02 -6.074703242095926825e-01 -1.175274384635003333e+00 -1.037877803054226833e+00
1.594255967247607084e-04 1.352042711862242353e-04 -4.677310982340811187e-04 -3.410151123026831173e-04
4.945933898323926492e-01 -8.783556608857527870e-01 -1.577630568801175137e+00 -8.649835841671303927e-01
2.115753771189431143e-02 9.518932617231577395e-03 -5.735336342723856839e-02 -4.852430066403320280e-02
4.243706819512503027e-05 5.393565347745804306e-05 -3.383384134988112941e-04 -3.190574714891613304e-04
1.898302891874301503e-04 2.694216350571844595e-04 -3.473268203461062184e-04 -4.399434562883807625e-04
7.520148824460353386e-05 1.528151425157177530e-04 -4.272703924849442780e-04 -4.011383492038709457e-04
2.136686703504557831e-05 1.066245072753138069e-05 -3.395900671166334514e-04 -2.267508107085292350e-04
3.100091286017283010e-01 -3.823533146953692619e-01 -9.059786492566325178e-01 -1.212270628445658804e+00
1.722224910537455966e-01 -4.126219660718365434e-01 -1.501640515056178460e+00 -1.174886265640354477e+00
1.958794863620529347e-01 -3.939267244682066044e-03 -3.687128203042806529e-01 -2.535145170235603707e-01
7.229471240458388293e-01 -1.959117514345311450e+00 -2.689694039917994495e+00 -5.615396365214605501e-01
2.486451918234397571e-04 1.146128394009465436e-04 -4.344195802359397153e-04 -3.839002265587378149e-04
2.611639612090762208e-04 2.885374353373228369e-04 -4.727222171390987123e-04 -4.513852141819536964e-04
2.804523303390860458e-04 2.403638533495230727e-04 -5.030038830173664969e-04 -5.285746658400952702e-04
-3.939762481203215039e-01 -9.744324324448626617e-01 -1.390493005569468865e+00 -9.612188079755403791e-01
8.662999261093009629e-05 8.349219894489946043e-05 -4.808277047959079106e-04 -3.274151895527844473e-04
4.968825627023227276e-01 -5.517400589598222549e-01 -1.109932310569317515e+00 -1.014374691467104572e+00
1.796553541277915930e-02 2.178541947819402982e-02 -3.622797743840540097e-01 -3.617284064719020753e-01
2.112783261414061364e+00 -2.499450123608018881e+00 -2.673602284233837612e+00 -4.088619117737163355e-01
6.483082254172822529e-05 1.194283269627762531e-04 -3.704271851937143635e-04 -4.124789643534921115e-04
2.266152633866543864e-01 -7.377277244172989468e-01 -1.409945161467799801e+00 -7.401700403942129691e-01
1.697200780882980294e-04 1.404480726490075723e-04 -3.085077268215800461e-04 -2.944239469177561031e-04
-5.837703840410559536e-02 -7.384169907405387923e-01 -1.449486499047158761e+00 -1.474679101646112711e+00
1.938713021697188537e-04 1.372094592421971477e-04 -4.628539570657496174e-04 -2.530134684759268457e-04
2.595151700611682028e-04 2.526358746294653929e-04 -4.903102810583032448e-04 -5.607795149802726918e-04
1.253533449364976362e-04 8.923470748786938890e-05 -3.980022893685162383e-04 -3.554775168641472784e-04
2.368230741240224234e-04 1.760469145196094155e-04 -4.519683879234973273e-04 -5.148211904618650797e-04
9.316919053381668555e-05 1.331597114384201015e-04 -4.024775873070362176e-04 -3.716185170671459275e-04
1.869162925244525206e-04 1.686022408009381726e-04 -5.529661278748290026e-04 -4.283385793132955810e-04
8.937889552783953029e-01 -2.131433085156007934e+00 -2.520269245357197097e+00 -8.589721092478962428e-01
-6.892636734228775597e-02 -3.414157758344734117e-01 -1.166557690360182642e+00 -1.171213505103910757e+00
1.719079940057583578e+00 -3.005723013670106525e+00 -2.736794224157995892e+00 -8.282846639087552143e-01
2.492534323999618384e-01 -1.105941250435853229e+00 -1.902580930088401123e+00 -4.392396947930615747e-01
2.325694929113102268e-04 2.259484307024637239e-04 -5.009582653782103162e-04 -5.271439781376471498e-04
2.028914721841761917e-04 1.428685275076606960e-04 -4.572044698580720007e-04 -3.943336893257551887e-04
1.048475541114074483e+00 -2.076898356485601838e+00 -1.985472007749973233e+00 -1.682050288662092719e+00
4.083139188740610062e-05 -4.740251400255129428e-05 -2.046937954748330446e-04 -2.228802960434643542e-04
4.121033637617738305e-04 3.458235843886857028e-04 -7.243374005667779086e-04 -5.085262097079271603e-04
-4.991736521427256323e-02 -1.373154577333882478e-02 -3.049542624840453908e-01 -2.590303384468573555e-01
1.729015923019773656e-04 1.771773053848869353e-04 -4.610564344332263162e-04 -4.604990445400728664e-04
8.244949674977078956e-05 1.379805263766925084e-04 -4.889202396513251531e-04 -3.990982860729387952e-04
1.105983693495419473e+00 -1.617720272637066747e+00 -2.414345127545859171e+00 -1.395244316832497278e+00
1.118663209134503483e-01 -6.495686180137049126e-01 -9.611111190781843616e-01 -1.212802250203366627e+00
1.360625244828025113e-04 9.544131648907420225e-05 -3.427059994676104598e-04 -2.722207374238806319e-04
1.084108747534367811e+00 -2.006381890256477618e+00 -1.816080514639993870e+00 -1.060791586468641023e+00
3.922791911380950070e-01 -6.508015566583676970e-01 -9.712473503332901270e-01 -1.415483398889740840e+00
1.960873511309166957e-04 1.398513705620287885e-04 -3.929140794313970195e-04 -1.976302874434232473e-04
2.918115764362849002e-02 -7.911941977466647735e-01 -1.303864417347629701e+00 -1.164675930341998900e+00
-1.259528431167287743e-01 -5.647651501508348382e-01 -1.299907095955221248e+00 -7.078382824795413919e-01
1.864589087640608212e-01 1.623635634231974101e-01 -3.715420536239590343e-01 -3.544357623572475524e-01
2.269636050039861746e-04 1.611321620747029710e-04 -4.054448907876134073e-04 -4.971309353933710826e-04
1.128410112595269688e+00 -2.248911437093203514e+00 -2.644482372881326260e+00 -9.391834244184906755e-01
1.317131529226073748e-04 5.879458056604069011e-05 -3.743111007501322509e-04 -3.014167543070701903e-04
-2.548680140980389419e-01 -3.829560047140040946e-01 -1.329784105128107186e+00 -7.120878659738971717e-01
3.124223615331619963e-01 -3.375983887345967993e-01 -1.433941554824800457e+00 -9.891368731487962807e-01
1.199181738702359302e-04 1.784452198416679040e-04 -4.485112129687248653e-04 -3.912267310075905036e-04
4.255996361892527293e-04 2.922152838647340935e-04 -5.458248107777013622e-04 -4.876994257689669246e-04
-3.142917141051480567e-01 -6.657361142220192818e-01 -9.150992581693748740e-01 -5.698850714657804906e-01
1.969829698616646807e+00 -3.235255370712148082e+00 -2.560875958245952599e+00 -1.754759887175135313e+00
3.503284708692538940e-02 4.463615292083401853e-02 -3.565413578573719544e-01 -3.064205188883867281e-01
