0.0 0.0 29.291250952184650913
0.0 1.0 29.380104609058733445
0.0 2.0 29.274464853851323909
0.0 3.0 29.164100571989557409
0.0 4.0 29.162052125303834060
1.0 0.0 29.232563029775295860
1.0 1.0 29.227898360824777768
1.0 2.0 29.151192870927701506
1.0 3.0 29.266276202284867480
1.0 4.0 29.240281506314136806
2.0 0.0 29.160116588458350861
2.0 1.0 29.168122018992022504
2.0 2.0 29.170352828263325762
2.0 3.0 29.306988846202258969
2.0 4.0 29.209057755444472804
3.0 0.0 29.301467886004694208
3.0 1.0 29.162777293391947353
3.0 2.0 29.255426165349799561
3.0 3.0 29.437738357836977343
3.0 4.0 29.197633935793025017
4.0 0.0 29.232574792338024139
4.0 1.0 29.082660169891486390
4.0 2.0 29.253952606397533032
4.0 3.0 29.232564844106835977
4.0 4.0 29.351855449009288890
5.0 0.0 29.320940983112006251
5.0 1.0 29.198185357637449044
5.0 2.0 29.218629327723682820
5.0 3.0 29.251631999000352380
5.0 4.0 29.217595984038002399
6.0 0.0 29.310114906069838270
6.0 1.0 29.158912804658307039
6.0 2.0 29.271042498618722760
6.0 3.0 29.256505567296265724
6.0 4.0 29.245078962146468626
7.0 0.0 29.169416572137187416
7.0 1.0 29.241861339072059423
7.0 2.0 29.153505856929026407
7.0 3.0 29.246402396052452843
7.0 4.0 29.324100526925395371
8.0 0.0 29.191131361158817015
8.0 1.0 29.186039690294965254
8.0 2.0 29.246507898780723878
8.0 3.0 29.311623561576411134
8.0 4.0 29.236138144964240126
9.0 0.0 29.246532239364331218
9.0 1.0 29.161513702652872126
9.0 2.0 29.207971141570521212
9.0 3.0 29.251363124396352333
9.0 4.0 29.324082147311997915
10.0 0.0 29.235203928860247657
10.0 1.0 29.176713301301997916
10.0 2.0 29.274433289313364526
10.0 3.0 29.230486799115126928
10.0 4.0 29.308934396081863127
11.0 0.0 29.293006703368551058
11.0 1.0 29.189934011776202283
11.0 2.0 29.219645721077821321
11.0 3.0 29.251159144532522305
11.0 4.0 29.342472913990846450
12.0 0.0 29.085823756987991828
12.0 1.0 29.274448741134243335
12.0 2.0 29.283557955014707375
12.0 3.0 29.255724227623701950
12.0 4.0 29.226878333631699292
13.0 0.0 29.314834090635159214
13.0 1.0 29.174437335038355457
13.0 2.0 29.150449571978398922
13.0 3.0 29.274424132502431917
13.0 4.0 29.296313451521804438
14.0 0.0 29.306968556196625997
14.0 1.0 29.082142933454221634
14.0 2.0 29.099839614644146479
14.0 3.0 29.274416065294779798
14.0 4.0 29.296321500951798100
15.0 0.0 29.211376347831929934
15.0 1.0 29.266981299454783993
15.0 2.0 29.247109887784439763
15.0 3.0 29.172062161941440195
15.0 4.0 29.285576811313127621
16.0 0.0 29.223266981453274838
16.0 1.0 29.283139914347316335
16.0 2.0 29.235287977281259941
16.0 3.0 29.187469143072565458
16.0 4.0 29.340050771000083074
17.0 0.0 29.330567368037328890
17.0 1.0 29.178533021778775947
17.0 2.0 29.235674711748139032
17.0 3.0 29.227915425164567864
17.0 4.0 29.215493679523660830
18.0 0.0 29.140028252115595109
18.0 1.0 29.197833985805505819
18.0 2.0 29.257970148747165950
18.0 3.0 29.320427667721141063
18.0 4.0 29.261409956261942966
19.0 0.0 29.374788895350388174
19.0 1.0 29.153471415374237807
19.0 2.0 29.195646892007548701
19.0 3.0 29.373511100420852671
19.0 4.0 29.315416361914444110
20.0 0.0 29.325573080181687402
20.0 1.0 29.213369862428976376
20.0 2.0 29.227902676005665938
20.0 3.0 29.118015609796604082
20.0 4.0 29.282411018321386820
21.0 0.0 29.269760495078372742
21.0 1.0 29.196871448270844240
21.0 2.0 29.211520552092174796
21.0 3.0 29.178431959660262152
21.0 4.0 29.230367512576520994
22.0 0.0 29.204670602059970008
22.0 1.0 29.287203176022032380
22.0 2.0 29.253402820168897591
22.0 3.0 29.218617332015728749
22.0 4.0 29.296288502840415191
23.0 0.0 29.304761049978900189
23.0 1.0 29.184311670325215005
23.0 2.0 29.351936467369597494
23.0 3.0 29.246511217546903083
23.0 4.0 29.137437393350115400
24.0 0.0 29.288400076964052232
24.0 1.0 29.167452853814239688
24.0 2.0 29.227884167257048631
24.0 3.0 29.124397432434690813
24.0 4.0 29.321445154300526781
25.0 0.0 29.232560958367315607
25.0 1.0 29.089371433420605939
25.0 2.0 29.399743167088303153
25.0 3.0 29.295289594937862887
25.0 4.0 29.263886579982926861
26.0 0.0 29.335706144128039341
26.0 1.0 29.195355995724018072
26.0 2.0 29.120283100452819980
26.0 3.0 29.246535191170814016
26.0 4.0 29.249582721808195629
27.0 0.0 29.297701918599617699
27.0 1.0 29.190702514857338912
27.0 2.0 29.303869554036822365
27.0 3.0 29.246514012329797083
27.0 4.0 29.187332543535706719
28.0 0.0 29.221763471733702033
28.0 1.0 29.223262889012115551
28.0 2.0 29.232548894193559619
28.0 3.0 29.230266848873885266
28.0 4.0 29.272697181338767081
29.0 0.0 29.174558142457289733
29.0 1.0 29.254594442364158624
29.0 2.0 29.237197597959724504
29.0 3.0 29.290043959389084449
29.0 4.0 29.310137096159593284
30.0 0.0 29.209293558334252339
30.0 1.0 29.204677057955212405
30.0 2.0 29.306318637896890067
30.0 3.0 29.191605975589578037
30.0 4.0 29.268498917974739015
31.0 0.0 29.238426082962416075
31.0 1.0 29.131432374930700036
31.0 2.0 29.295654354192588897
31.0 3.0 29.163594293337222751
31.0 4.0 29.324101551683760647
32.0 0.0 29.279061949016462307
32.0 1.0 29.213948134689289304
32.0 2.0 29.042546775613615750
32.0 3.0 29.288373560087560321
32.0 4.0 29.254627013237076483
33.0 0.0 29.180331768258316316
33.0 1.0 29.206525439920433485
33.0 2.0 29.238708566153103874
33.0 3.0 29.347656828525337858
33.0 4.0 29.350481607402954864
34.0 0.0 29.279046183848731033
34.0 1.0 29.230518576009366427
34.0 2.0 29.196038593617867463
34.0 3.0 29.257585790673239501
34.0 4.0 29.273145307698513307
35.0 0.0 29.371034652053804592
35.0 1.0 29.095286208875382528
35.0 2.0 29.240889189358362898
35.0 3.0 29.227915378375733724
35.0 4.0 29.231525067792404116
36.0 0.0 29.338058522853337706
36.0 1.0 29.297329201881208149
36.0 2.0 29.165359660815109777
36.0 3.0 29.173207191303877295
36.0 4.0 29.298813100061114056
37.0 0.0 29.273261433909198104
37.0 1.0 29.153501550277702847
37.0 2.0 29.297684356698805885
37.0 3.0 29.257576356265449391
37.0 4.0 29.273957399955524039
38.0 0.0 29.249185582208429679
38.0 1.0 29.195347902600975232
38.0 2.0 29.286473581291758705
38.0 3.0 29.259845587294492475
38.0 4.0 29.360205301089028040
39.0 0.0 29.189503277083286292
39.0 1.0 29.218630877508154242
39.0 2.0 29.249115514627874290
39.0 3.0 29.199980313761656703
39.0 4.0 29.291675752857123882
40.0 0.0 29.339007277156600395
40.0 1.0 29.066581490650854391
40.0 2.0 29.302328810942970705
40.0 3.0 29.246116546859742158
40.0 4.0 29.352098859262046204
41.0 0.0 29.181452456051587774
41.0 1.0 29.186050599411188955
41.0 2.0 29.254548130495269476
41.0 3.0 29.248738158079493843
41.0 4.0 29.429805268192058776
42.0 0.0 29.306971917710981756
42.0 1.0 29.067728344176444466
42.0 2.0 29.240270586472103531
42.0 3.0 29.176755295099209064
42.0 4.0 29.346166346971962469
43.0 0.0 29.205162298075965310
43.0 1.0 29.185945811644369741
43.0 2.0 29.204651415373962919
43.0 3.0 29.287594718271719785
43.0 4.0 29.324812410108535232
44.0 0.0 29.319060365628615727
44.0 1.0 29.200014777251553255
44.0 2.0 29.186065991155068389
44.0 3.0 29.258700386636643742
44.0 4.0 29.186529321068562126
45.0 0.0 29.344209189414645067
45.0 1.0 29.096669023209280169
45.0 2.0 29.262603239046008241
45.0 3.0 29.171418164837849218
45.0 4.0 29.300935214423699193
46.0 0.0 29.279070875470239343
46.0 1.0 29.225603225534719343
46.0 2.0 29.223272581962927319
46.0 3.0 29.186982243073057219
46.0 4.0 29.243865408673158868
47.0 0.0 29.190714627225219147
47.0 1.0 29.243287044466143243
47.0 2.0 29.152381887164860785
47.0 3.0 29.227905857004667922
47.0 4.0 29.327968018634059888
48.0 0.0 29.362308956489538758
48.0 1.0 29.114245053640011918
48.0 2.0 29.213973803457694345
48.0 3.0 29.320961560251951994
48.0 4.0 29.279514836953403289
49.0 0.0 29.237261961819431377
49.0 1.0 29.307871199536336349
49.0 2.0 29.227913232244450370
49.0 3.0 29.281021593474427789
49.0 4.0 29.250781102186639515
50.0 0.0 29.190696925478494705
50.0 1.0 29.150752044409976804
50.0 2.0 29.297678243011347377
50.0 3.0 29.258608421967498003
50.0 4.0 29.350720302758542601
51.0 0.0 29.275706018193154989
51.0 1.0 29.246111265907913435
51.0 2.0 29.132505204433613244
51.0 3.0 29.170533775482208938
51.0 4.0 29.324099472668326172
52.0 0.0 29.339520626194715902
52.0 1.0 29.162787688157546739
52.0 2.0 29.305143819989780241
52.0 3.0 29.209331746940605967
52.0 4.0 29.227919007227555426
53.0 0.0 29.215664199138714707
53.0 1.0 29.346086359921251585
53.0 2.0 29.231708423483425463
53.0 3.0 29.232361881634659539
53.0 4.0 29.240765789147964426
54.0 0.0 29.135846660334387082
54.0 1.0 29.248455008638792663
54.0 2.0 29.194577071625722908
54.0 3.0 29.218585593201499506
54.0 4.0 29.199953524798246463
55.0 0.0 29.223433349690324690
55.0 1.0 29.283752234198487940
55.0 2.0 29.233999092933832031
55.0 3.0 29.133245294972947903
55.0 4.0 29.217605658418072778
56.0 0.0 29.361924681455711550
56.0 1.0 29.213711193538056676
56.0 2.0 29.237037829936916467
56.0 3.0 29.260474878143796218
56.0 4.0 29.251971606897821943
57.0 0.0 29.351038842537420237
57.0 1.0 29.099876278650409489
57.0 2.0 29.259250209095672091
57.0 3.0 29.295883897268776508
57.0 4.0 29.274160182700896371
58.0 0.0 29.267048860643836150
58.0 1.0 29.193038385525486689
58.0 2.0 29.156965730396404268
58.0 3.0 29.287427635570892903
58.0 4.0 29.328680923471790010
59.0 0.0 29.139549084445157234
59.0 1.0 29.126191504394590481
59.0 2.0 29.284829503673449835
59.0 3.0 29.325564519258836782
59.0 4.0 29.340638121167266661
60.0 0.0 29.441070330007661937
60.0 1.0 29.109781382078775636
60.0 2.0 29.288386582350604215
60.0 3.0 29.210209376757919841
60.0 4.0 29.314823066892955694
61.0 0.0 29.325129765006760607
61.0 1.0 29.162830672656127717
61.0 2.0 29.132612586138336042
61.0 3.0 29.218619371856043188
61.0 4.0 29.421529764952502717
62.0 0.0 29.190153238278821135
62.0 1.0 29.181413892129182130
62.0 2.0 29.279077361398563539
62.0 3.0 29.277825730038053109
62.0 4.0 29.283040543212823792
63.0 0.0 29.255814869627833730
63.0 1.0 29.238129727027036608
63.0 2.0 29.170664682361547193
63.0 3.0 29.246882836383612414
63.0 4.0 29.283234795006702456
64.0 0.0 29.346679142590446077
64.0 1.0 29.187272893002401020
64.0 2.0 29.158152642433378787
64.0 3.0 29.281839653923654510
64.0 4.0 29.330327283486404610
65.0 0.0 29.262105069513577149
65.0 1.0 29.227409905467411022
65.0 2.0 29.127198326483995316
65.0 3.0 29.200017090072027059
65.0 4.0 29.344265650668575063
66.0 0.0 29.293036057005700457
66.0 1.0 29.176728006116931624
66.0 2.0 29.199020695494159128
66.0 3.0 29.192302311120815972
66.0 4.0 29.347246227250963102
67.0 0.0 29.138057572601933742
67.0 1.0 29.190725232192434646
67.0 2.0 29.200991846361326054
67.0 3.0 29.306192532705427567
67.0 4.0 29.268526641860169946
68.0 0.0 29.350336289593141004
68.0 1.0 29.186040261315369548
68.0 2.0 29.225072932718262564
68.0 3.0 29.200302990571902484
68.0 4.0 29.319488143277681047
69.0 0.0 29.270043120871399367
69.0 1.0 29.209277705209562015
69.0 2.0 29.165011517846895828
69.0 3.0 29.274417620199979950
69.0 4.0 29.252432697968473008
70.0 0.0 29.143822944767666883
70.0 1.0 29.186041927434143162
70.0 2.0 29.246521532352179662
70.0 3.0 29.300117467912887292
70.0 4.0 29.277763184753275993
71.0 0.0 29.297545522060140399
71.0 1.0 29.183549062165283772
71.0 2.0 29.241871901345557916
71.0 3.0 29.288390763520670390
71.0 4.0 29.224089524446917210
72.0 0.0 29.290368984109623085
72.0 1.0 29.181423600630804316
72.0 2.0 29.199741897704448945
72.0 3.0 29.283751010430155048
72.0 4.0 29.227431798338784574
73.0 0.0 29.263700751026416214
73.0 1.0 29.120975983939043630
73.0 2.0 29.169241606187988225
73.0 3.0 29.276594693941145664
73.0 4.0 29.272157703150583075
74.0 0.0 29.315965524820015276
74.0 1.0 29.145796815402221114
74.0 2.0 29.274423969995236661
74.0 3.0 29.164924626565657206
74.0 4.0 29.250438665708689001
75.0 0.0 29.163615863214435109
75.0 1.0 29.344537566699258946
75.0 2.0 29.186045316697605045
75.0 3.0 29.160939380325274328
75.0 4.0 29.357566203625900414
76.0 0.0 29.276028377075263620
76.0 1.0 29.268175889624000519
76.0 2.0 29.232139449628203209
76.0 3.0 29.272230375317636941
76.0 4.0 29.222225163276075222
77.0 0.0 29.279096347345280549
77.0 1.0 29.170555516309505606
77.0 2.0 29.274448861525947052
77.0 3.0 29.349984958146215774
77.0 4.0 29.273275861017324928
78.0 0.0 29.348634018681071467
78.0 1.0 29.186053842073047093
78.0 2.0 29.274446449084098987
78.0 3.0 29.246480743316428885
78.0 4.0 29.214752398099822273
79.0 0.0 29.204669950558255209
79.0 1.0 29.186718544488961413
79.0 2.0 29.107844308596231286
79.0 3.0 29.255818969356855774
79.0 4.0 29.322492084763698728
80.0 0.0 29.225681062768732232
80.0 1.0 29.237895644953219687
80.0 2.0 29.198816353079724450
80.0 3.0 29.382182165895383008
80.0 4.0 29.361140235148646127
81.0 0.0 29.223267305031008334
81.0 1.0 29.246533739353431258
81.0 2.0 29.305667191530282878
81.0 3.0 29.064729964767707315
81.0 4.0 29.356211737898803449
82.0 0.0 29.327906115100553563
82.0 1.0 29.246512076185450013
82.0 2.0 29.140243069746656346
82.0 3.0 29.353314772302418589
82.0 4.0 29.190376124984364736
83.0 0.0 29.289411354332997917
83.0 1.0 29.167438960216969690
83.0 2.0 29.233214404830313526
83.0 3.0 29.204661888040327256
83.0 4.0 29.211410746359405266
84.0 0.0 29.250557473045400769
84.0 1.0 29.153471716401444525
84.0 2.0 29.187245302928271684
84.0 3.0 29.255812080069812708
84.0 4.0 29.318010124830269802
85.0 0.0 29.225839093277162561
85.0 1.0 29.316266421297122236
85.0 2.0 29.119886166553964557
85.0 3.0 29.213963001406938247
85.0 4.0 29.257382665699168456
86.0 0.0 29.269743834766575930
86.0 1.0 29.209308841123462486
86.0 2.0 29.256925927326722814
86.0 3.0 29.081039473118895700
86.0 4.0 29.308583143048494435
87.0 0.0 29.248260985503875986
87.0 1.0 29.129667445083875066
87.0 2.0 29.190697405298852374
87.0 3.0 29.232573273694779203
87.0 4.0 29.244606607475116533
88.0 0.0 29.242201133296493509
88.0 1.0 29.262778419647112571
88.0 2.0 29.218637861512892329
88.0 3.0 29.256641029552930888
88.0 4.0 29.206121273957688089
89.0 0.0 29.223256185028635201
89.0 1.0 29.191905104736683541
89.0 2.0 29.156148391488212468
89.0 3.0 29.187437812391046066
89.0 4.0 29.454841712154980371
90.0 0.0 29.178391118558852924
90.0 1.0 29.218597894837820661
90.0 2.0 29.255829470978252260
90.0 3.0 29.213946422067373021
90.0 4.0 29.250010353820666609
91.0 0.0 29.295159949263535282
91.0 1.0 29.135156220666143412
91.0 2.0 29.222719138359181557
91.0 3.0 29.330233880374176891
91.0 4.0 29.175963998135237887
92.0 0.0 29.199267045456295477
92.0 1.0 29.104218077191550407
92.0 2.0 29.265148566701100208
92.0 3.0 29.283675877445290325
92.0 4.0 29.296323628325499300
93.0 0.0 29.267329937386513450
93.0 1.0 29.260459552909118486
93.0 2.0 29.201739684198802394
93.0 3.0 29.320936328067528365
93.0 4.0 29.328390737479043793
94.0 0.0 29.218097341040003556
94.0 1.0 29.199987294326703591
94.0 2.0 29.200014859222115149
94.0 3.0 29.212448743871213708
94.0 4.0 29.308906041977788703
95.0 0.0 29.214127936821913778
95.0 1.0 29.191172727914722174
95.0 2.0 29.153298007727240559
95.0 3.0 29.293866501755900345
95.0 4.0 29.282419423294722804
96.0 0.0 29.254755422199021808
96.0 1.0 29.343665850075488777
96.0 2.0 29.142231116410556524
96.0 3.0 29.286133249772650089
96.0 4.0 29.236118244299383662
97.0 0.0 29.108777702309261315
97.0 1.0 29.219150609735439872
97.0 2.0 29.283613655357644490
97.0 3.0 29.197765522909723046
97.0 4.0 29.343056101748015152
98.0 0.0 29.265120004564831646
98.0 1.0 29.267737111077718026
98.0 2.0 29.162784135549063791
98.0 3.0 29.283733159692506121
98.0 4.0 29.237695667594699955
99.0 0.0 29.306971574105805445
99.0 1.0 29.295479865229452798
99.0 2.0 29.224673214533154919
99.0 3.0 29.187652745820997779
99.0 4.0 29.248050551222632976
