0.0 0.0 34.458544154852255303
0.0 1.0 34.553477256957428665
0.0 2.0 34.493020547842185408
0.0 3.0 34.542849021910768670
0.0 4.0 34.581818298906426890
1.0 0.0 34.395720753897393251
1.0 1.0 34.576515965114914763
1.0 2.0 34.531777046479184889
1.0 3.0 34.413662423718818673
1.0 4.0 34.523142501039977503
2.0 0.0 34.431281343988779042
2.0 1.0 34.443985852520633273
2.0 2.0 34.511500271035259857
2.0 3.0 34.518310631041039471
2.0 4.0 34.569442719944738940
3.0 0.0 34.425079445430483815
3.0 1.0 34.430284655140070527
3.0 2.0 34.569684874919047957
3.0 3.0 34.595335773457492223
3.0 4.0 34.533743198071910285
4.0 0.0 34.352919295823674872
4.0 1.0 34.506968822744980230
4.0 2.0 34.580595537531110040
4.0 3.0 34.579570165887759003
4.0 4.0 34.490016658139545314
5.0 0.0 34.581391434613941271
5.0 1.0 34.467328277376147128
5.0 2.0 34.553308533592939966
5.0 3.0 34.487793040164895331
5.0 4.0 34.541673447547651676
6.0 0.0 34.476841232825655936
6.0 1.0 34.590178405239221604
6.0 2.0 34.522764779766539789
6.0 3.0 34.489560607089480015
6.0 4.0 34.550652252212131543
7.0 0.0 34.493022971855083370
7.0 1.0 34.426048242482487183
7.0 2.0 34.413411245559096585
7.0 3.0 34.536965301750996105
7.0 4.0 34.615382244599693706
8.0 0.0 34.495380031575152202
8.0 1.0 34.476040210953890153
8.0 2.0 34.545077509856206177
8.0 3.0 34.414932429015287596
8.0 4.0 34.582334612380250860
9.0 0.0 34.502488497638957199
9.0 1.0 34.493034069921449714
9.0 2.0 34.565869926970130166
9.0 3.0 34.483720325840671705
9.0 4.0 34.560175687658286847
10.0 0.0 34.432542722914917022
10.0 1.0 34.456231924753645046
10.0 2.0 34.376295349093588527
10.0 3.0 34.520024653668286874
10.0 4.0 34.604731155738512882
11.0 0.0 34.460466557535923471
11.0 1.0 34.413802750929896490
11.0 2.0 34.537906457464877974
11.0 3.0 34.508737231735082673
11.0 4.0 34.593708713699037105
12.0 0.0 34.557854597078915049
12.0 1.0 34.426387232595715204
12.0 2.0 34.516944042140586646
12.0 3.0 34.520912790958071525
12.0 4.0 34.564516722014452910
13.0 0.0 34.522788555593677984
13.0 1.0 34.475161803616018119
13.0 2.0 34.557978286755336228
13.0 3.0 34.493032800709578112
13.0 4.0 34.525733369749012525
14.0 0.0 34.391058304234299214
14.0 1.0 34.586045808100358556
14.0 2.0 34.358646520402480462
14.0 3.0 34.522262943947978897
14.0 4.0 34.550931274960731798
15.0 0.0 34.484210949592835505
15.0 1.0 34.474484186672412989
15.0 2.0 34.586041060085968013
15.0 3.0 34.527049639430622108
15.0 4.0 34.468587127295648997
16.0 0.0 34.502064630721122285
16.0 1.0 34.472647207596843089
16.0 2.0 34.468061893260340867
16.0 3.0 34.596724509065069242
16.0 4.0 34.493572687510763330
17.0 0.0 34.502337161499688989
17.0 1.0 34.478456592470898556
17.0 2.0 34.462529548511767530
17.0 3.0 34.544529949320505580
17.0 4.0 34.504627044410511871
18.0 0.0 34.509076354349637938
18.0 1.0 34.463256138493690628
18.0 2.0 34.589046819027601032
18.0 3.0 34.496336936665827011
18.0 4.0 34.487518631419568749
19.0 0.0 34.348166473260171472
19.0 1.0 34.420990162307958826
19.0 2.0 34.543641491042393454
19.0 3.0 34.558134455164896792
19.0 4.0 34.559604504688088866
20.0 0.0 34.421974623519730585
20.0 1.0 34.483719036080834996
20.0 2.0 34.520796777790067722
20.0 3.0 34.572085583303703515
20.0 4.0 34.512857453115003636
21.0 0.0 34.488362727576898692
21.0 1.0 34.487770881032972170
21.0 2.0 34.454496235857284603
21.0 3.0 34.523235773983827812
21.0 4.0 34.472036065137977801
22.0 0.0 34.561750925570756010
22.0 1.0 34.378351962200333958
22.0 2.0 34.490010905505442906
22.0 3.0 34.553559422847598626
22.0 4.0 34.612667825940867772
23.0 0.0 34.479081574938369670
23.0 1.0 34.521742301352503546
23.0 2.0 34.455792225546986174
23.0 3.0 34.455815384977533711
23.0 4.0 34.524251065876683242
24.0 0.0 34.504222300131615953
24.0 1.0 34.486033441215916184
24.0 2.0 34.459448902424917094
24.0 3.0 34.534894587649191067
24.0 4.0 34.564804306123534161
25.0 0.0 34.534590315465763410
25.0 1.0 34.475266638041347278
25.0 2.0 34.483456944050992377
25.0 3.0 34.506660681745273678
25.0 4.0 34.477533748468268016
26.0 0.0 34.518983375873126818
26.0 1.0 34.461914247145941204
26.0 2.0 34.585803363384528097
26.0 3.0 34.370067238728047698
26.0 4.0 34.483798718975052111
27.0 0.0 34.415772623560442867
27.0 1.0 34.478672230103292407
27.0 2.0 34.509041650221618625
27.0 3.0 34.553490065230583639
27.0 4.0 34.567104420808746568
28.0 0.0 34.452014892532218937
28.0 1.0 34.452174234635783989
28.0 2.0 34.537606585856323704
28.0 3.0 34.584929089332611341
28.0 4.0 34.464924244809260756
29.0 0.0 34.390890316393694093
29.0 1.0 34.571596294922713355
29.0 2.0 34.580374605073416205
29.0 3.0 34.483711494437500278
29.0 4.0 34.559050895562222649
30.0 0.0 34.562639581474797978
30.0 1.0 34.475382720100270717
30.0 2.0 34.505860397953767915
30.0 3.0 34.459486278796042313
30.0 4.0 34.504863832803174262
31.0 0.0 34.572095907731160480
31.0 1.0 34.451180578171964441
31.0 2.0 34.521080770466021193
31.0 3.0 34.585677231586871017
31.0 4.0 34.505047846805076972
32.0 0.0 34.457304926283164548
32.0 1.0 34.444061880819546673
32.0 2.0 34.560917615403042191
32.0 3.0 34.500351303341354026
32.0 4.0 34.445401873859097464
33.0 0.0 34.510376642661221069
33.0 1.0 34.488372049678410747
33.0 2.0 34.454580343094249884
33.0 3.0 34.470313503355093587
33.0 4.0 34.548371113059950233
34.0 0.0 34.520925588112397975
34.0 1.0 34.437220139311008893
34.0 2.0 34.544187650879628393
34.0 3.0 34.457650605915766562
34.0 4.0 34.501011460583249857
35.0 0.0 34.527784418098114827
35.0 1.0 34.432734105895960397
35.0 2.0 34.487645254258360694
35.0 3.0 34.536803983395060413
35.0 4.0 34.587304918626323058
36.0 0.0 34.456273498335953320
36.0 1.0 34.472537919242256521
36.0 2.0 34.572284466037444872
36.0 3.0 34.522849439228188828
36.0 4.0 34.583333254032318393
37.0 0.0 34.514914518398406074
37.0 1.0 34.483713031275669891
37.0 2.0 34.541493506270008140
37.0 3.0 34.536836015450063542
37.0 4.0 34.509264604584835467
38.0 0.0 34.474621716773668822
38.0 1.0 34.493024088710946273
38.0 2.0 34.511659253979075856
38.0 3.0 34.525641261068571453
38.0 4.0 34.502412051694768991
39.0 0.0 34.504894965827674014
39.0 1.0 34.613160249190102036
39.0 2.0 34.481818481438629931
39.0 3.0 34.492642473362458588
39.0 4.0 34.501998167152528652
40.0 0.0 34.396909474198864132
40.0 1.0 34.371221890355926121
40.0 2.0 34.567423464018204982
40.0 3.0 34.531554035376892386
40.0 4.0 34.530256689938624959
41.0 0.0 34.499729254702010905
41.0 1.0 34.520929138676827108
41.0 2.0 34.544921213246041702
41.0 3.0 34.476289471541029741
41.0 4.0 34.495033389006515279
42.0 0.0 34.427571126987210448
42.0 1.0 34.471380733205734259
42.0 2.0 34.465129282585614590
42.0 3.0 34.656783087214591887
42.0 4.0 34.514667694801893560
43.0 0.0 34.461840007860025992
43.0 1.0 34.444594729775964481
43.0 2.0 34.562463994040271587
43.0 3.0 34.562589559458189115
43.0 4.0 34.499939642479610313
44.0 0.0 34.480979604848272402
44.0 1.0 34.438118176029142603
44.0 2.0 34.442902626719344994
44.0 3.0 34.465112601126925540
44.0 4.0 34.574758734228659307
45.0 0.0 34.460451354132814572
45.0 1.0 34.531087191829954008
45.0 2.0 34.494693077612289756
45.0 3.0 34.547157296520765613
45.0 4.0 34.533872939326563767
46.0 0.0 34.415560286192373951
46.0 1.0 34.468579784627088713
46.0 2.0 34.471423809009536399
46.0 3.0 34.586045383368556827
46.0 4.0 34.502445458181419724
47.0 0.0 34.381291715871810766
47.0 1.0 34.435792249524340036
47.0 2.0 34.516288621149975313
47.0 3.0 34.558140687205643360
47.0 4.0 34.611701800395465511
48.0 0.0 34.562959669058862744
48.0 1.0 34.408966978267706338
48.0 2.0 34.498088898587432993
48.0 3.0 34.520899458946367133
48.0 4.0 34.513886987696501762
49.0 0.0 34.448576067999397310
49.0 1.0 34.417159587047102320
49.0 2.0 34.490396999593059491
49.0 3.0 34.582765966635300003
49.0 4.0 34.504626793261159889
50.0 0.0 34.436590727766379416
50.0 1.0 34.475250237245035123
50.0 2.0 34.469106611601795009
50.0 3.0 34.493841498622444419
50.0 4.0 34.537025356110085283
51.0 0.0 34.406405533719706114
51.0 1.0 34.466743626294977787
51.0 2.0 34.582698639419170661
51.0 3.0 34.561340763211781280
51.0 4.0 34.604173878163720701
52.0 0.0 34.448615774849862703
52.0 1.0 34.492086154008120502
52.0 2.0 34.494093679681071762
52.0 3.0 34.583274193829367960
52.0 4.0 34.462956253806538598
53.0 0.0 34.443456408074574426
53.0 1.0 34.393609899036590605
53.0 2.0 34.530231032777621181
53.0 3.0 34.562781913314182702
53.0 4.0 34.572399837953547319
54.0 0.0 34.443999715981803433
54.0 1.0 34.478373519288510352
54.0 2.0 34.575114727965953421
54.0 3.0 34.446515552281091743
54.0 4.0 34.600406981485633651
55.0 0.0 34.493631938491482458
55.0 1.0 34.565810761355407976
55.0 2.0 34.500905132858498803
55.0 3.0 34.455810096135039089
55.0 4.0 34.644950297509495840
56.0 0.0 34.497674931782967178
56.0 1.0 34.540992056074038885
56.0 2.0 34.498636951354981761
56.0 3.0 34.406071642652044318
56.0 4.0 34.605551136204596219
57.0 0.0 34.451899451433611432
57.0 1.0 34.435361223145093845
57.0 2.0 34.483721031225456954
57.0 3.0 34.574584781163117952
57.0 4.0 34.464929452126305875
58.0 0.0 34.502307202876998815
58.0 1.0 34.477799476739093620
58.0 2.0 34.502610174576894053
58.0 3.0 34.445521041111945237
58.0 4.0 34.514998133813080017
59.0 0.0 34.559117372244955391
59.0 1.0 34.421351821563071383
59.0 2.0 34.502319433616115418
59.0 3.0 34.492260815867041401
59.0 4.0 34.550719521919013744
60.0 0.0 34.498850024719416751
60.0 1.0 34.469768330754313013
60.0 2.0 34.468110767519853255
60.0 3.0 34.518943580647743374
60.0 4.0 34.523152024028739504
61.0 0.0 34.426476519028653911
61.0 1.0 34.545900992525879758
61.0 2.0 34.567447026260694543
61.0 3.0 34.370022521955746697
61.0 4.0 34.580424186068945858
62.0 0.0 34.455478403698300838
62.0 1.0 34.441178401637344564
62.0 2.0 34.510032195315311299
62.0 3.0 34.658627575453913039
62.0 4.0 34.558647962597184744
63.0 0.0 34.410055061432082368
63.0 1.0 34.367605790220146389
63.0 2.0 34.553024437420724269
63.0 3.0 34.544186627411058055
63.0 4.0 34.602167283093343997
64.0 0.0 34.435538737272459286
64.0 1.0 34.437696636095132874
64.0 2.0 34.623441243859176097
64.0 3.0 34.481225724903509899
64.0 4.0 34.606795620165179628
65.0 0.0 34.367422259386714245
65.0 1.0 34.474414163164134095
65.0 2.0 34.587493063122863646
65.0 3.0 34.512377427563407650
65.0 4.0 34.506008435207903062
66.0 0.0 34.349969704788691161
66.0 1.0 34.519326587363387659
66.0 2.0 34.484444343510489261
66.0 3.0 34.519247475627921062
66.0 4.0 34.644763755849183440
67.0 0.0 34.470134229143688742
67.0 1.0 34.474907356416295556
67.0 2.0 34.488354684558338192
67.0 3.0 34.599037039231689050
67.0 4.0 34.518524564529940335
68.0 0.0 34.494815366215050290
68.0 1.0 34.418265659587575556
68.0 2.0 34.460453290981320151
68.0 3.0 34.584631482873881225
68.0 4.0 34.541658612631501057
69.0 0.0 34.479755071408710876
69.0 1.0 34.509837533560023815
69.0 2.0 34.544063785630719110
69.0 3.0 34.452724055867591346
69.0 4.0 34.523150539176768348
70.0 0.0 34.528358867871759230
70.0 1.0 34.497675239234851574
70.0 2.0 34.515523271284976659
70.0 3.0 34.449497114642724682
70.0 4.0 34.573107055373533569
71.0 0.0 34.518222355479657892
71.0 1.0 34.489451718724595253
71.0 2.0 34.498833006989976013
71.0 3.0 34.546961446861274680
71.0 4.0 34.503202726524321520
72.0 0.0 34.347056073988454727
72.0 1.0 34.423253094061735169
72.0 2.0 34.494360535628949549
72.0 3.0 34.616699741748654162
72.0 4.0 34.581523463194770329
73.0 0.0 34.525025578317524833
73.0 1.0 34.479024865161171931
73.0 2.0 34.427906536364986323
73.0 3.0 34.569803496194623449
73.0 4.0 34.577437599160937509
74.0 0.0 34.358151688176945981
74.0 1.0 34.520932698206749478
74.0 2.0 34.611020228724761694
74.0 3.0 34.428430332249092771
74.0 4.0 34.586012938430137353
75.0 0.0 34.523307261234293719
75.0 1.0 34.418598994049439455
75.0 2.0 34.495521482804932134
75.0 3.0 34.580132451361357937
75.0 4.0 34.546661906859227997
76.0 0.0 34.439973899595791806
76.0 1.0 34.478375667775367219
76.0 2.0 34.451518142392899335
76.0 3.0 34.558772663259198055
76.0 4.0 34.542381326369543615
77.0 0.0 34.488372025621650607
77.0 1.0 34.622633525131988108
77.0 2.0 34.528472078299152770
77.0 3.0 34.422769766659818913
77.0 4.0 34.472464858942664989
78.0 0.0 34.470322885489729003
78.0 1.0 34.460465200359315929
78.0 2.0 34.536327834260191594
78.0 3.0 34.559631298268350008
78.0 4.0 34.476962256708077348
79.0 0.0 34.523267357206634642
79.0 1.0 34.469379126839200467
79.0 2.0 34.453093175151295213
79.0 3.0 34.586045131725811075
79.0 4.0 34.453706502276673973
80.0 0.0 34.435989165479014673
80.0 1.0 34.471152314372403680
80.0 2.0 34.472979324730772532
80.0 3.0 34.560244984906603349
80.0 4.0 34.547175503696877286
81.0 0.0 34.484105279023559376
81.0 1.0 34.547097261949090807
81.0 2.0 34.456223755628066385
81.0 3.0 34.562790854125296391
81.0 4.0 34.563090016343579691
82.0 0.0 34.574649407139553148
82.0 1.0 34.464865116294483016
82.0 2.0 34.517684703755236342
82.0 3.0 34.476840748049042418
82.0 4.0 34.513893087499639023
83.0 0.0 34.520931088358430827
83.0 1.0 34.521036294617466922
83.0 2.0 34.432550896986136024
83.0 3.0 34.601980022143578708
83.0 4.0 34.505271586349699930
84.0 0.0 34.511656369405535827
84.0 1.0 34.408094477475572148
84.0 2.0 34.499986933736401795
84.0 3.0 34.525579505898598143
84.0 4.0 34.560632185044404707
85.0 0.0 34.431174568256366797
85.0 1.0 34.479067650795698796
85.0 2.0 34.566289698841536904
85.0 3.0 34.465114164544118580
85.0 4.0 34.587259154315511012
86.0 0.0 34.472134893921477783
86.0 1.0 34.455815140753927039
86.0 2.0 34.507961189788986189
86.0 3.0 34.524465614015738879
86.0 4.0 34.566021791321702494
87.0 0.0 34.423673057459936331
87.0 1.0 34.451084292621438010
87.0 2.0 34.405096137498837550
87.0 3.0 34.552798741458829568
87.0 4.0 34.596928634438874894
88.0 0.0 34.445704194801045617
88.0 1.0 34.511489024114439417
88.0 2.0 34.568211604328382691
88.0 3.0 34.502947581894908069
88.0 4.0 34.551784628471835958
89.0 0.0 34.520906996730310823
89.0 1.0 34.413951238292177948
89.0 2.0 34.511625411517002249
89.0 3.0 34.590700452974232348
89.0 4.0 34.524607651083215387
90.0 0.0 34.441881372017363105
90.0 1.0 34.455813809291527150
90.0 2.0 34.498495849388412182
90.0 3.0 34.531899093210469687
90.0 4.0 34.510329652513405563
91.0 0.0 34.516350821713110975
91.0 1.0 34.469776792448875824
91.0 2.0 34.429463685977836462
91.0 3.0 34.486008546226322835
91.0 4.0 34.550936334896668711
92.0 0.0 34.473445356402628192
92.0 1.0 34.404267818853412564
92.0 2.0 34.533191901991550310
92.0 3.0 34.604620590889268783
92.0 4.0 34.474505594298506139
93.0 0.0 34.446508165447482952
93.0 1.0 34.441865550766195270
93.0 2.0 34.535443341906365333
93.0 3.0 34.564986363451772888
93.0 4.0 34.465158565410504821
94.0 0.0 34.551215786072148717
94.0 1.0 34.500632434925698533
94.0 2.0 34.516107340524719405
94.0 3.0 34.423254451566165812
94.0 4.0 34.494511814357245783
95.0 0.0 34.397064784990618591
95.0 1.0 34.507598440231362247
95.0 2.0 34.515637671100542150
95.0 3.0 34.525578815878731120
95.0 4.0 34.543852787581663222
96.0 0.0 34.486436496562724585
96.0 1.0 34.427928122790881105
96.0 2.0 34.477654922579006325
96.0 3.0 34.572054534194059272
96.0 4.0 34.508885464501915408
97.0 0.0 34.454905607946187729
97.0 1.0 34.546660953705270458
97.0 2.0 34.566454554019585999
97.0 3.0 34.491117366850943426
97.0 4.0 34.578701741118941015
98.0 0.0 34.517732358789089631
98.0 1.0 34.450548122706855736
98.0 2.0 34.493552292249262337
98.0 3.0 34.539535070620871693
98.0 4.0 34.572626786664088172
99.0 0.0 34.462047733627805712
99.0 1.0 34.400321585103462496
99.0 2.0 34.516275914280448944
99.0 3.0 34.520930988096928616
99.0 4.0 34.555562128326968718
