-2.370812148738345073e-05 -2.361662380601812770e-05
4.865038169780864785e-01 -1.104341650703472233e+00
5.599992795691125652e-02 5.214323567585073260e-02
-4.346429049087626990e-05 -4.744265188367421520e-05
-5.325552499839979247e-05 -1.177308967748515476e-04
-2.498665726559946075e-05 -1.613255469586151637e-05
5.072103554121613067e-01 -5.619292787816879686e-01
2.351941207100619602e-01 -1.257005697160138158e-01
-8.093925054129206403e-05 -1.050942473001095697e-04
-1.898478954055813905e-01 -4.393953003073463037e-01
1.786143204335736145e-01 -4.476274923182085863e-01
5.327869393159024180e-06 -2.977314975591127932e-05
-8.917370623833068303e-05 -1.026302789995835662e-04
3.207192583196549762e-01 -4.948759420396575126e-01
-5.157822041854638411e-05 -6.495184996283777845e-05
5.448127563723502709e-01 -5.935130555158280030e-01
-1.114015500574608015e-04 -1.332159719564749443e-04
5.064141807996865863e-01 -2.687897544235197111e-01
-3.773462840453891132e-01 -1.077295088561307651e-01
-1.616326945386221172e-05 -6.490123686826089369e-05
-2.603422839014380119e-05 -1.490512782085797155e-04
-8.612986687587338621e-06 -4.401606546497100251e-05
1.632528150230367595e-05 -9.124293832700129168e-06
-1.260981241515692856e-04 -8.670929434226543140e-05
1.602975453397769978e-01 -3.403733154756810597e-01
-1.903796837975915312e-06 2.836687853651117898e-07
-7.095082660044078155e-05 -6.796154369314338548e-05
3.920107010395135760e-01 -4.782175097826572019e-01
-2.944313884480390805e-06 -1.922353445549321203e-06
2.362531944965562125e-01 -1.117497327955727426e+00
-4.213369375896740639e-05 -1.010451351034551896e-04
2.996054452108221078e-01 -6.123330051087569892e-01
1.206961276029727553e-01 -4.095785611248122238e-01
-7.656193324240922842e-05 -1.093928161895768472e-04
1.401479258038158986e-05 4.317725607311750734e-05
8.770264860838332399e-02 -6.613809196394860868e-01
4.771038675512476130e-05 1.829107355182779722e-05
-9.733156642118162593e-05 -7.577636024536354292e-05
-1.019891114030042689e-04 -9.499196599424969141e-05
6.357716033899327712e-01 -6.138773545396759568e-01
-1.432528248065297603e-04 -1.480998246875646633e-04
-7.061664729956280311e-05 -1.208360579774256962e-04
6.638974516881162885e-05 2.300904708283387065e-05
3.817014275740197582e-01 -4.882787241017872981e-01
-3.003806422042388374e-03 -2.093818107241040560e-01
-8.154800005659775138e-05 -4.941945792213893088e-05
2.165920348540200102e-01 -7.325152734960781453e-01
2.102905491692588502e-01 -2.385083570788797125e-01
-1.531409372220649513e-05 -1.452144402913355722e-04
-1.712695171890508866e-05 3.196599908737750140e-06
1.605800532739807646e-05 1.937014334658407978e-05
-9.896457437900296099e-05 -1.607014702008984180e-04
6.179048742961144036e-01 -5.271866074606468278e-01
-3.176702010363641638e-05 9.801686302995062301e-06
-9.883341744712623080e-05 -1.737310590778476697e-04
-9.331718511532167287e-05 -1.005299594684099814e-04
4.454965205573135277e-05 4.580914841365427202e-05
-1.375137614888904676e-04 -1.472760139122033434e-04
4.656874003672524243e-01 -4.378391254648535402e-01
3.721529661391997368e-01 -6.842763527730180151e-01
-8.445018530247992315e-06 -2.487296475457198141e-05
2.414523055965936971e-01 -3.140223711736056522e-01
2.755530365324335151e-01 -2.124678688403096316e-01
-1.139093952494801143e-04 -1.432417618577248625e-04
-7.426970192646178222e-05 -1.253831180890809828e-04
-5.451483616397702055e-05 -4.349564857824313039e-05
2.074505244798738324e-01 -7.303324620804411138e-01
1.496105075058528910e-01 -1.533968000732098824e-01
-7.230977235652495650e-05 -3.112994210425268956e-05
6.062263186999259368e-01 -9.093633949646497960e-01
-4.002632731948536637e-01 -4.524919433970590876e-02
-1.078743319265573975e-04 -5.911780028075452360e-05
-9.860477184213443935e-02 -6.418357828350813588e-01
7.599475746069979110e-01 -1.003739541575094263e+00
4.118734457933906357e-01 -2.517541359126015607e-02
-1.679781381559887618e-04 -1.803318099332836000e-04
1.516102365293085535e-05 -1.299120886580739571e-05
-4.000451691216446834e-06 -8.819038492642941596e-05
1.990176775581922186e-01 -6.772504644836335741e-01
5.806305779300510538e-05 7.363363059962783159e-05
-5.474016118960047981e-05 -9.203060827695266324e-05
-5.608280638135419661e-05 -1.120840319443511962e-04
4.173751197078171549e-01 -7.091661164486270374e-01
-5.751503836573099715e-01 4.853413494655360871e-01
4.096245229862583437e-01 -4.738995574599764726e-01
3.151682417678672299e-01 -3.464694830457013541e-01
3.281611604857254116e-01 -3.896721294250196643e-01
-5.422060544628484893e-05 -1.127807209612671823e-04
-3.064853188746206143e-05 -8.668579431055022338e-05
-5.141385449937715402e-01 9.857692261839559947e-03
-5.422849651778207237e-05 -7.751839483607264917e-05
-3.474467143162450364e-05 -5.291298202871709745e-05
-8.082391603682503612e-06 -9.846109021540952911e-05
-3.570143540031396352e-05 -5.974204381565670818e-05
-1.857424133853212791e-05 -5.339015291695756811e-05
2.982353593103260758e-01 -5.767986133196350007e-01
-1.200721547815492840e-01 1.728673451878959266e-01
1.409735090560971515e-01 -2.538675543858524009e-01
1.844440434320807065e-01 -5.072034074595193065e-01
-1.054082636941699926e-04 -1.505289927361799969e-04
-1.571248290327635492e-05 -2.586193869851454379e-05
-6.577654853037022962e-05 -1.279582386940712464e-04
-8.206670337111597266e-05 -7.508846101782052740e-05
-4.011789030986191484e-05 -1.051310494394377937e-04
4.133811698124634781e-01 -2.520538421810304408e-01
-1.609644215989533523e-04 -4.948903327430818726e-03
-4.712357632005785514e-05 -6.609196471535285118e-05
3.128476929009666452e-01 -1.309408549653376108e-01
-5.690676739223351918e-05 -5.328280559138575708e-05
-8.485023615229815835e-05 -1.746132598699440079e-04
-2.729535297757415324e-05 -4.686560128754944736e-05
-9.736590366534142275e-05 -1.120321589898816856e-04
5.093828622070157852e-01 -8.825723039325976682e-01
-3.709527785833282838e-05 -7.084501977883055448e-05
3.447363153905127250e-05 2.587880423085798062e-05
-5.190895174654858168e-02 -3.486204025402259155e-01
-6.188996204668120032e-02 -3.158940012014782028e-01
-3.805063753325503914e-05 -6.631542758112469972e-05
3.804919810360479770e-01 -3.562631317650807872e-01
-3.319531361710486374e-05 -8.285751970375860773e-05
-5.289187520448555688e-05 -7.922820508594038481e-05
-3.339619677271647832e-05 -9.580072984945375229e-05
-5.386088909115274709e-05 -3.692666949126381730e-05
2.573282619058959164e-01 -5.301322246909780933e-01
2.652973438220475599e-01 -3.812794467115926955e-01
3.161251821495650316e-01 -2.975004734615270818e-01
-8.772530087980320032e-05 -6.182536725375427508e-05
1.172832047317525244e-06 -5.436531966772659385e-05
-1.437201789552507505e-04 -1.643201271926046734e-04
4.706691644292089749e-01 -4.770497940426718930e-01
-7.575828129403555200e-05 -9.694196780973341528e-05
2.917593513788449078e-05 4.446041026128919255e-05
2.417158530859559590e-02 -3.518844182177022217e-01
3.391004190157405063e-01 -6.991115562580484388e-01
1.288783447106993107e-01 -6.061865763317343392e-01
1.775739108137375788e-01 -4.306302144656765085e-01
-2.453030985150071659e-05 -6.748386474468502718e-06
-7.710680922670955727e-05 -1.745735490766402718e-04
2.515960482144463661e-01 -5.754762696005259054e-02
-6.605491952414844863e-05 -1.114576166992161489e-04
1.959976383728340432e-01 -6.024789496296422131e-01
6.566990664309150239e-01 -5.156609246783787626e-01
-3.208141751960856070e-05 2.294125963501565852e-05
-8.698335703697962929e-05 -1.769315279280654575e-04
-7.350724248925975042e-05 -5.406022221390687621e-05
-9.860062946559864782e-05 -1.582958659974179560e-04
-4.422859745378961122e-05 -3.754872910074478533e-05
-6.728006848636598519e-05 -8.919828067703124066e-05
3.220675563729627489e-01 -2.702189677858294337e-01
1.113891589124915848e-05 -4.699841881381735972e-05
-4.496939009696927650e-05 -9.266068457953375063e-05
5.505797123558944239e-01 -6.593874252817275572e-01
3.693355010609302158e-01 -4.113387929339553661e-01
-1.099470542377146168e-04 -1.095703763506671795e-04
-5.730667155483880706e-05 -3.202002245675438045e-05
-2.652495053019313882e-05 -4.077403705178029040e-05
3.636859768196371578e-01 -6.795283377868133190e-01
-3.970882948172577143e-05 -5.697105900285508574e-05
4.335429809594102957e-01 -9.267081844599975859e-01
-4.542557008280468614e-05 2.189460003324686605e-06
1.893809043007607940e-01 -3.892218256463105819e-01
-1.754119211296885361e-01 -7.863083155745856367e-02
-3.062407950601440590e-05 -4.665294588591994350e-05
-4.815026577713925419e-05 -1.182157653615868980e-04
2.258842170249857340e-01 -4.858347776056733958e-01
1.259888470743165846e-05 4.371071821423407755e-06
-3.173381493199632441e-05 -1.173632830313913681e-04
3.222136429880315678e-01 -1.248809643556093862e-01
-1.731721250831582152e-04 -1.534918662747887302e-04
-2.357972256992286249e-06 -8.047848110295353441e-05
-1.583506194101350946e-05 -2.321760820699606646e-05
-4.333586173534776992e-05 -1.114121799558405901e-04
-4.677996758337269113e-05 -9.260605651250031429e-05
4.931949469090313176e-01 -4.066462399096429370e-01
-9.996777692948052168e-05 -8.996526405931535805e-05
-1.091071833913925099e-04 -1.723058393191617904e-04
3.528407444841830665e-01 -5.318688299576032064e-01
-4.197868309266900289e-06 -3.583197864562277343e-07
-3.640039778670112747e-01 2.056748542841079219e-01
4.905997793385363237e-01 -7.277967006674791461e-01
4.039812304353867511e-01 -4.621528678803396017e-01
5.537898057695211929e-01 -6.048201604951406463e-01
-1.859762449319388722e-01 -7.897884952635610134e-02
-7.296203150160169854e-05 -9.293674823192392160e-05
-1.028778928573239210e-04 -9.443484981800834678e-05
4.757515384266208791e-01 -5.127744440216380761e-01
1.654285337464611871e-01 -1.132260079549958082e-01
-6.376673028383955742e-05 -7.485876096639874737e-05
-7.636519264131149060e-05 -1.095407742529046398e-04
-6.234671321765224389e-05 -9.886512872152780412e-05
5.588640425135688316e-05 -1.186679062250030563e-05
-1.375213443706132296e-04 -1.834842182894786495e-04
-3.471239111134406515e-05 -5.309037253822119340e-05
-1.662387133929495010e-05 -2.340430922497856118e-05
1.418862533424898598e-01 -3.818437067607690638e-01
-8.630838370852736863e-05 -1.173331340047692185e-04
-8.215728098666304777e-05 -9.500822662040739905e-05
4.319144634834749530e-01 -2.694897726191634590e-01
3.349807325267104563e-01 -2.390010781102490101e-01
-8.825363095704757889e-05 -1.100338373528124766e-04
-4.334228125326368614e-05 -7.818330859081184625e-05
8.576935619584658273e-06 -1.459709164129788373e-05
1.399089826482146082e-01 -3.931931455569682710e-01
4.166481106315951810e-01 -7.834312026697022313e-01
-8.384524296061929608e-05 -7.048938254307249122e-05
2.794522657287508409e-06 4.619737025961704110e-07
-7.677359798489855535e-05 -7.076175992526316050e-05
5.420162851357032130e-01 -7.325460893253671335e-01
-2.310063737349316577e-05 -3.672081178412168854e-05
-6.987437911450704233e-05 -1.355615520355353651e-04
-9.812835273556164202e-06 -6.876954868009578828e-05
-1.227923248319937915e-05 -1.473291596607370494e-04
-1.059240227228363935e-05 3.680210224370499586e-06
-6.226863524133750827e-02 -1.450054990911147923e-01
-7.648659803637856925e-05 -7.709532607918899308e-05
-7.412344072137964674e-05 -1.111352845713920845e-04
-3.630710842483869660e-02 -5.241797372620757844e-01
2.441120451472037888e-05 -4.318922353981194178e-05
-2.361164648126900132e-05 -9.272122043714207322e-05
3.287981273719500117e-06 2.766111276662200350e-05
-1.022281441087946176e-05 -4.285933219943755202e-05
-8.043414141641873230e-05 -6.839158167222715188e-05
-4.958751583218284036e-05 -4.345674104715523795e-05
-3.295182028236317624e-05 -1.428790656290084384e-04
3.392213288443419739e-01 -3.681181289683265190e-01
-1.920306566710362863e-06 -5.449362163575925422e-05
-1.049843246804168124e-04 -8.701810497772448350e-05
-7.380731822025753802e-05 -1.355639686143184216e-04
3.053793336404300729e-01 -4.887266624432073936e-01
1.831858583937841220e-05 1.177049973513939091e-05
-1.019200287282437422e-04 -1.009210631114594093e-04
-1.100447184121086470e-05 -7.170839772104535938e-05
-1.095422482846492447e-04 -1.584671212630200780e-04
8.514798498756190825e-05 4.262267552515281685e-05
-2.247973949803676972e-05 -5.076489895222022301e-05
-6.706165669899657382e-05 -1.317682510428413165e-04
7.929100592061673629e-05 3.566725449383030219e-05
-4.040873352938986795e-05 -5.348890949181711092e-05
3.124381964648984336e-02 -3.451215273019088703e-01
-8.713887977530557661e-05 -1.210773522420267856e-04
-1.179526149485917211e-04 -2.085478996014946502e-04
6.157639355224803213e-01 -6.987765755944946866e-01
-5.522803851670769759e-02 -2.338170920688451559e-01
-4.604882287271724328e-01 1.379537436406565454e-01
5.586930480583403872e-05 2.787580089493570465e-05
-2.653825454791411463e-05 -9.496345472038931817e-05
-2.631368424159247335e-05 -1.926209993584095047e-05
-4.976090834877717486e-05 -5.766255963478829024e-05
1.297846822138798867e-05 -1.955686476775284595e-05
-2.730745616965766023e-02 -4.654707951890901807e-01
4.945386587597170105e-05 4.598607283340614560e-05
-5.481840947589203912e-05 -1.302118949463067091e-04
-3.067710159939540529e-05 -9.288200528429182610e-05
-2.294755427682255205e-05 -5.729341793750448979e-06
-8.709067976559164287e-05 -1.546833653412085351e-04
-5.981408048412853765e-05 -4.105865232609697392e-05
2.276470082782333371e-01 -1.306246951148524738e-01
3.477838506072043478e-01 -6.086578573991916485e-01
-3.038582898578961862e-05 -1.100050707176716559e-04
-8.235681970837024121e-05 -9.564339000581974562e-05
-5.935459127431954608e-05 -1.247559557296359152e-04
-9.304059890695349393e-05 -7.662268963081126424e-05
-5.994245932073096210e-05 -8.241407340314368501e-05
1.745924012813004078e-01 -1.725286261972386326e-01
5.440567580336667097e-01 -4.489207980507853302e-01
-5.193970637240842651e-05 -7.308542593565767079e-05
-1.255960634688507618e-04 -1.351941132090824285e-04
4.911203005291926438e-01 -3.295803084185143228e-01
-1.573250830552582841e-05 1.986037123904842657e-05
5.350045675319006211e-01 -9.438803113847905601e-01
-3.454259868395892497e-02 -7.059182267473548822e-02
4.369301926349282161e-01 -1.050047128744122205e+00
-2.566504811031856078e-05 -6.100420098330230792e-05
-1.423432054979242995e-05 -6.065140065305932597e-05
-2.184409106073916529e-01 3.592998296630534605e-01
3.441829682775726651e-01 -4.776270403465913139e-01
-1.029453700871027499e-01 -6.889979767840884728e-01
-6.658991107159496618e-05 -8.806423612931156802e-05
-6.192097433606919986e-05 -1.897864844273753111e-05
8.424617158562796866e-05 4.750914499835886211e-05
1.738296504036582479e-01 -3.092991912963414247e-01
2.542553715917540980e-01 -4.443827467335597636e-01
5.180022488398755565e-01 -5.993528372889211919e-01
-3.140106968682868143e-05 -3.609453416642992367e-05
-1.545493710350903205e-04 -1.388662952905459164e-04
-3.804829935193185936e-05 -2.423122055788304890e-05
1.766735198956620179e-01 -9.526506018637645457e-02
-1.027284313755531266e-04 -9.843512406901592723e-05
-1.583752639815552777e-05 -1.272614137702793920e-04
2.430173596625272714e-01 -5.264140032653944479e-01
3.832721631590761957e-01 -5.569353182889951182e-01
3.243514655234456256e-01 -3.262249368256431858e-01
3.109877913540102234e-01 -4.250369652380763252e-01
-1.294947377936570237e-04 -9.798981858171204411e-05
-7.360996465431833178e-05 -8.532575584223678149e-05
-7.168172072472486236e-05 -1.421739323847059781e-04
-2.954895280712943503e-05 -9.944769628177997959e-05
-9.864254277074995740e-05 -6.843381258764194965e-05
4.844599608992756212e-01 -6.064895748641785378e-01
1.953237602949579521e-05 3.903612040328334872e-05
-3.552091785637202814e-05 -1.126531264252522729e-04
-6.983724036275251756e-05 -3.997380646721580778e-05
-5.949835151507079314e-05 -7.694789560721113531e-05
3.709970840464091313e-01 -5.129598280103575547e-01
2.244479451267290537e-01 -3.278343815561742813e-01
-8.443364590096049305e-05 -1.013308777285269659e-04
-5.218285377895422877e-05 -3.561131802515898420e-05
3.192053956605660492e-01 -5.000004043727637182e-01
2.163757493159176593e-01 -2.952044123193368619e-01
-3.087850331300744002e-05 -1.049093245361366064e-04
-4.779138115999570702e-05 -1.123544751780131639e-04
-1.167205841855231130e-01 -3.342888801187538506e-01
-5.058128766675090281e-05 -5.881798477099213772e-05
-3.983849601690722881e-05 -9.351936813973817314e-05
3.621590778512717712e-01 -1.835636233208173262e-01
4.237336063192728708e-01 -4.476860319912263630e-01
4.266780777205311385e-05 3.499120912617410502e-05
1.606050998395933127e-01 -5.808276237060315816e-01
-9.853580938258103556e-05 -1.472050174264564072e-04
-8.710647765040047661e-05 -8.721384054152847619e-05
-9.390317128047137205e-05 -1.221929888797433346e-04
8.404548784059590820e-05 8.784840485318708375e-05
4.853469204611146059e-01 -8.583773740678645181e-01
1.480495784088197431e-01 -5.242936313303080409e-01
-8.801517148097913240e-05 -7.675678129013375301e-05
-1.749386517945831886e-05 -7.641864009898248456e-05
-5.004454894349880860e-05 -4.752990157939224349e-05
-8.042883521351534284e-05 -1.061851862796890758e-04
-3.020943147560592323e-06 -2.427095651403707359e-05
3.967247303051426588e-01 -5.998269870483301514e-01
-1.370529379179469820e-01 -3.379136515212905617e-02
-8.424897313300131537e-05 -1.437737828471515858e-04
3.155763190031158905e-01 -2.944954417422111503e-01
5.991281440685020804e-02 -4.147532791455310619e-01
-1.215907882323643413e-05 -6.159741337037505263e-05
1.929163492294488913e-01 -4.877265973828132650e-01
2.510770141365246122e-01 -3.098056365795459621e-01
3.788788427169526035e-05 2.158701339529633167e-05
1.436279460502521421e-01 -6.657195967146732896e-01
-1.414483241993234658e-04 -1.302113976841202307e-04
-9.963533437302045978e-05 -1.700858309211365793e-04
8.985367779461564863e-06 -4.996451124658004168e-05
1.597934931364827782e-01 -2.335103391361203207e-01
-3.473726768976265943e-05 -4.057289528021783715e-05
3.007680879132330724e-03 -2.420715661308104893e-01
5.370276686002282973e-02 -3.970950323293535589e-01
-6.251397671990862215e-05 -9.617735155323783923e-05
1.383511440052311869e-06 -4.494077897200063912e-05
3.956893296657260046e-05 1.212280657651173531e-05
-8.395793901603128230e-05 -1.273601621096768382e-04
-4.637399384184693826e-05 -1.187259650266262492e-04
-9.282337980591396211e-05 -7.848728206917327151e-05
2.721846943484306780e-01 -3.638593056766360467e-01
1.996282743877120210e-08 -4.389187420263963700e-05
-2.222057968277237557e-05 -4.964004681296395219e-05
5.525691330927493677e-02 -3.557519912386017391e-01
-1.864009733988179610e-04 -1.629798087117422932e-04
2.917989429444810545e-01 -7.295326213023317630e-01
4.210215320783143866e-01 -4.354879428593462221e-01
7.016077271147513363e-05 6.514551726241314634e-05
-3.390828388270307209e-05 -7.391257219096330469e-05
3.017785704651798628e-01 -4.643053579004466913e-01
-3.150476057584511116e-05 -7.494899547181619963e-05
-1.885703297849693647e-05 -3.204661337580736625e-06
3.964706091469534510e-02 -6.212413885339045372e-01
-1.704686297914514981e-01 1.296484933470555823e-01
1.308261239577637353e-05 5.677043402519353723e-06
-8.787954528893779957e-05 -1.505174025396629751e-04
-4.194421784635455231e-05 -1.089131289739178008e-04
3.436940477785690451e-01 -6.014707843832113321e-01
-4.297518711716612303e-05 -7.117004363033808273e-05
6.403040490090002868e-01 -4.241908772764534374e-01
-8.641031522283212473e-05 -6.468104422187800364e-05
-4.724953194580529692e-05 -1.028328883702031999e-04
-3.586401597735470320e-02 -2.831093978698197566e-01
5.567674774362530998e-01 -7.156961857745328670e-01
-3.518469023378474891e-01 1.373478897871040494e-01
-6.877976383678829431e-05 -8.532855969780559239e-05
-1.637306276584632813e-06 2.030658313179949196e-05
4.089243562823982048e-01 -1.056309783406966574e+00
-4.274335833008687592e-05 -4.956213390384634859e-05
2.282021877045661284e-01 -1.021628726446157653e+00
-2.291944537101404703e-05 -5.488684666944116187e-06
-4.091291311645711806e-05 -8.346204069421628844e-05
3.767994627464948953e-01 -2.145091604841725397e-01
-1.033013983359409443e-01 -3.853759029229358868e-01
-9.437733536128753211e-06 -4.869503910213778116e-05
-4.731378920424633949e-05 -4.739385849164443011e-05
-3.626912246747446554e-06 -3.448630406129845954e-05
2.321578629190702292e-01 -5.402312892912988218e-01
-1.592779106767642909e-04 -1.053184256743012787e-04
4.424306068340346232e-01 -1.060763827422937400e+00
2.618348865525381153e-01 -3.101808854204308186e-01
2.152171551671280372e-05 -2.568506627846664126e-05
3.324555396640146217e-05 2.369294081996868777e-06
2.919468986731064167e-05 1.725545920013970836e-05
3.434553245867709437e-02 -1.231077728093529083e-01
2.168780228683978295e-01 -4.969093418372888538e-01
-5.510195781842039555e-05 -1.145735937496675987e-04
-9.903636306079474433e-05 -1.533283852832235039e-04
-3.071145132110807434e-05 -3.205670523796637258e-05
2.396694235990437238e-01 -5.134675588136202729e-01
-2.266623814945679105e-01 1.818203018535962390e-01
6.679448118547856028e-01 -7.504590672448659960e-01
-1.256996030704215670e-04 -1.603770387046073761e-04
3.344825268527231721e-01 -5.012514213275052199e-01
-5.352336803587722804e-05 -7.100178680199713732e-05
-2.924815811912362783e-05 -4.733089207483191438e-05
1.911223342319669505e-01 -5.586997717213894044e-01
-5.222357562952502792e-05 -6.288454526395513837e-05
2.654031281942819447e-05 1.233611506449140950e-05
-2.669652220166856445e-05 -5.764696276518673689e-05
-5.109073580715227560e-05 -9.861755727116486368e-05
-8.106941712107741693e-05 -1.364817594024664575e-04
1.700489776477106807e-01 -3.640726318340492540e-01
4.406328096897480449e-06 -8.250474239790092125e-05
-3.211942480204876991e-06 2.326099918413933199e-05
1.849951708017267549e-01 -3.992365666047456019e-01
3.475443559217229472e-01 -9.362198436955430081e-01
-9.034362715936283936e-05 -5.498684430407661572e-05
3.895713187199738581e-01 -4.263429918397449447e-01
-1.848865795009578816e-01 7.561766487608999332e-02
-3.723174735573974310e-05 -4.930306845759049975e-05
-6.522611467250562396e-05 -1.888750673946590776e-04
-5.006122677778945953e-05 -5.366557629041328700e-05
-2.017981818607677254e-05 -2.552020814569218966e-05
-5.655442031369472503e-05 -1.233041181072597008e-04
1.102608285933096843e-01 -4.794142839518407695e-01
3.802581788643260099e-05 1.186033073419020598e-05
-6.632451879173473426e-05 -1.089782300328006546e-04
-6.265614044350611316e-05 -9.745296718284852792e-05
4.888914868135028069e-01 -1.057062997787585168e+00
-6.135004750542767909e-05 -6.406913141210446414e-05
-1.643156962645145848e-05 -2.445461474013863572e-05
2.895258048355508698e-05 1.034105821568227288e-05
-3.050183936519798748e-05 -4.289412507008989088e-05
-2.056922617378022270e-06 -1.485190903146286654e-05
-9.144705858454835255e-05 -1.270933451948053007e-04
3.566973317285460632e-01 -2.002234933148712148e-01
-7.441128048933564536e-05 -1.573649487560871548e-04
4.237612939146453428e-01 -9.166031116822216385e-01
-3.563963024795822193e-02 -1.689250738752964831e-01
-5.662983501108324338e-05 -8.868126481383419122e-05
-7.602988799717458519e-05 -5.113640382612839305e-05
3.430688135698603536e-01 -3.103062233583642193e-01
2.046484206713571341e-01 -4.184517205235571691e-01
-1.878445786306286809e-05 -8.791697526525938256e-05
2.135909085981672062e-01 -3.725510965759859516e-01
-2.252414848284469890e-05 -4.778268687393339310e-05
-1.028986579455265960e-04 -8.049303677026870441e-05
-2.765001165878037126e-01 2.234327867585172434e-01
5.360641830296763999e-01 -8.451778152714539694e-01
-3.983150763619630825e-05 -1.026665113360159106e-04
-5.929859375968168109e-05 -1.009337160634681544e-04
-1.985093619930934118e-05 -3.513836376502195793e-05
-6.324034095002600016e-06 -3.749671999997058867e-05
-2.193540824838227310e-05 -4.031183581661193337e-05
-2.362446576095651198e-05 -7.099581495056833951e-05
-1.669194900343414932e-04 -1.216516409688862078e-04
7.568230061618168580e-01 -7.310436301660814262e-01
-6.029093334751304683e-05 -8.062377416474273220e-05
4.934237013724637138e-06 -3.244525941956767417e-05
-3.061643106591419841e-05 -4.943610602229968966e-05
-7.376307319688615231e-05 -1.398560062254234943e-04
2.975218444512840454e-01 -3.448550423631637774e-01
8.228904634761691206e-02 -4.843767256052713410e-01
1.562668705926186230e-01 -3.153074302339179957e-01
-3.278603503590815584e-05 -6.111064216707104066e-05
3.512631110112501842e-01 -3.070573194185262644e-01
-1.051620360449554526e-04 -1.195204260969479076e-04
-4.319932948555058923e-05 -2.914992522530147567e-05
2.693976267898559596e-01 -4.634508687718937869e-01
-7.676591403026914384e-05 -1.712734595356896639e-04
-2.496173626613622435e-05 -3.414339618313851630e-05
1.208467633035699013e-01 -2.543402419929096658e-01
-6.192795465632186796e-05 -5.046992073057853179e-05
-1.815377690753000538e-05 -7.893060156102587807e-05
-4.952902244090868903e-05 -1.153827724189271603e-04
4.268625364735658123e-01 -3.774046044395649724e-01
-6.137902503739543878e-05 -7.307499870723712060e-05
4.693535977478462302e-03 -2.344902624845544015e-01
-2.957073008329316787e-05 -7.661156548490419824e-05
7.796687277978265183e-06 -1.251089675460735123e-05
-2.735467423562723874e-05 -9.656604746017683069e-05
-7.821449640793962284e-05 -1.085985554206259475e-04
1.220926170739527157e-05 -3.527861854277141514e-05
-8.280712469223901889e-05 -4.894577487873178352e-05
4.227440573908762822e-01 -6.347255413938890367e-01
4.930760446873524994e-02 -3.647854336875809844e-01
6.281096967002096354e-02 -4.929775097354023861e-01
1.115493831752209851e-06 -3.217590604410809667e-05
-4.718667610990603608e-05 -5.659000821440146801e-05
5.056243516945150285e-01 -5.947825255900560659e-01
-7.547692063357219153e-05 -1.215988235719083941e-04
-6.810773117364405467e-05 -5.913818453823635132e-05
-4.537947358344591732e-05 -1.249861269841679172e-04
-6.422119872636646541e-05 -7.288857214664424134e-05
6.426732415540628018e-01 -8.128353804119693438e-01
4.231394009582917172e-05 3.012729376417559436e-05
-1.092724058810999767e-04 -6.575992662045123218e-05
