6.705511452022235863e-01 -5.211055362489207532e-01
1.240750305776445295e+00 -5.894502468851455790e-01
2.202001993395876552e-04 1.003173094903690103e-04
9.320539310198664440e-01 -4.478556147979315116e-01
1.730680062393835390e-04 9.638572985441482628e-05
1.325406575346876697e-04 5.949542808056964134e-05
1.369496475851550757e-04 7.256331512197044522e-05
1.198075839219078231e+00 -8.781543790343528944e-01
1.409114710592165753e+00 -7.933109659497158406e-01
5.960494293703862967e-01 8.574863873125698754e-02
6.473696447579809776e-01 -6.251413856844176276e-02
1.046866220872857411e+00 -6.424859183929159112e-01
1.227002905618847617e+00 -6.738521225743695497e-01
1.346871992336391146e-04 1.091463649290923987e-04
1.220318634703122518e+00 -6.923530014956450485e-01
1.347861611596880449e+00 -1.009697996327504788e+00
1.545180035773800916e-04 1.163535241508490011e-04
1.179277573242126564e+00 -2.975100114140943330e-01
1.030906638103430639e+00 -3.153939147316003888e-01
1.070355299220563161e+00 -8.523931851248395253e-01
2.084840759487100131e-04 7.551285870465541472e-05
1.196896594721729601e+00 -7.120383278136601657e-01
1.269297994229505511e+00 -7.765105343864342480e-01
1.215603318144458826e-04 1.143601728248133485e-04
1.476119916105945193e-04 6.063585372861706840e-05
8.297847682362389696e-05 2.728127869578457476e-05
1.586414361141677221e+00 -1.144869459912469134e+00
1.909474205123220527e-04 8.898837717651019439e-05
6.279336186377768581e-01 -1.846284468059968681e-02
1.397057593772210759e-04 8.436492266034564846e-05
9.485705199844954305e-02 3.613796543635461322e-02
1.644830358916316015e-01 1.012745646738363869e-01
1.246221264057567835e+00 -7.879781210648327816e-01
1.091357112659179007e+00 -6.752470908688660289e-01
1.231319751750955760e+00 -7.178853229120307766e-01
1.263540375796623039e+00 -9.798431867232050285e-01
1.695476756640415972e-04 6.469234770239618211e-05
1.320400114071820460e-04 4.981942451219402500e-05
1.655505437543167147e-01 8.955528021455909371e-02
1.282703176850711105e-04 5.832727123830059739e-05
1.398773080406270630e-01 6.358631881071334646e-02
1.810387741169564198e-04 1.329672880313183085e-04
1.251505604534329367e-04 2.124858172738060201e-05
1.154199210885792023e-04 -8.019047638033373964e-06
1.688154081649330342e-04 7.025572026430646031e-05
1.623625922070608032e-04 4.864252640312381493e-05
1.140704631590071516e-01 4.027868984020999826e-02
1.310208405408381793e+00 -9.067513005384156832e-01
1.300668871698969047e-02 5.333972007064723998e-03
1.915749669601138328e-04 1.237056052450949775e-04
1.610915185905984037e+00 -7.621958753070555703e-01
1.461209091524900982e-04 7.586774138715886935e-05
1.180860635347740476e-04 6.187794846948805238e-05
8.713535421320597329e-01 -3.656266923664453494e-01
1.299939426404070231e+00 -8.616025980390004113e-01
1.809868008697358764e-04 7.285248952157927780e-05
5.685110060183956593e-01 -2.038819302934832909e-03
5.040281341871974963e-01 -6.293105762011116933e-02
1.748411286753596082e-04 1.249280245490734748e-04
1.042445505308194464e+00 -9.477893258425875711e-01
1.404834337737872252e+00 -7.362955541170839169e-01
1.169874465697691836e-04 1.043600590478818967e-04
1.462293504999995442e+00 -8.053518569682452943e-01
1.141769237831600448e+00 -8.532791747946738559e-01
1.550316121945173023e-04 8.305249279763467988e-05
1.262570574904388065e+00 -7.237022510605448655e-01
7.514620758806624945e-01 6.459187565657747987e-02
1.104406061674431783e+00 -7.760171562365025810e-01
1.355328812228994773e-04 8.413427811288483132e-05
1.115171130052793519e-04 3.227885581547573578e-05
1.892288773411141445e-04 1.470817155565308813e-04
1.229506235310693585e+00 -1.142395730831222256e+00
1.579764395335476079e+00 -9.254322648563335640e-01
1.385517656457357178e-04 1.097329529485462578e-04
1.581764661544048968e-04 5.187092225649166479e-05
1.228470815421063067e+00 -7.070449462858091616e-01
4.170129314733583281e-01 -4.308693656583638962e-04
7.865112223061907493e-01 -4.535866777127607330e-01
2.262375655605325787e-04 1.055029023519279540e-04
5.080549843799474496e-01 -7.717946867575101177e-02
1.447269229301057088e-04 6.818160225536801613e-05
1.296742894030139093e+00 -8.344747338291084171e-01
1.036198325967459422e+00 -3.792256741726668934e-01
1.450330687473623814e-01 4.966237508425571517e-02
8.581051165923827551e-01 -4.014295565465219040e-01
1.059154920092668872e+00 -2.163928645975186082e-01
1.254841491210517690e+00 -8.482489169509291882e-01
7.912797065688993436e-01 -3.441388234643333877e-01
2.102815208686467587e-04 1.277772947914064343e-04
9.532674768739696214e-01 -6.881936146738034665e-01
1.212643728330795145e+00 -5.257796304766584328e-01
5.171699678765844244e-01 -4.835457709950990307e-02
1.098997071167445050e+00 -5.263526022702622598e-01
5.052532922485061251e-01 1.704720947239333206e-01
1.069929870610729417e+00 -8.806775339118756429e-01
1.109726391176937721e+00 -4.175433680998212327e-01
1.221667630691988338e-04 6.675320167858248780e-05
6.702177995659349685e-01 -4.421186064385535519e-01
1.641943960019115023e+00 -8.511829303119931023e-01
1.164198791859267113e+00 -5.244219853680348598e-01
1.303291683546812889e-04 7.153387755754078931e-05
1.036991848746835254e+00 -5.172792571910131976e-01
1.973765217632869563e-04 9.884790668920799084e-05
1.530037050212524452e+00 -1.089657104377716346e+00
1.468178738347700467e-04 7.620476851507181602e-05
1.571811162167746731e-04 8.608067634392199208e-05
8.272696647422542737e-01 -8.899147137774855720e-02
1.137647959320653657e+00 -8.826910301520952684e-01
1.184410157251784668e+00 -4.699907661035163109e-01
1.296690482951310397e+00 -8.089271349602519257e-01
1.908956035861114652e-04 1.308163442846638365e-04
8.672169862984538957e-01 -7.559339987479667400e-01
1.175450922962956835e+00 -6.525684440783756646e-01
1.270893400422300125e-04 5.776108015884495961e-05
2.191724043844237415e-04 9.100297515933389141e-05
9.271114347574640480e-01 -4.538632595170962736e-01
5.266570370835722548e-01 -1.674686342984860188e-01
9.518686416359575242e-01 -1.877020115217305496e-01
9.615432914246408542e-05 9.911755252700508534e-06
1.434033136447015577e+00 -5.884326032031320652e-01
1.674005171137312874e-04 7.135763664496615763e-05
1.175614976027742335e-04 2.905402248714115035e-05
1.642504128957556527e-04 7.224170643763811166e-05
1.068564779978679269e+00 -6.146753762533182508e-01
9.212538761029032131e-01 -1.906374560484334624e-01
5.808863541889437432e-01 -8.029869209497083118e-03
8.899960489246392381e-01 -3.124798959349517902e-01
1.712047667477481605e+00 -1.029479439635285321e+00
6.882841505464946108e-01 -3.903897089203876569e-01
1.404736507071813699e-04 6.879067413261401331e-05
1.322658382149169531e+00 -7.717698230300641393e-01
1.227667894654807372e-04 5.776433901238946814e-05
1.772462090901390175e+00 -1.129378100336749347e+00
1.439318111834097787e-04 9.478326232070637960e-05
4.111765811503393375e-01 2.557814932026989188e-02
1.505851294889860306e-04 8.952409645225258949e-05
1.320011901569104803e-04 3.996479346187501943e-05
1.049731833384535573e+00 -3.032030811889177002e-01
8.651504561646243801e-05 2.358611481015516833e-05
1.732244111700962597e+00 -1.072289595437462939e+00
5.388692603412635895e-01 -1.505518033894580887e-01
1.324196995290699986e-04 9.064364499500420348e-05
1.988748406939055296e-04 1.365490245946309074e-04
1.363080586409636030e+00 -6.792502683613657055e-01
1.212515239048711058e+00 -9.792478904991628319e-01
1.074392496409316333e+00 -4.615184354101309339e-01
1.096079721450673672e+00 -7.256036679294187719e-01
1.287428673350093640e-04 6.739973651425658872e-05
1.370011659183592467e+00 -8.013466446275747668e-01
1.699509681008022524e-04 1.166088663539023877e-04
1.689357999191752721e-04 9.571700583711137140e-05
1.797217014839512311e-04 1.006772456669226214e-04
1.589438351164236707e+00 -1.047502556914418959e+00
1.157897894225740076e+00 -7.252533413820398955e-01
1.000002612239099531e-04 6.462264845610000649e-05
1.302893215539525196e+00 -7.276943008179093120e-01
7.909377353334752225e-01 -5.553914085997659761e-02
9.517190787506563110e-01 -5.093077902020359815e-01
1.354615208732154130e+00 -9.189449889656232662e-01
1.537082086436583259e-04 9.672643007258245466e-05
2.107116689251046886e-04 1.352299006975047008e-04
9.831687813355722812e-05 1.566533082036571342e-05
1.575556923740747184e+00 -9.567522459099345733e-01
1.177384444544242226e-04 3.823592899995946129e-05
1.542582605380389505e-04 7.657968713883147064e-05
7.338650789450986700e-01 -1.975656189490398729e-01
1.048715448748271939e+00 -2.013071657399302383e-01
1.285465590489591969e+00 -7.397242113071766934e-01
1.144132032564798784e+00 -7.055708391334318819e-01
9.981237298301379735e-01 -5.632565464559510238e-01
1.616169808382281886e-04 1.410324706356535780e-04
1.960631990466371377e+00 -1.203461819544558331e+00
5.239367403810636370e-01 -1.151842265871270282e-01
8.607322407656791130e-01 -5.188530114316389774e-01
1.276444787607312816e-04 4.906142808104481119e-05
8.973681723708304414e-01 -5.474555827734985947e-01
8.514723842784283070e-01 -4.627982371969630582e-01
1.456364809099311097e+00 -8.639247836589777352e-01
1.726686820134824807e-04 7.314502167906361953e-05
1.136935465515861221e+00 -2.469399082464039386e-01
5.929052984330152043e-01 -2.725976717886971837e-02
5.209595013279290088e-01 -2.142018954407932246e-02
1.003502453922907378e+00 -6.499166257670165869e-01
8.049243234431825433e-01 -2.656823733440459301e-01
1.336440358625218705e+00 -6.951717626798807892e-01
1.319584683093409927e-01 5.026055928673488910e-02
8.505493315689953275e-05 1.740532086524924349e-05
1.088310807220930744e-04 5.120617438436664466e-05
1.527037949575673847e+00 -7.249947847349981211e-01
1.305811593218089373e+00 -5.742117076529942299e-01
8.379850159867351378e-01 -6.021431507327238419e-01
1.257035804422447370e-04 6.476291378459051709e-05
1.423325376689245303e+00 -8.059207560951037186e-01
1.323657339610408101e+00 -5.440223019442427255e-01
1.053341027160638710e+00 -3.277144508320674055e-01
1.721534780923630881e-02 7.235575275171892383e-03
1.173993971070000475e+00 -4.508576019304768034e-01
8.677431650329230362e-01 -6.180131622071181052e-01
1.678427454307931520e-04 8.173050836897153095e-05
1.306272720088086196e-04 5.082628941460158210e-05
1.303253273620061936e+00 -5.985765614967026860e-01
1.112029203641769159e+00 -5.241121278721345700e-01
1.192150838038570317e-04 7.294058495297825668e-05
1.029459080700489970e+00 -4.135059637603343830e-01
1.112418507911396404e+00 -7.182611670753704658e-01
6.002602136846015846e-01 -4.270579869623697400e-01
1.399478978501128546e-04 9.015372765328205933e-05
7.053598225385767639e-01 5.751386227309594062e-02
1.894585656509227833e+00 -1.168329513976316347e+00
1.492087038929906573e+00 -9.815546448274129476e-01
8.932167003608628721e-05 4.048881687962252104e-05
1.789379440013814770e+00 -9.493249597814097385e-01
1.168840169118122996e-01 4.238933352019812195e-02
1.494157557797797344e-04 5.086274513344398948e-05
8.644398382208499099e-01 -3.053475275625713858e-01
1.437891810611416354e-02 5.298323407408456545e-03
9.456964293398815169e-01 -4.598620741077614205e-01
1.570966022332302052e-04 8.003167064620678812e-05
1.597828432268558307e+00 -9.406479067506916536e-01
4.569910183854931085e-01 -1.403579640104072462e-02
1.075329050057036939e+00 -5.639528901980763731e-01
1.837772825178368014e-04 9.744854211586647242e-05
1.055442236712904780e-04 1.376781894241305479e-05
9.294377702674081476e-01 -5.740137109419309880e-01
6.868859213441029787e-01 4.844019164646053838e-02
1.277517250168046529e-04 6.303789267799180147e-05
6.472746798430379922e-01 -4.631864098998982326e-01
1.454195529800400788e+00 -8.435175167548649711e-01
1.366603787355942234e+00 -5.451612074223233240e-01
1.777886594555933356e-04 1.068354655992144188e-04
1.144242139862470712e-04 8.187844644834953937e-05
1.268565547977899666e+00 -7.650463987537261534e-01
2.042896455864145631e-04 1.071207307335475420e-04
1.264038810316091332e+00 -6.145029346688689609e-01
9.773570143475265315e-01 -5.923716639088694169e-01
1.742371064867979144e-04 6.312577655280910631e-05
8.380055516272443272e-01 -4.583118927596736558e-01
1.076682234344340960e+00 -7.402268003555876330e-01
1.377713293210305076e-04 7.332357119529115514e-05
1.748313463451611482e-01 9.020950665336800733e-02
1.286915300583737265e+00 -6.010440952786133550e-01
1.379223218189595590e+00 -1.070450718359457376e+00
1.626339377462456177e-04 1.074225477154401571e-04
1.907477716533252578e-04 1.191795612524017370e-04
8.682027931585063474e-01 -5.411797060181140484e-01
1.563064995224185637e-04 1.069081006653006669e-04
1.515516847741772199e+00 -8.751615778561772085e-01
1.551246820531583645e-04 4.635892518913137386e-05
1.052820752303849972e+00 -5.435977365168702669e-01
9.331289486767967434e-01 -4.752212946060169751e-01
1.942113611096341530e-04 7.995667025162414500e-05
1.039020113737503026e+00 -4.576754302336678015e-01
9.511734776890012108e-05 4.434388149897277958e-05
1.499042940168417715e-01 7.123707663594959494e-02
1.185692014485504542e+00 -8.752647601171421599e-01
9.965645085384958746e-01 -7.628469149284824447e-01
6.474900725750841746e-01 4.518957700829472068e-02
8.535579547243861143e-01 -6.428826524808816112e-01
1.202328366715728736e+00 -6.465759342210078975e-01
2.055733434632070586e-04 1.541627446782925330e-04
1.281285036614599273e-04 6.477423677735775760e-05
1.173797840169700816e-04 3.864599483166967294e-05
1.403993735942521193e+00 -9.535567010352945516e-01
1.972672720468952585e-04 9.622327893659395959e-05
1.246229757992768916e-01 4.044980848721105998e-02
1.315423878350128195e+00 -4.450256261461739693e-01
1.213639746230957162e+00 -3.125070498602802727e-01
5.026086958310204134e-01 3.319499834344415840e-02
8.176226195591316248e-01 -4.439684606777521969e-01
8.419453738672046939e-01 -7.772586759175234006e-01
1.249267508042539276e+00 -8.171134419209017397e-01
7.556161191765154994e-01 -3.456537040975747876e-01
6.926561939972331050e-01 -8.060835796279627874e-02
1.981839981649474757e-04 1.455813389371624761e-04
1.045905617182186331e+00 -7.400803503546664608e-01
1.113900149653312521e+00 -5.411710223515457940e-01
1.836904655551789870e-04 1.376169901376155251e-04
7.887915874895613522e-01 -6.857821546679923053e-01
1.409836494612414226e+00 -8.534377023692744091e-01
1.959393261810116530e-04 9.300964112219118761e-05
1.332952454391679753e+00 -7.536927880411878888e-01
8.853154403635693503e-01 -4.632644759429730419e-01
1.084172416073587719e+00 -4.973908659952558375e-01
1.312626956327850357e-04 6.961633932595948061e-05
6.313347896624873501e-01 -3.651288510161357359e-02
1.121054111662471264e+00 -2.898292914761073091e-01
1.540835397122521711e+00 -7.297674924936264906e-01
8.059186905097529552e-01 -3.040524026761285969e-01
1.120405554892928368e+00 -6.672093975235083851e-01
8.186317759348169520e-01 -5.380924398248841944e-01
1.659116258401051036e+00 -1.125722876334745104e+00
1.100388434873676768e+00 -7.637900674882969199e-01
1.230143873331456472e+00 -5.134645536741210270e-01
1.382167536737943236e-01 7.722224536397571948e-02
1.109721830475670474e-04 8.561936961981740006e-05
1.637071190256344242e-04 1.007375938831347621e-04
1.640415725155348392e+00 -1.146928325153266703e+00
1.663430601027223454e-01 4.440569060825978048e-02
1.482763182844826742e-04 1.131410437333451718e-04
6.785141182086807943e-01 -5.056410058145733855e-01
1.246029742014462371e+00 -3.175187595177968447e-01
1.652045399348084143e+00 -1.402687510257559111e+00
1.639063480822975630e-04 5.342018990840813179e-05
8.205302416271922361e-01 -2.021014180434299867e-01
1.148987181196755648e-04 7.556583632461763100e-05
9.822353484495450759e-01 -5.835803682363674971e-01
1.591831001511666266e-04 7.695348666109489311e-05
1.433333656779647525e+00 -9.563675817649094357e-01
1.692659968551675444e-04 1.336073529992232189e-04
1.097399876969466836e+00 -5.479520392135163176e-01
1.323480238457298119e+00 -7.107031013456160951e-01
1.912516965336038004e-04 1.394464686521803697e-04
8.397730351240144939e-05 3.352176560910230622e-05
1.460815301048262516e+00 -1.022671217720949599e+00
1.074544744596182655e+00 -5.010608602440108639e-01
1.541837780124288794e-04 5.409438678015303164e-05
5.317276586020674989e-01 1.273625276049022148e-01
1.576460482731262269e-02 7.329391367720579885e-03
8.600980206665618244e-01 -5.522482656657800026e-01
6.204560596841391940e-01 -1.991848424711364085e-01
1.017842925421584610e+00 -3.116579515909721487e-01
1.287153390991585822e-01 4.188667196661010478e-02
1.696763478121386074e-04 8.202672371565296154e-05
1.309115673207430053e+00 -8.683426659919204482e-01
9.646188159276737339e-01 -5.000026600986330338e-01
1.262856294653510236e+00 -6.615994226747583529e-01
7.892432955353667623e-01 -2.005103270644952862e-01
1.164340695166399486e+00 -6.341372962672661151e-01
1.675743805621089308e-04 8.094046861945450105e-05
1.101328047421455070e+00 -5.884062424672231728e-01
1.660476322246246536e-04 5.780980564612609395e-05
1.411552600064755372e-04 7.380433474737817300e-05
1.552265458479515914e+00 -1.178734450022752345e+00
1.060353689886163853e+00 -7.334515430299061167e-01
1.987800218300515647e-04 1.725254008108453483e-04
1.021537885999640016e+00 -6.854754282597871340e-01
1.431549184973311629e-04 1.034577090981656655e-04
1.175052188198314335e-01 3.968397096512243927e-02
1.542805658969367499e+00 -1.007145684709282341e+00
1.948236440754816704e-04 8.861324379414471642e-05
1.143826671556500418e+00 -7.214099803644350439e-01
9.053940704805822914e-01 -4.923591883494086718e-01
1.252875901725574170e+00 -5.722584114389505094e-01
1.263498063440394725e+00 -6.153062137180128621e-01
1.636959053627467110e-04 1.028695997941103007e-04
5.585238520274772300e-01 -6.848191363082031802e-02
1.829840478327240233e-04 1.615398662534866256e-04
1.173066343907952280e+00 -8.749102062151785653e-01
1.260316785411685111e-04 5.928567772830222246e-05
1.471186726771815279e+00 -9.406508025987664334e-01
7.689213116016677674e-01 -6.749487368056862335e-01
1.545201156118383853e-04 1.039547812133556300e-04
1.216454464064558483e+00 -5.430203228580464669e-01
1.609962990331576527e-01 6.618900364376188727e-02
1.517387530880071327e-04 4.268762306013694448e-05
1.071044539276424956e+00 -3.986021367041300834e-01
1.565515140072413214e+00 -1.199844626363304689e+00
1.455743898853957639e-04 8.157325204116514644e-05
1.468508560937135433e-04 1.116745603779424557e-04
1.074028359904300123e+00 -5.545735119535073476e-01
1.220763919123316193e-01 2.228949808910440228e-02
1.673970717372379592e-04 1.064768829689874782e-04
1.740983667982599209e-02 6.456149229287395062e-03
1.153837807654913422e-01 5.117333468728185730e-02
1.020232471070427804e+00 -7.357954648903463069e-01
1.563532391233693197e-01 5.498089855268576548e-02
1.928491058210771983e-04 1.159399590866262957e-04
8.026607022796925506e-01 -2.459541715505554893e-01
1.607060131569419958e+00 -8.996202227191821832e-01
7.253544851997367759e-01 -6.982068344540679483e-01
1.560588887852984996e+00 -9.698756092137249540e-01
8.724192929703269428e-01 -5.677541747913935621e-01
1.080821961987360496e-04 8.260161922792919086e-05
1.060344526798556286e+00 -1.708079252691352690e-01
1.518984188028216220e+00 -9.151605217579786844e-01
6.508125399051122306e-01 7.322977771077050779e-02
1.382579888937544688e+00 -6.861132874263873305e-01
1.631702830563515490e-04 1.055431963699516332e-04
9.646731730430057050e-01 -8.665976867335561939e-01
9.233831462848630656e-01 -4.747592856919789495e-01
1.400030285879317438e+00 -4.766875921354022938e-01
1.176557667730747880e+00 -4.245657247357579878e-01
1.065520245027484769e+00 -5.908721785944960336e-01
6.906961737145526081e-01 -4.751132981874459094e-01
1.246516075318437986e-04 3.941836102503084194e-05
1.797512497504884861e-04 1.047272211844450156e-04
1.292868339025728730e+00 -9.812769762490115566e-01
1.869730213893623953e-04 1.176941288964506029e-04
7.555983703628303960e-01 -3.143288633857991843e-01
1.148400310285944803e+00 -6.164247904180738535e-01
1.187115912859002087e+00 -7.686664779964642591e-01
1.720601500633193309e-04 9.387819312842904569e-05
1.402905314455766736e-04 9.024516578616219721e-05
2.171692586404338251e-04 9.394271882661017672e-05
9.654542631418449039e-01 -6.982793841565703152e-01
1.267204405162886008e-04 5.670547594389934310e-05
1.569950820660539259e+00 -1.073864538652421929e+00
1.110843791150864845e+00 -3.449159245150879016e-01
1.515027339412523648e-04 7.302731061202785592e-05
8.653184263159261480e-01 -3.976549288161246865e-01
1.258369362543851233e+00 -5.995541947450421238e-01
9.210382987387198961e-01 -1.993771390245460129e-01
1.276177442565165521e+00 -8.824514672376106983e-01
1.134544873352113736e+00 -6.956934038386021202e-01
1.448176120926944748e-04 1.017451573155557601e-04
1.774513279814125290e-04 6.267958474902834683e-05
1.461685220371045850e-04 1.099909310561440431e-04
1.085044762179133926e+00 -4.352556345085289990e-01
1.105274698912776188e+00 -7.868278606422509647e-01
1.153864175256753999e+00 -5.681335839228941476e-01
1.104971852501169582e+00 -5.499104631287937694e-01
1.326141085139793518e-04 8.760907108239051038e-05
6.076332187215406355e-01 -3.492478932802884350e-01
1.261319291980188328e+00 -3.869085899766249725e-01
1.505753667127536000e+00 -9.180567752701657147e-01
1.212087936268249511e+00 -5.177038089226507767e-01
1.114507753105655841e-04 6.938687700016353337e-05
1.090407609007464140e+00 -4.235523520905374872e-01
1.288715896539622337e-04 4.009302962244320128e-05
1.349971659031075077e+00 -7.503837550588428051e-01
1.454653888524281569e-01 2.950495729945472323e-02
1.928032713881329310e-04 1.297314197080887946e-04
1.620888421601424323e+00 -1.112631870644076315e+00
1.490090475735042410e-04 8.718132536482705826e-05
7.070270725670435574e-01 -4.952916701561499990e-01
1.273699174709844506e+00 -8.360744895803929877e-01
1.565675264335641200e-04 1.131366846131389478e-04
1.231162849313627072e+00 -5.659523917916905456e-01
1.324790287483176539e-04 7.181368423613194475e-05
1.087063608302699436e+00 -5.865245122016671253e-01
1.988353053329287433e-04 1.393361944135225212e-04
1.364803066922346453e-04 4.588766319871536250e-05
1.043420094522751196e+00 -4.816441576233569943e-01
1.504852313368329808e+00 -8.244752544724645027e-01
7.523013170490456814e-01 -5.345572401370189963e-01
1.013320967997538791e+00 -6.262683297687935413e-01
1.073968926416483782e+00 -5.174174255335474149e-01
1.811167095736565785e-04 1.244569277540236998e-04
1.921346643815437314e-04 7.015601983041780897e-05
9.766129179390706239e-02 1.989555643051784881e-02
1.416307482366992332e+00 -7.452594966021360845e-01
9.876782237670090892e-01 -6.293342029202293464e-01
1.823049239593954791e-04 1.417113841268110468e-04
4.706544702477782893e-01 7.440597214220590234e-03
1.329091481118681806e+00 -9.754559392454541511e-01
1.509795393641643940e-04 9.794718349560728834e-05
8.584639573875700869e-01 -2.569225930378145062e-01
1.248509629621562089e+00 -9.937275773913929466e-01
1.208371686733805461e+00 -6.037135284989227912e-01
6.006388404709113171e-01 -4.227997194370884670e-02
2.088654068612953552e+00 -1.569911172484186546e+00
1.696384689901045688e-04 1.127602738779117888e-04
1.690745304915853534e-04 9.054684217077525244e-05
1.142442068209371660e-04 6.909681352681682506e-05
1.111626688376538848e-04 2.965299285412855611e-05
1.063022111557287763e+00 -6.585004522075579292e-01
4.774395614359819850e-01 9.432966574807635785e-02
9.432263261183413405e-01 -4.760154330345566231e-01
1.421858115941691163e-04 6.477951616458493486e-05
1.894968170046825112e-04 6.584569836719461697e-05
1.260768788744398572e+00 -6.045673516270188008e-01
1.271921951070605239e+00 -8.317382226486244035e-01
1.599361367402205004e-04 9.414936476863383251e-05
1.086423599953348695e+00 -5.806435514060345193e-01
1.462581901692241667e-04 7.843757828138456440e-05
1.369844054112141940e+00 -7.820095779414908410e-01
9.506818032296008745e-05 3.115522491017279073e-05
1.471044983824156827e-01 2.973099421153524435e-02
1.626925309237426396e-04 1.130588198291479425e-04
1.077959865065425848e+00 -5.498913780908938342e-01
1.113657102257221032e+00 -7.731994366890044823e-01
1.142888968516439762e-04 4.186050927749682441e-05
1.030208763386719574e-04 2.177630334561347626e-05
1.562309004664847567e+00 -5.237384842835278720e-01
1.100081463952967686e+00 -3.369106310601769350e-01
6.724112390805735417e-01 5.476110961509419311e-02
1.247712804765189976e+00 -6.849785793508724741e-01
1.298886855975889487e+00 -1.123738462356618228e+00
9.377789200142716552e-01 -2.809113664201371430e-01
1.162531097365772468e-04 8.774239097550070102e-05
1.631479625355391205e-01 7.726980724540638557e-02
1.064820435215550809e+00 -6.064739979817600490e-01
1.081929657651354848e+00 -4.921053117786019504e-01
1.314334816922237970e+00 -8.637833959583181009e-01
1.145144830101700633e-04 6.005408695065716899e-05
1.752742078049064567e+00 -8.647860728582081880e-01
8.212722794915208180e-01 -5.108674312406922269e-01
8.271976661357260951e-01 -6.570007485802411562e-01
4.886223927232270503e-01 4.002414267399350550e-02
9.334927941500453796e-01 -1.077470232919191528e-01
2.049216222733499259e-04 1.356165161255576000e-04
1.258366697964187209e+00 -8.328701634990915981e-01
1.733790639161237040e-04 4.488881131082646459e-05
1.572275069084145399e-04 8.511775001338723039e-05
6.768485438694423761e-01 -3.685117320147004993e-01
1.614165756204786106e-04 1.216090091311648123e-04
9.028205222472452940e-01 -3.095254922212572479e-01
1.324372202046662395e+00 -8.804661478372827199e-01
1.247420407893774286e+00 -5.563312618937421572e-01
1.182544162313741598e+00 -7.896968098372775247e-01
