-5.501983794016009899e-01 1.115265985655371495e+00 8.031160008945089634e-01 6.716384709711054057e-02
6.499998047065217444e-01 -3.579741478754848716e-01 2.635235810051298477e-01 -2.754293640225821682e-01
1.777563629235506537e-01 7.357702854828376271e-01 7.825949779759255875e-01 4.278869986799271885e-01
7.332829405211928331e-02 1.817614138086121878e-01 5.171546041541646294e-02 3.597954407621831718e-01
-1.026752318939537891e-04 -1.136287670629160506e-04 9.084060665291880860e-05 4.262732453631727078e-05
-9.261771968729751021e-06 -6.452567342763941736e-06 8.342805038303684862e-06 9.620365142206013375e-05
5.293395416265995745e-01 5.496622561940124330e-01 1.133946215995738971e+00 -5.372302630581947402e-02
-3.259592827745392993e-05 -4.063019975798218476e-05 7.289554611097393293e-05 3.435416782066356501e-05
-5.511219917698933129e-05 -5.582031657296969288e-05 9.752225237198495599e-05 7.727259224535560982e-05
-1.256182937119799115e-01 4.975285721533267425e-01 5.846095337344574538e-01 -2.353077477305592635e-01
1.326047561662976814e-05 1.988577988947802351e-05 4.320149626292036721e-05 3.753027840543293205e-05
-2.826975547012509082e-01 6.861216735591223470e-01 1.059385329731695746e+00 -7.421309901167878753e-02
-2.020375979930453373e-05 -1.363245128563885229e-05 2.171847440891558164e-05 3.573103506628076486e-05
1.898243769199221373e-05 -1.410742262096461395e-05 5.506511047049062005e-05 2.800533786609572416e-05
5.006140863820210396e-02 3.452356396054270804e-02 6.421505034463374784e-02 3.773512139227828271e-02
-2.474598190061280028e-05 -7.787365575019586123e-05 1.522524711529894988e-04 8.872500507618858963e-05
-1.438368981992046158e-01 2.736484420925989203e-01 -2.168745775799339470e-01 4.589507422880206300e-01
3.158145708538378555e-05 -2.191127713362656014e-06 9.634973931532984448e-05 5.710838533231314554e-05
-8.394958275224579386e-06 2.255144948510465222e-05 4.839974487764565696e-05 5.343467209183692007e-05
4.863186192237074074e-02 5.009520213778335673e-01 6.291886785968585638e-01 -1.709756802806890741e-01
8.499698659863389599e-05 4.221379114840240275e-05 4.985444024034245902e-05 -3.783522526975734228e-05
-7.465990782918894360e-05 -5.481358483901155478e-05 1.197267838353126409e-04 5.541079882955288687e-05
-2.423059863437434415e-06 -1.844654168491531939e-05 7.472044220309528384e-05 5.587471220492909978e-05
-3.428118516264929139e-01 1.046995981031619616e+00 2.466086540274041450e-01 5.853680436197725712e-01
3.115998483802152053e-01 3.867431149667621693e-02 -8.967207257298742684e-02 6.586189540374449702e-01
4.189492543311742340e-02 1.930988221229439084e-02 2.483784553279681090e-02 8.420638115883649633e-02
-5.511844347523105545e-05 -2.258821338701861054e-05 1.238120194212700661e-04 8.883905031475340230e-05
-5.571448581018047385e-06 -3.265912307358836915e-05 9.933339411578656153e-05 2.880803476942927498e-05
-2.359714270404308909e-05 -2.863832123356504990e-05 1.088148679979112199e-05 4.134242159303919118e-05
1.374826201701616346e-01 6.641438915814389388e-01 1.066559654723732153e+00 -4.285823109412266740e-01
4.183143133446054642e-05 6.807978374531297588e-05 3.477820848909699623e-06 -2.094494993403972846e-05
3.306559037764253460e-05 1.200831009733849085e-05 3.497039398438546605e-05 -5.336061466402141825e-06
3.867463901317965136e-01 -4.302360322297253403e-01 3.154623081026931009e-01 -1.225998319924014590e-01
4.845379947570026675e-05 8.512452757342372269e-06 4.557927141375910790e-05 5.108517799516804623e-05
-2.251272730364970442e-01 4.590153758739326517e-01 5.572892045732023014e-01 4.138701917764976423e-01
-5.329707402937006503e-05 3.871656327570152486e-06 5.471290645841812638e-05 8.375948260178839861e-06
2.228664674489256453e-02 4.382081615511882466e-01 8.281969766415535616e-01 -8.368365646623750209e-02
2.862946486702083043e-02 2.073766013498351199e-02 1.062547929183642048e-01 6.910068796164160754e-02
8.822579428680579205e-01 -2.425999387111432148e-01 -3.523280380553586721e-01 8.171730910248373725e-01
-3.834210238126406348e-05 -3.130304788039698911e-05 3.835256197436554947e-05 1.138702487171390192e-05
3.224219230904570946e-05 3.030553064145567776e-05 1.508856834751352421e-05 -2.783262493026131786e-05
1.093869760733995472e-01 3.870042825267868136e-01 6.650768010122293239e-01 -3.305916857509098167e-02
-9.455891434908122930e-05 -7.579432372677913420e-05 1.285884291172624853e-04 1.140185033253743584e-04
4.306763165508536439e-01 -2.666403402357522823e-01 -8.661773200522431340e-03 2.292266583032240013e-01
1.207410420370768622e-01 3.144605916563763537e-01 3.146816879730502392e-01 2.390088714486749699e-01
3.222616111254868881e-02 5.987539004762816933e-04 6.857332360929267734e-02 8.974077204406802344e-02
2.475730187198119176e-05 1.373893848545590747e-05 7.057575932679322297e-05 2.742696502055939824e-05
-6.840852255776654900e-01 6.892117918361844175e-01 6.632291713951271594e-01 -3.075464938286434635e-01
2.854590556832442561e-01 1.786711186167824483e-01 4.972557476345254579e-01 -1.820921647794852272e-01
-8.940995776583103788e-06 -3.013782561407913707e-05 7.711363850169723896e-05 8.664058771348026936e-05
-5.797218563699713432e-05 -1.866761886279364173e-05 1.469549093064929522e-04 1.576454436355923048e-04
3.355904818116490218e-01 1.683643202875856892e-01 6.115862944967889181e-01 -1.591631975613876648e-01
1.567079381810077847e-05 -4.483516191082995156e-05 6.588696558750850878e-05 2.145662090078806559e-05
-4.882060173908408775e-05 -1.321415775996501810e-05 1.093378252285318850e-04 8.923075236087506842e-05
7.233908821800783613e-05 6.603636488507011882e-05 -3.239234784429598739e-05 -4.045228471851843374e-05
-2.769833725949334179e-06 1.881795632783011066e-05 1.018561126076529338e-04 4.891059379078250543e-05
-3.751098738172671228e-05 -1.423905042853885264e-05 1.073941114321430221e-04 1.389354755420773115e-04
-3.155587186796438570e-01 6.188935392886232290e-01 6.520877315702258148e-01 -1.826458767335766009e-01
3.439308964220603966e-05 1.683958084823406620e-05 6.008999133528998706e-05 6.445413338693251622e-06
7.981422165093968735e-01 -6.764471822493711706e-01 -7.870953876312791753e-02 1.665842304928014939e-01
2.427086647114228279e-01 1.344147243207322873e-01 3.817315304443379964e-01 1.384239340208326396e-01
4.632399433397420274e-02 3.962568292356115074e-01 4.850861789676410574e-01 2.155806169105078940e-01
-3.484318853920794618e-05 -2.137367992893147965e-05 7.647534301538678081e-05 5.388370189185865913e-05
1.083587199247028447e-05 3.351106395488551234e-06 4.514612958210680873e-05 1.595882070580464872e-05
-8.435036296163299564e-06 4.925230965395728146e-06 3.508028975202197319e-05 3.838883177790945370e-05
-3.667485140902982104e-05 -2.176497560266466103e-05 8.305029516347815809e-05 1.153717195253707800e-04
-4.125919782157914106e-01 1.184287197673875136e+00 1.204157540791857217e+00 -3.670519226416201763e-01
3.172097230300021109e-01 5.083660231898886467e-02 1.843664110315975380e-01 1.621890423541606230e-01
-6.948932058899752646e-05 -4.406946499246047137e-05 7.747397504919766801e-05 1.057892903266567040e-04
6.631095391092618474e-01 -6.602700820002759263e-01 4.471274185210025176e-01 -5.309748118748595092e-01
8.876484592157925235e-02 4.463697017777674136e-01 4.208077750959600682e-01 1.168148896810744380e-01
-1.371546713599650358e-01 7.080884463547555407e-01 7.765328591006237513e-01 1.204477282631744722e-01
3.124917861683981633e-05 5.220996104816603034e-05 -4.906851618172717662e-06 -2.508448108230250671e-05
2.977850861164421726e-05 1.329043341955799994e-05 5.612363011811528983e-05 4.743262213596886341e-05
-7.230038080936495345e-05 -1.253069130174635766e-04 1.331678755192201727e-04 1.144091115700755204e-04
4.077995461942304791e-06 5.960990021096670142e-05 -3.635728363037941415e-05 -1.773096119922834622e-05
-3.085345829736878216e-05 -4.560676464242881169e-05 1.784255905400467136e-05 6.740688362574097532e-05
5.130264051003759901e-02 2.875746335708862997e-02 8.277762005146588331e-02 3.389973057634194931e-02
1.752743798549804555e-01 6.085889344532673106e-02 4.803461869514815685e-01 -7.541413196604988822e-02
-2.382553498285245824e-05 -3.117722311600842612e-05 1.481315441940766510e-04 1.142308211711514856e-04
4.440920451105800221e-02 5.171506096060490831e-02 6.795858485284173023e-02 2.575675861464310490e-02
-1.863953841065138228e-01 6.151209798648308302e-01 5.728402305645902137e-01 -1.802010704207465119e-01
1.401164423833016199e-05 -3.733571148107927326e-05 2.811171232564207411e-05 2.926076436410476376e-05
-2.816246865338555352e-02 -3.966754634534297441e-02 9.948121116302229006e-02 1.523627183959430087e-01
8.554159025763729903e-06 2.209278955032289917e-05 6.611782368197327195e-05 -1.194495568834024230e-05
1.245182385097613337e-01 2.663991373363344684e-01 7.563353843623117356e-01 -1.588570855912976032e-01
-3.840564901233684285e-05 -5.691900857840223181e-05 1.123982911820868417e-04 9.078448578430418448e-05
-1.095359096303135694e-02 1.909304633283900321e-01 7.443159020971966688e-01 -4.129197103717734407e-01
9.148548743777584768e-06 -1.987791590441461328e-06 5.091133902133611783e-05 7.170823990662272373e-05
-4.505473389250992666e-02 6.660244315871024501e-01 8.665456041397323617e-02 4.788694324583657180e-01
9.457211012575144249e-06 -3.110278192233271712e-05 8.226278585854655107e-05 6.466528147605704005e-05
-1.848999774448415179e-01 4.399166646761286659e-01 6.810607096908497526e-01 1.775662534489528405e-02
4.222949572238333390e-05 3.813374775472912328e-05 1.522405720282930797e-05 -3.202279698837357788e-05
2.084978585602251857e-05 -3.325750690143888420e-05 4.640731199990981285e-05 7.865987069919454081e-05
-4.927252625340550196e-01 1.093539117138163208e+00 6.998332677058204387e-01 1.708608965360208509e-01
3.736169519248256493e-03 -2.098751606002403208e-02 4.801866393828251034e-02 2.817218421199259304e-02
-5.520166920124338628e-01 9.540368887685115595e-01 3.812557799551574700e-01 6.087652800874411296e-01
2.737433179917770840e-02 5.818555327456320647e-01 8.933989897047747153e-01 -1.459744803863398110e-01
3.398848924612582478e-01 1.885997351325043869e-01 3.770782338882176510e-01 1.632731216920621509e-01
2.868140343791897233e-05 -1.165434754289772897e-05 3.151527893397003670e-05 7.083380247214089953e-06
1.968784053289510949e-01 2.576508561462713676e-01 1.946447499485002841e-01 2.247112068263948104e-01
1.172140941586906071e-01 9.990064855686597856e-02 5.107863361426508153e-02 7.293441940027353167e-03
-2.819490197281264001e-05 6.925249797605866046e-06 7.986495679774245496e-05 9.143102977552349029e-05
-1.136065184373608950e-04 -9.745794565108548558e-05 9.485257194647060490e-05 5.302803519619730331e-05
-3.446130444048995593e-05 -7.378537940123555238e-05 7.218247613668541177e-05 4.031567754697387842e-05
-1.117779672697288978e-01 6.787994284086422692e-01 3.203122208475502330e-01 4.380625287548770563e-01
-2.926702927639656115e-01 9.532141698557528020e-01 5.593402545092388545e-01 1.213053121931857159e-01
-1.533665949645018751e-05 -1.135434478452506372e-04 1.735855922016051902e-04 1.179968165214115733e-04
-3.274852506558101602e-06 -2.151552893537041398e-05 3.983719182107010068e-05 7.692147298775600813e-05
-1.965949887348671654e-01 3.136706772252336184e-01 5.543384785300428108e-01 -5.090511583551814434e-01
8.850824974345940317e-06 4.935046360955720453e-05 -1.623492101518217337e-06 2.367574402258695824e-05
2.039724253065842707e-01 3.384925157952404229e-01 2.716090343689471220e-01 1.329492229664489267e-01
6.493741283225629157e-01 -9.554920838002690653e-01 5.698608453698019716e-01 -7.258662645396893875e-01
3.884547927682551404e-05 -5.839575738050568543e-06 1.045574166684807194e-04 6.877723758912816299e-05
-1.067169166321454846e-04 -4.331502266721257019e-05 1.198654625174099290e-04 1.328626185719672241e-04
-3.906610934656487192e-05 -6.703078801694987044e-05 7.769419537881832672e-05 4.783742512304183431e-05
-1.023269878879932607e-05 2.822964929059577308e-05 1.211796826536425576e-04 9.022068246520096983e-05
5.051377585145151727e-02 3.840203572121055758e-02 2.262595976025105760e-02 3.712766296983976977e-02
-2.300519473301111629e-05 -5.351427414961880792e-05 6.328022153198743338e-05 6.776004228420239993e-05
-6.683727915955814392e-02 6.785665655130593832e-01 8.946503515919262961e-01 -3.303528452427828555e-01
-1.204162067146379578e-01 7.464250357420950666e-01 9.917820799418237687e-01 -2.050610985107016726e-01
-4.866161872345098893e-01 9.293854427088348302e-01 9.604003742022626522e-01 -8.856012987094226407e-02
8.488886909012985371e-02 9.774265468749220032e-02 1.843966063663572963e-01 3.427819664733413041e-01
-3.344475621066000947e-05 -4.536427281127643945e-05 2.858926642691309727e-05 6.612656519742759539e-06
8.336066704488136821e-05 1.758424015481688694e-05 3.280232603461867748e-06 3.316608617717247467e-05
-1.281099281697543046e-05 2.620427295505922224e-05 7.242496025682324499e-05 3.905208636466761285e-05
-5.390600393299265961e-05 -5.240498883318086626e-05 1.082645639560540893e-04 9.314220990147885836e-05
-2.651724487574236787e-05 -1.867480543757377466e-05 6.437922051242719434e-05 5.566309808371773489e-05
3.600567231764767879e-05 3.312752558962407228e-05 4.525377381122854946e-07 8.603113738182828165e-06
3.995075055215613347e-01 8.410701115617782997e-02 4.151889488844591747e-01 5.847413299389563057e-02
-4.387383931573211049e-01 7.055512060815524178e-01 4.145230016504399817e-01 2.896987196766070971e-02
-3.265490254464158970e-01 6.965699007778181073e-01 9.231316892708109068e-01 -2.305036725070796350e-02
1.495773857083956540e-05 -6.666059460706095628e-08 4.443863067309002248e-05 4.046517027454377954e-05
6.101571520913356972e-01 -6.161121877547640624e-01 2.452779492815925291e-02 -5.424742502260147120e-02
1.141241091687402870e-01 2.168066780266074134e-01 3.225012862535738267e-01 2.218915921371285294e-01
-3.770120284633023955e-01 7.489081140423772265e-01 7.871012214732810985e-01 -2.439165554537593428e-01
-7.491833516739187046e-06 2.147071000566635392e-05 6.575041396024996164e-05 5.047344426081622074e-05
-5.212426638907059336e-06 -1.113534726345248834e-05 4.224099174176003982e-05 8.335655725161334248e-06
3.960618479066381203e-01 2.450130743212311779e-01 4.006799061716008747e-01 4.138356462584109607e-01
-2.233672323412354754e-05 -6.095527711686335974e-05 4.249383666164368781e-05 4.175181996332052265e-05
1.239396166072630617e-01 2.583521358618947605e-01 9.879385399532428225e-02 3.888325395381921068e-02
-4.530219524990826977e-05 -1.068363281338434391e-04 1.540906926472488119e-04 1.321300523676786313e-04
-4.157544455567374782e-05 -1.036764320399925554e-05 1.755920480386405792e-04 1.407937729868861205e-04
5.876092277904482186e-01 -4.531436454102737987e-01 2.150718338310705358e-01 -2.946540778259143165e-02
-3.911545338617471446e-01 6.138875998151333002e-01 1.860488447073515017e-01 -1.971502744707059329e-01
4.888464096747486485e-05 2.603906677672080305e-05 -2.473064249849391403e-05 -1.649872890139765128e-05
1.696171058746003268e-01 1.902143156984598682e-01 1.436668789311244532e-01 2.307545338269187674e-01
-3.932249789486438971e-05 -7.517705955240084096e-05 1.086993204040624097e-04 6.517249860847261717e-05
-1.530005361535285215e-05 6.867154039199164458e-06 1.417528307319038203e-04 7.490003572240257960e-05
-1.753841231989935467e-01 5.584435198946851031e-01 5.150973650237007373e-01 1.297790796780477485e-01
5.566421940844704607e-05 8.367255374644992326e-06 4.517276795352701018e-05 4.574766926659043113e-05
-5.075889622974413262e-01 5.653060934884580613e-01 6.350312864130625012e-01 -2.261711152844945172e-01
5.042500434059353048e-05 -2.235140249565883519e-05 2.862689268333941554e-05 5.937414618145560308e-05
-2.625234306434192089e-01 7.863203886979560631e-01 5.943812189580369720e-01 7.571966162685178636e-02
-2.177923330332746886e-05 -2.774262215026671482e-06 1.236633667014394350e-04 6.476333733613283969e-05
3.530393889462176138e-01 -1.067161501362643150e-01 2.461706767387684958e-01 1.378767426988749545e-01
-5.888400265289003288e-01 8.490256352417681063e-01 1.085238024424303394e+00 -3.376154031058839489e-01
-5.344818878850107202e-01 7.426128415830811624e-01 7.346027026668894289e-01 -7.498042113003799969e-02
1.984936057494318951e-01 8.924004328721972523e-02 1.720531720033170731e-01 1.042719931903849928e-01
1.681081809709661090e-01 1.613859911335690789e-01 -3.128332085314576849e-01 6.536720444063305324e-01
2.429252956339021385e-01 3.042938648511427369e-01 2.287063590260976775e-01 6.019404820542403889e-02
-2.320962891255398024e-05 -1.666783830787588378e-05 8.938806689529314330e-05 8.070481519038686497e-05
-4.325265271570606781e-05 -3.627845213261501244e-05 1.317984183424611780e-04 1.036939986797451275e-04
2.899096281232713780e-05 1.749752704444070280e-06 5.872261430699350274e-05 7.907825595486253352e-06
-2.337214896323060141e-05 -2.912827432658484798e-05 4.840816714240919456e-05 4.054240523461872804e-05
3.800588634930776278e-06 -2.821073303944221562e-05 7.982073519467417389e-05 6.714832037132188009e-05
2.214997216865714124e-05 -4.444584853759304667e-05 7.191585583492090866e-05 7.846417327560298554e-05
1.336328687705077845e-01 2.314766773356315699e-01 3.808918937960892315e-01 2.462083499222355032e-01
4.872781398157576915e-05 1.054225769081191985e-04 -3.634585177004050487e-05 -6.252759063252696958e-06
-4.338742272147643186e-01 3.330666974977162798e-01 9.739398625676574106e-01 -6.618337320299184645e-01
3.288094876699254043e-01 -2.325786374977643622e-01 -3.407819578226594093e-01 5.782757839646617271e-01
5.790412267464020783e-05 7.853539273361836461e-05 -3.739867386013813874e-06 -3.333285348496643584e-05
-2.099069290947042606e-05 -4.485403680399487080e-05 1.181863414065930696e-04 5.094999734077282371e-05
-3.240123074826723459e-01 9.599180553177620867e-01 1.214433898098115527e+00 -8.200082211758359663e-02
8.676275412674901036e-06 -6.507394594449940753e-06 6.472143936378185356e-05 6.683993197861516015e-05
3.669518441956134833e-05 5.831920737691192270e-05 -6.705316590943902926e-05 -1.300141192414412710e-05
-4.961299938047304681e-02 6.043776108721662377e-01 7.299396657333367955e-01 -3.370819979808527544e-01
-1.176077119107186599e-05 -2.325910969614837669e-05 1.272956143604975947e-04 1.395658184756295528e-04
-8.150535341384400659e-05 -8.670747034629439152e-05 1.323653294293116128e-04 1.136448519165466909e-04
4.585581571953159519e-01 -8.354408912567522216e-02 8.742847930712133175e-01 -3.527358084365853630e-01
4.693473380028523878e-01 -1.689958311759297005e-01 5.448331834938170519e-03 2.628118693451272914e-01
1.168275053318626189e-01 6.905737879788846900e-01 8.778786173567192375e-01 -4.871522898479906105e-02
-1.191560919834893928e-01 3.919011616681669086e-01 2.087901550445761811e-01 4.704110711298039593e-01
-2.490136359745816486e-01 7.545219707816045451e-01 8.241731204224597152e-01 8.264490074094278660e-02
-4.239707359813724255e-05 -5.504813014164464525e-05 4.057998504998848970e-05 1.547705851499260623e-05
2.074662623874560437e-05 2.080798010936054914e-05 9.374979760523631999e-05 3.156413906021504867e-05
-4.076000043629368630e-02 -1.480284019081487545e-02 1.022966149451257772e-01 8.237349836311377849e-02
5.653587953038751932e-03 2.201216778306457240e-03 6.060983391085612848e-02 4.852509109955920746e-02
4.036979254357148106e-01 -7.326282154460080076e-02 -1.681291342144336509e-01 2.782053900474393826e-01
8.607354312420023579e-02 1.189598366098531257e-01 1.990243339013259838e-01 -1.137512495184536503e-02
1.417711176579898869e-01 1.063671985081597327e-01 2.510457546398395245e-01 1.330839996242079715e-01
-4.521313421999271556e-06 2.433534442754368935e-05 -1.458531497090193489e-05 -4.833633375759899075e-05
5.571014574193873384e-05 7.699153479976515729e-06 6.244644522909133840e-05 9.860256556133486778e-05
-7.019650604491054163e-05 -3.941645021114254655e-05 1.777613977226420055e-04 8.272488636845342291e-05
3.040488296694486895e-05 2.297098071538977617e-05 5.328326451717126008e-05 4.728145700382454375e-05
-2.635680873254517831e-01 6.935237095752424530e-01 1.130894289672717434e+00 -7.001941792600062664e-01
-8.866507551901708917e-02 7.362249519613204285e-01 -6.008221788821370424e-02 6.947427998405538707e-01
-1.468395174793325827e-05 -1.037113639020657857e-04 1.217710043269158298e-04 1.330049805674484082e-04
2.795538514937035979e-01 1.109775020537584755e-01 3.685078928450977176e-01 6.113462625062474065e-02
-7.318160021702688081e-05 -2.982643435190698953e-05 4.639714404878788180e-05 4.688269082864704364e-05
-7.553661903425803385e-05 -2.727953488188223911e-05 1.418666443923639181e-04 9.760478127756954487e-05
7.260559064878765456e-01 -2.437548780690916850e-01 4.604579575607119502e-01 -3.137663143554015460e-02
2.139054098453703201e-01 1.833526914324608015e-01 -2.136023086200387238e-04 2.212107801356488213e-01
-2.372149518037025839e-01 1.589480749925478165e-01 5.429686174886617644e-01 -3.182035187692345279e-01
-4.433199539334870546e-06 1.242955346854643255e-05 5.981602900175750923e-05 5.576918278213619532e-05
-5.217289689991516459e-05 -1.078571062566847398e-05 4.829656096750982465e-06 1.110146731656935178e-05
-5.469863587789154380e-01 5.511500832946230055e-01 8.363460800550981400e-01 7.009056077522218819e-02
3.038480643013197549e-02 -2.786336858533190394e-02 8.039321494712496630e-02 5.954060079347040652e-02
1.018327917051099936e-02 4.736660387477317768e-03 6.796996374489195324e-03 4.493311207190417433e-03
5.634690374788037769e-03 9.227815757817350861e-03 -3.962913655287906168e-04 -1.909367986390525605e-03
6.781750198725735704e-07 -1.016844770207943936e-05 3.890278149613339185e-05 4.655025944372315780e-05
6.314454057699031564e-01 -1.884639923704104283e-02 8.984963969283612517e-01 -5.553801976802709151e-01
4.179341908287625279e-02 4.597230871637297128e-02 8.701234196620399874e-02 7.863582791795217797e-02
-4.253908660761340863e-05 -1.504122160616799025e-05 6.957758468239553173e-05 5.248135815037113040e-05
-7.634289541502995921e-05 -5.457404780996956867e-05 6.165347455128197883e-05 7.864535942374296896e-05
6.176283792730780098e-01 -4.916988845555632093e-01 -4.870322841815897252e-01 2.944115541535475278e-01
3.368803525964835555e-07 7.221766447948701448e-06 7.464632681369579210e-05 6.136702467366115545e-05
-9.014832930081386617e-06 -8.409361164078895670e-06 1.152927288161738545e-04 1.020326525415142331e-04
-3.277325828065839053e-01 6.343415608150761997e-01 8.430330814475577306e-01 -3.939223960152192783e-01
-1.295730060862893138e-05 -2.806004540864481339e-05 1.389796813664436392e-04 9.043044041625579205e-05
-2.865027899411699552e-01 3.163568835344219843e-01 4.604089531275823433e-01 2.421947175461100221e-01
5.314767145030124817e-03 3.976075321873492191e-03 1.329073823056828698e-03 3.233542261846676993e-03
2.679552117614590067e-05 -1.392483291525311815e-05 8.331188576192840624e-05 9.200823548117435888e-05
3.312336063819258913e-05 1.408708472186774305e-05 2.817444661882671802e-05 -4.662171997732511527e-06
2.091347525638754257e-01 -1.259231000283256990e-02 6.398819735956504662e-01 -3.995734727827629507e-01
-1.101430758304005608e-01 8.994607220432433436e-01 6.314079332927724497e-01 2.419543447563563265e-01
-4.205850763243341268e-05 -2.875517921680198391e-05 3.108115714436737959e-05 3.794685260713522853e-05
4.269754388659215416e-01 1.679836169030298476e-01 4.447511253761711192e-01 2.476989271654557734e-01
8.822099776813162455e-06 -5.439088307319163733e-05 5.314964814445962749e-05 4.525905557031524411e-05
-3.686368750910300201e-05 1.762067335015492467e-06 1.146429952544524917e-04 4.558413104585228644e-05
-9.311608538005473612e-01 1.143271802193636999e+00 7.022384211951065991e-01 -9.224344677696687256e-02
2.279672428071382595e-01 1.228409367522293183e-01 1.307535513203702537e-01 5.754707119695786494e-02
3.853548993156239444e-01 6.431095276616743961e-02 2.542826123064252930e-01 2.288717873090960475e-01
-5.196646135395274551e-05 -7.461601005846686847e-05 1.195924199901148190e-04 9.020050146965663594e-05
-3.420470498623497176e-06 -6.125314608714753593e-06 6.154270732129005466e-05 4.593773155515884157e-05
1.213713194932765777e-01 2.201486562525069857e-01 9.287444682845605870e-01 -4.622729986349837228e-01
1.115280941534659009e-02 1.743218303691741614e-03 8.880467762012071720e-02 5.256475613038360389e-02
-2.495531114842262921e-01 7.965531902749423132e-01 2.973249078141531609e-01 2.391282273248065415e-01
-2.050473599812095111e-05 -6.424643209128489275e-05 6.181415150875813687e-05 7.226727636733945906e-05
6.623886889686346980e-06 2.018483479790810251e-05 4.551912613336908523e-05 5.467014933444409923e-05
-4.122468586079282571e-01 8.307532106311008580e-01 6.872688614234852000e-01 -3.818130294295292715e-01
3.113927366772328287e-01 3.242514354030877066e-01 1.028212271769724406e+00 -4.780275076146024982e-01
-3.080095074806965831e-05 -8.778273818945438167e-05 8.958685701224490831e-05 1.279849055265697567e-04
-1.295366260759070823e-06 1.195891608259682076e-05 4.079000356904564711e-05 8.493052258666018576e-05
2.811976720042261291e-02 3.346875137871536260e-02 3.036410789696736834e-01 1.176472609398367813e-01
3.671373701569728421e-01 4.273195883183483756e-02 6.017084227629408977e-01 -1.167105926438697511e-02
3.206385910423878438e-02 3.908900811920734131e-01 3.685128211675447463e-01 1.328196171792807578e-01
2.330008529913522123e-05 -2.677838502806377017e-05 4.707005959265353348e-05 5.980958635533196034e-05
-1.765935237195990007e-05 -2.654826354107694890e-05 5.921650428329494197e-05 5.352580188746634056e-05
-4.559578336901752293e-01 6.404797373760836576e-01 5.280299625189779356e-01 -1.170838958494576088e-01
-4.194234804370676240e-05 -3.678805690151410709e-05 1.289849726084977654e-04 8.971218843220906986e-05
-3.898182355907812487e-06 -3.186046430604774136e-05 3.375980121649821045e-05 2.589508396323397761e-05
2.212694194749219578e-01 1.893914644500473143e-01 4.804826340909900129e-01 -2.190278883147881578e-02
2.289035776328219793e-02 2.828357512836773141e-02 2.139776080428656274e-02 7.339962498571094007e-02
6.146370876005671681e-06 2.298068439352750383e-05 5.552399811906334227e-05 6.034323984091243817e-06
-4.635598017902348302e-05 -4.963626497708616841e-05 1.017487459487723448e-04 6.751176736566760230e-05
3.498371008019936224e-02 6.825829063584734624e-02 1.380459020997305830e-01 3.107792900633967181e-01
4.222201099801351466e-06 -8.336717599135489850e-06 8.750330946103580907e-05 3.139530516928078246e-05
6.211010024617477805e-05 6.639905671509602463e-05 4.842651344731870608e-05 -5.944531545853580915e-07
2.532725567139213971e-02 3.355164107128114775e-02 2.721314136326498725e-02 2.420383066392227042e-02
-2.275369682430906926e-01 -1.358948871049282803e-01 5.769157893634079270e-01 -7.716370904166506284e-01
-2.881056153450182733e-01 8.972334113205158168e-01 4.936616851185017252e-01 3.146907831141604328e-01
6.502050556730665232e-01 7.043568593015389623e-02 2.703001294884060587e-02 5.610224966836891980e-01
-8.045528650921709578e-05 -5.828758132430555310e-05 1.253049318675117493e-04 1.167842784264576015e-04
1.963375087065184210e-01 4.930870693062827659e-02 3.194899674459859007e-01 7.441776594563037639e-02
1.572981833114654449e-01 2.752466024721484938e-01 3.203265129683250945e-01 1.776132786238891204e-01
4.199412443886755392e-05 6.189820021218235947e-05 -3.177238509611379742e-05 -9.922391202241759851e-07
1.509064901120272252e-06 -3.580938816558753836e-05 1.359690871672221153e-04 9.182491592551668576e-05
-7.285600545085997321e-05 -7.963392742198854531e-05 9.513844886081999582e-05 1.055153875422847845e-04
-6.734576903029947104e-02 3.183849476720915783e-01 8.485797068212636018e-01 -5.329037420148978743e-01
6.038049237691011512e-02 1.767905896499307461e-01 2.829436009696797982e-01 8.838714707987777031e-02
5.096932077564450368e-05 5.408208832985385626e-05 2.850561742711876597e-05 -2.409731952951907840e-05
4.571753791342898499e-01 6.676363439509781263e-03 9.831659735794388844e-02 2.375962757609656750e-01
-5.477892113275558469e-05 -4.528293684374334730e-05 1.272556289428433901e-04 1.025562856805360701e-04
-8.705699990706873917e-05 -4.834053859509216506e-05 8.347254053500063290e-05 6.636998514593894750e-05
7.457654019021074665e-02 2.414581529998119369e-02 6.216521958071364456e-02 2.885547408952114992e-02
3.310231451060284622e-05 3.913619682791678466e-05 -1.625256721170673105e-05 -3.522192589667503165e-05
-4.826775310815427974e-05 -7.564771883329748133e-05 7.629633324331148829e-05 5.386160555826494123e-05
-5.235410417613146628e-01 8.741544012990292156e-01 3.077591903799339890e-01 5.181871899102550305e-01
9.058003963310588824e-02 2.291805997478101320e-01 4.582850917778794608e-01 1.606853395437101428e-01
-3.151333579405547931e-05 -3.899209664240778291e-05 1.492325919568086140e-04 6.909348098320555905e-05
-3.045250062467493857e-01 8.858063561013144183e-01 5.669956396745768901e-01 3.257826512748048242e-01
2.034285679480803412e-05 3.037702280191175377e-05 2.067650585359115202e-05 -1.821840045298564595e-05
1.198891607232988160e-05 -4.836689243099841473e-05 5.144313328234254848e-05 5.767289059973931408e-05
1.022772441082307748e-01 2.160155451809691596e-01 1.145858099266992974e-01 2.314792782402076698e-01
-2.002741811598337529e-01 1.538548485612972749e-01 4.229307463862418404e-01 6.871149561263690045e-03
6.141489450481340574e-05 -1.586319120194097246e-06 9.367796660180657548e-05 7.937647254462753968e-05
-5.768192016503921523e-05 -2.896727638685032551e-05 6.695188990944484376e-05 5.922404130161806445e-05
2.238395019525941665e-01 4.654073395692613913e-01 2.731860152565990796e-01 1.405597563999229915e-01
-1.851527660116016009e-05 -3.939117533213570122e-05 7.647974819883754567e-05 2.920165197928382110e-05
-3.233887608614406119e-05 -3.975657693853663498e-05 1.027379242390964183e-04 4.335983648116569487e-05
1.610402749954802207e-05 -2.583827059495562794e-05 8.247893233765959617e-05 4.146441394104446104e-05
1.931636684205648158e-01 1.101863721122822992e-01 2.417243355434331442e-01 1.928720491694106420e-01
-1.684294442370684394e-05 1.167261950235107109e-05 3.539028221483594429e-05 2.908259480409824504e-05
2.735060505043426514e-05 5.492314918498761490e-05 5.589996273547811806e-05 6.233846572647604601e-05
-1.469529472274193338e-01 3.247474923632810984e-01 6.537838833813268691e-01 -2.367093216908588982e-01
7.548083372973943919e-06 -4.112085748767518444e-05 1.269532549375834125e-05 4.063422929140576536e-06
3.561227762588271752e-03 3.497622369765995276e-01 1.274741745058344256e-01 1.832988146808261776e-01
3.098047345515410611e-01 -9.284568768831823193e-02 2.310822927148541150e-01 8.601239877766157782e-02
-3.813434281956590494e-05 1.403336089526757633e-05 1.568982076064327920e-04 1.260485818940212997e-04
4.538197009182541181e-06 -2.705931683484365257e-05 8.703812002106440572e-05 4.902139749043726342e-05
-3.299556414452624927e-03 -5.236730083635878809e-03 9.730973170440337591e-03 8.824766083873173544e-03
-2.302041651534645905e-01 1.191469880349330657e+00 5.451596456963233583e-01 2.134697127637160408e-01
2.261088684320451958e-01 4.114060464484035617e-01 7.432824490581716459e-01 -1.618060174072826485e-01
-6.647824045652611939e-05 -8.976279127607173674e-05 6.240167796577000511e-05 8.492892664811479183e-05
6.547206143673459165e-05 6.636047011698075295e-05 -3.242234562554467290e-05 -2.796365903450022365e-05
-2.308486659289344656e-01 7.967925384318956805e-01 6.113219923382455789e-01 1.636535064676458706e-01
4.678021902548209487e-01 -3.835662236734798669e-01 3.182182481755260750e-01 1.629956004641514022e-01
-3.709173013916172430e-05 -2.864251379015162317e-05 1.771657220288398629e-04 1.238274957501295519e-04
-2.857143710261475773e-06 1.581075935782799688e-05 3.079120538560681399e-05 3.692741081483477163e-06
3.912814397347923174e-05 -1.062654346857509678e-06 7.388299910570876431e-05 5.219450828580807797e-05
-4.227942581394227850e-01 1.071575056571407503e+00 8.690254474244358818e-01 2.456694697076994005e-01
2.258817880477963502e-01 3.365022487895317771e-01 6.395212254946325281e-01 1.110622991972647772e-02
4.228237883109425382e-05 7.521955959620795352e-05 -2.950280512728924344e-06 -4.549369655261318716e-06
-6.906562192571379945e-05 -1.202378779919848688e-04 5.608636938268226962e-05 5.128219659450264139e-05
1.402003063642713096e-05 -1.521291111420752047e-05 1.094935742289899772e-04 7.200428909967931934e-05
1.193546602028931758e-02 2.541601561838813805e-01 4.721222905508132839e-01 2.838678885068530167e-01
6.872376279647794532e-05 4.481034711075618720e-05 3.345441853089788152e-05 4.774999363114890213e-06
-3.808924446654883209e-05 -2.320908504289010289e-05 6.324548799239155367e-05 1.095733770809652712e-05
1.974478771469156634e-05 2.562166899769426540e-05 -1.918484298757060870e-05 1.414464929569396801e-05
-2.715422313271910748e-01 1.434167740238451449e-01 4.851197832323065340e-01 -1.492365991591518108e-02
1.135728893184343238e-03 -5.360384015401961980e-03 1.217741082884737230e-02 1.142530911607162608e-02
7.996089492611137977e-05 5.775369687539851337e-05 2.994149174006969775e-05 2.244020913193934946e-06
2.540508022100970722e-05 3.783949139601698440e-05 2.317027942963019815e-05 2.171441308569453898e-05
-4.049791645973634391e-01 8.616924321310852619e-01 7.145821266589562626e-01 -1.136063277043265485e-01
3.669605694512363382e-05 2.536711091682986526e-05 5.844218690551913160e-05 2.356300851773975776e-05
-1.312265825326980979e-04 -8.413844838817697018e-05 1.426989476398257358e-04 1.133193195737801080e-04
1.638338788230431775e-01 9.149365061888056760e-02 1.376090436061741529e-01 8.272614655415302942e-02
2.383247269061548116e-06 -1.404745741542959391e-05 9.600592140352284289e-05 7.946910026038378385e-05
7.260660736601792851e-05 5.449802368966944708e-05 2.136860892132748022e-05 -1.523559723591207629e-06
3.868827734770324822e-02 2.329200012073633780e-02 6.119240855376260196e-02 5.134928247048024808e-02
-5.584370737551191954e-01 1.059814059700591837e+00 7.952648881921206003e-01 -8.715887585854223407e-02
-1.358056215135915873e-04 -1.373339513686389058e-04 9.521681659927083295e-05 9.112311143476586244e-05
2.717706979626684707e-05 1.338163816781286277e-05 8.155431463103076815e-05 6.583490933012119118e-06
4.224714875614308252e-01 1.590126529243903741e-01 1.321284398459615927e-01 3.019303923755692343e-01
-3.904145154255830308e-01 7.498672858191378632e-01 8.446644469683175505e-01 -2.006368041495495969e-01
3.285321565964548912e-02 1.930343359436374404e-02 6.844778905409092118e-02 3.779817430447234006e-02
-6.526603955731263406e-05 -1.432116349820254241e-04 1.022622120256808304e-04 1.510730979286532729e-04
-2.175782819966649850e-01 6.022244076042082561e-01 7.112209768585709968e-01 -1.060299199142865356e-01
8.866585778174615148e-05 1.067705271120178889e-04 -3.058703749525744521e-05 -3.732039390955477014e-05
-4.107848506685954915e-01 2.192691387233635658e-01 4.755535143905219586e-01 -2.598267607566551729e-01
9.134548797564613631e-02 5.254762764285709348e-02 7.952627559658376200e-02 2.054198907005520477e-02
1.328651427747564936e-02 1.380993048493392265e-02 6.936598666140907088e-02 8.399886601926337404e-02
2.819649966011507705e-02 2.264511621267271263e-02 3.441701549912398045e-02 4.571721090827271516e-02
-2.943253472484377189e-05 -2.240929918326267932e-05 5.135039757665571465e-05 2.184989565837074625e-05
-2.338144459563836208e-01 6.013999602281017154e-01 6.341429799558125913e-01 -3.958792402387455445e-01
-4.990396541375632933e-01 9.792579365475566622e-01 4.728032992255039035e-01 1.637803540058321572e-01
3.898039712958191738e-01 2.502647366563793829e-01 4.814412872797251275e-01 4.310691986393020980e-01
-6.904929568130806043e-05 -1.148178296455183505e-04 1.106094509387036795e-04 1.214983728185810687e-04
4.047232098002717947e-05 5.363593490610953517e-06 5.233700675963450915e-05 2.364797007232285366e-05
-4.974922018627018355e-02 3.164036424810844350e-01 5.310578904532987643e-01 -3.506014593892936571e-01
-1.485321681959359541e-01 7.171950760724066232e-01 4.954444644927319397e-01 4.406031474208769727e-01
7.413965211969526392e-06 -2.757372378161725295e-05 9.663860020979265282e-05 5.276541850814452870e-05
4.113791502168912123e-07 -1.763845811590444016e-05 9.955417752885027910e-05 7.036339977884290052e-05
1.127301885689296935e-05 1.361970304354310688e-05 3.580030665407166565e-05 5.553584570167882146e-05
-3.599396905571864980e-01 7.090192855382663195e-01 4.816418714625669839e-01 3.617476620138227461e-01
6.849194221859468260e-05 6.560529622048702914e-05 -1.772082657074327422e-05 -1.099509756203374773e-05
4.719181476278488463e-05 5.690919146427303183e-05 4.820602500440228838e-05 1.452138627540210674e-05
3.315275711366310607e-01 -2.004437739415860023e-02 3.475032795743572267e-01 9.601100899969755575e-02
-1.067430788360909937e-04 -9.882299895796312658e-05 1.248964918177543468e-04 8.267170280369801874e-05
-4.027127425430474840e-03 3.954932258616088991e-01 4.760139378967858104e-01 7.790721066961707464e-02
6.665821853280086418e-02 1.063206667601470784e-01 2.897698721627927632e-01 1.500270660389798616e-01
6.374233106455740039e-02 4.726089484136147822e-02 4.427229823028686756e-02 2.847147072483222074e-02
2.170295651284666338e-01 5.445146097676454300e-01 7.488322757103812455e-01 2.091627883972545510e-01
-1.107164427951657021e-04 -9.497200747552425311e-05 2.534631527631148773e-05 1.816521816987721729e-05
1.765914985733924681e-05 -1.509115375174540178e-05 1.074823573208762010e-04 1.375439422711615496e-04
2.186729459022089539e-01 2.331796595385999399e-02 1.068202334870494763e+00 -3.461226048449771442e-01
3.805677289989998824e-05 7.255913241007133207e-05 -6.424743531730352252e-05 -3.911136800833045935e-05
-1.667304337031242367e-01 6.774782019633898145e-01 5.031992502317892413e-01 1.286558364082975026e-01
-2.638577227724869394e-05 -3.249161556916341633e-05 8.171585114064408887e-05 4.164545259445342969e-05
1.937712380277495927e-01 2.119723770703573207e-01 2.960222266202435226e-01 2.394273039900642053e-01
-2.836628036831700858e-05 -4.645064473770520446e-05 1.564176193112112856e-04 5.541386770521806765e-05
9.302511129905234599e-02 4.772083279391790556e-01 -1.027410126707651028e-01 6.871804804664589650e-01
-7.147417376747572035e-03 -7.461618711400528486e-03 4.219614472801843687e-03 3.071888985676824932e-03
1.110966221158798672e-01 2.409848194760926543e-01 2.627458155928398265e-01 2.278733333240010733e-02
2.622786958861788031e-01 2.998972159805247673e-01 6.680247719093844738e-01 3.524569370197162127e-02
-1.455029833064294675e-01 4.366925871148801264e-01 -7.786159287689067843e-02 4.107645198886717419e-01
-4.777548828908608099e-05 -4.906423471247047088e-05 6.057453450734068419e-05 4.150265071459875114e-05
-1.438546511751492249e-05 -5.706890643950151827e-05 1.152500466663534625e-04 1.188318795437971162e-04
2.724495247496880516e-05 4.741262611511959580e-05 1.189958628645029201e-05 -1.040725157542617665e-05
-2.316701681193762859e-05 -4.229909102085735792e-05 1.058790599748815137e-04 1.040224754224562329e-04
1.023870957235733625e-04 1.459968394595702323e-04 -1.225464607647935311e-06 -6.785101724341158485e-05
7.081158335747261164e-06 -2.167956471412236792e-05 1.186360298132471068e-04 1.017579460382453768e-04
-1.033059905629700969e-04 -6.009791677078337656e-05 9.989810868458638021e-05 5.140717454044218941e-05
4.083583237888021439e-02 -1.369828579784874642e-02 2.031021210149379017e-02 4.748783566973208137e-02
2.658255642188389373e-05 -4.656273932400550538e-05 6.963070306254985154e-05 5.764986432744152435e-05
3.467209385163003610e-05 3.750006092175315323e-05 1.223511523028235457e-05 2.871436340160817601e-05
-4.817693894692665990e-05 -2.243366645990884986e-05 8.257375702583032509e-05 1.027239663789642903e-04
-3.629613483263210982e-01 6.385842699338811768e-01 1.012322799579606913e+00 -3.705893902672411921e-01
1.579841670690418087e-01 1.956381324710138869e-01 2.517410068232667775e-01 4.398086219960446047e-02
-6.441010431091542809e-01 1.413889131825575740e+00 1.467404519040106659e-01 5.035487344933871068e-01
2.079011943783438954e-01 -4.466076538925894401e-01 6.082057457357764596e-01 -7.467506835757270478e-01
3.034800850519334126e-01 4.896984195904941495e-01 4.221238287433257685e-01 2.676684431536894282e-01
-3.194396940633439806e-06 -5.173596398771374190e-05 1.389436676293724822e-04 1.106345217252376631e-04
-7.544827113970403200e-05 -9.607493197769602822e-05 1.071700194271960093e-04 1.198713243478104283e-04
6.300682384127453961e-02 3.893231912140975720e-02 9.805412363188409364e-02 5.685499995937994683e-02
-3.670686523388156861e-05 -1.316137874670548663e-05 1.102070804955701267e-04 6.187227520634204264e-05
-4.973892272135837676e-05 -1.045532792805522435e-04 5.255093493275241550e-05 9.744988368942305039e-05
-6.181481454957461355e-06 -8.820239697509435432e-06 2.230302873915294019e-05 1.569773466048746282e-05
5.587222267039377758e-05 1.042600381217356211e-04 4.539830424354067445e-05 -1.285624868401195485e-05
-1.986164706036802963e-05 -4.453854868146826736e-05 9.266876325188789479e-05 8.625841942820416334e-05
5.467253179598864822e-05 5.965560867271562712e-05 1.595154053984650891e-05 1.990516895717425708e-05
5.973397241824376924e-02 4.533053053524076503e-01 6.159785747808236289e-01 2.873571199418410438e-01
-6.267757604302317382e-06 -5.741834292832832386e-05 5.167685144169493144e-05 4.982501870704638780e-05
-1.879437691062468552e-01 1.876568764841349268e-01 3.259453621429569958e-01 -3.969881121834518689e-01
5.565923969991372995e-05 9.368788904134680323e-06 2.938642868715133510e-05 1.600868236451514904e-05
-4.587628770615626572e-01 6.732763180692535876e-01 3.764652024502131433e-01 6.657509688802876538e-03
5.910159375174214857e-02 1.910464282556985013e-02 9.399993445038888618e-02 8.186337673571714157e-02
-8.254940570602303890e-06 -2.173587605506361025e-05 9.687144368467512866e-05 6.175786000326268042e-05
-4.214724541314903705e-01 4.909733901523191113e-01 4.274721645550834115e-01 -4.993373890797891956e-02
-3.499159825165779162e-05 -4.179014288516269082e-05 1.369115685629826147e-04 9.459294747397231759e-05
-2.161914303638965557e-06 2.801972254220672372e-05 1.944993127350800563e-05 1.831257608375739523e-05
7.246290004704311061e-01 -7.812901547032151672e-01 8.030212355738559904e-02 2.316287331428021692e-02
-2.375027880251558143e-01 9.339846839071825890e-01 9.636250581584985264e-01 -2.174837065843137629e-01
3.760612453208043993e-03 5.808805196436830354e-01 2.444691195872860934e-01 5.162821087685530719e-01
9.151325827827537784e-01 -2.653009585208668808e-01 4.548699844379360813e-01 2.148730943003433758e-01
-1.203927477611083178e-04 -4.391432355484466669e-05 8.874863186078610345e-05 9.904213739998873032e-05
5.176992006912688925e-05 4.154605087018230529e-05 2.483490801945454455e-05 -5.414103413825591116e-06
-3.643249573748931769e-01 1.882021781661442350e-01 6.217714570703900545e-01 -4.947391129969806456e-01
2.398958793129813694e-01 2.727729700913923971e-01 2.986915519311821310e-01 2.999178237747481268e-01
1.047558839471229643e-06 -5.125264096955314661e-05 1.022482904600000876e-04 4.418193676428907327e-05
-1.230387318042660966e-01 3.838455167765328357e-01 2.237990104732981989e-01 2.909982185461077453e-01
2.062479993144222812e-01 2.322851358055565696e-01 5.647649646689613112e-01 2.685386085718158289e-01
3.974505443418805285e-05 9.210236006371463641e-05 -5.411104274544131212e-05 -8.821466457927249264e-05
-9.499335724960921860e-06 -1.314030526327085777e-05 6.462768823324116594e-05 9.006138919633906040e-05
1.908000151438919711e-01 2.574207071860974416e-01 3.971527824231681492e-01 2.943435515728287100e-01
1.360313366544880045e-04 1.672527087408276134e-04 -6.984508939538393757e-05 -3.580902956480968874e-05
3.087415967745145151e-01 -2.963480415579421434e-01 8.505390147577617244e-01 -5.524143928294963368e-01
-8.619220531946751378e-05 -4.177571703173981566e-05 1.113920279070900436e-04 6.799685746853435895e-05
-4.641369145327659120e-05 -8.008115255067266357e-05 7.483507963627990852e-05 7.985424358354185762e-05
4.493643271673886287e-05 3.466690531356508381e-05 5.408013124001397923e-06 9.810658144245092095e-06
1.232145909489129748e-01 4.848168357434345932e-01 8.287790743172566144e-01 -4.559549402482823699e-01
-2.567900360750605070e-05 -3.820388821297405682e-05 4.877652030288068366e-05 9.762918297188862699e-05
1.933544836537023258e-05 5.586807520747719804e-06 9.450756490601189654e-05 5.033214226694622160e-05
-6.959446504317021674e-05 -6.001389026628072861e-05 1.595006172701484619e-04 1.214797706135707785e-04
3.755050753422215672e-06 -6.988539012988825990e-05 7.283083268412040515e-05 7.366809908984162450e-05
1.705995102260958815e-05 1.083038899705415876e-05 5.067708172691098785e-05 3.489907351048193463e-05
-6.494995781454970807e-02 7.040403667939278964e-01 2.643055912480203329e-01 3.284524849108806932e-01
-5.267341911869896530e-06 -3.227950002655731693e-05 1.026820287432680641e-04 1.026129511952241614e-04
-6.267636950306865185e-01 9.926776221366774289e-01 1.041943520597687023e+00 -4.803939415465807161e-01
-4.315970302720758545e-01 4.949513113697410760e-01 8.327019991056757720e-01 -5.150216907560969393e-01
2.344233353810004916e-01 8.980671527406200449e-02 3.059346398448878901e-01 3.375098244150778748e-02
-6.378954856348060544e-05 -3.596642101846197673e-05 7.907178415688478651e-05 7.526886047311253378e-05
-1.678699099197648315e-01 9.190334682194589710e-01 3.428970065149287150e-01 5.973712989630957093e-01
3.012786618706507213e-01 -1.281618944026737539e-01 1.135570759066082264e-01 1.817061385925521633e-01
-1.144785627146031604e-01 8.376217652952578918e-01 1.048892959009896320e+00 -1.920471030496152531e-01
1.586882297126429123e-05 -4.600767279795677314e-05 8.078436394364039291e-05 6.840683461742556805e-05
-5.644951707509042829e-05 -2.016166824476931939e-05 6.354152628688404785e-05 2.778440112527778282e-05
4.408268247500021498e-05 -3.160391509636766868e-05 6.445923340902541163e-05 6.948024071461708152e-05
-3.640789395000929018e-01 9.174380377647166629e-01 3.284260637218940904e-01 3.302412883118229781e-01
3.270192776702451892e-05 -7.399940195126115040e-06 7.103564793207280874e-05 1.045128770042352839e-04
4.441179049266461801e-05 2.751641025943017303e-05 5.782426691701405885e-05 1.889184406655692298e-05
-7.423016305230016876e-01 7.894983859875415177e-01 8.753066226908696734e-01 -4.553464115451083538e-01
4.953823293185889015e-02 3.770115315830402380e-02 6.826409703009915508e-02 4.277288492358041067e-02
-3.011303364133023516e-05 -4.299528416166426893e-05 4.866222336509750502e-05 5.127348973098720360e-05
-8.941432308771166267e-06 4.327220474970871908e-06 1.174289799714914480e-05 -1.108832979531269828e-06
4.180561331491102622e-02 1.801112870480260642e-02 4.822806067155806231e-02 3.311293003950016578e-02
-8.842746540058648967e-05 -1.040170392503770815e-04 1.000653825719975985e-04 8.604330777982208481e-05
1.646032214782885694e-01 6.777594317183419648e-01 3.307235462532487347e-01 4.680860562646490530e-01
6.277510062548363103e-06 1.129085697252092098e-05 1.270680517930315170e-04 5.092950872767348523e-05
1.722066162718004778e-01 3.908002111567616121e-01 5.186646120884581823e-02 4.003864845609406142e-01
-6.085663689520321752e-05 -4.186038272153441871e-05 9.023273849454173617e-05 8.528526954663358326e-05
-2.411318561386332771e-01 8.481792212913914497e-01 9.523113093997793710e-01 -1.132591598550723444e-01
3.005617113451770485e-05 3.786766693404446468e-05 7.202815315731080554e-06 -1.192271018319780124e-05
-4.962283495021988831e-06 -7.937972613513268137e-05 1.268744512727921028e-04 8.672921507406285060e-05
2.648901698024471815e-05 -2.068622023178016102e-05 9.055281880021031509e-05 4.244634591444737483e-05
-9.001100542318358350e-03 -2.340982121303806542e-03 8.438366473273994917e-02 8.796320257135567533e-02
-1.523172150647858471e-05 4.463385542548987227e-06 1.473509545908990609e-05 1.115671345078810881e-05
-8.875524213970679976e-02 7.551438060755197856e-01 1.085846271697936238e+00 -1.326268270709110852e-01
2.895511874726012583e-05 2.004218064188518047e-05 -5.669971305543455827e-06 9.082684595951576723e-06
-8.557887360481640276e-05 -1.045379635315504775e-04 1.143084915490005630e-04 6.814237045270644662e-05
1.486864438523597121e-01 1.548696295484930652e-01 2.131298213804722896e-01 7.740367361403013846e-02
1.298792540902526105e-01 4.775546065571079080e-01 6.320839537207703085e-01 -2.183349779842479448e-03
4.115362590004641163e-02 2.077816437932102772e-02 4.719168519678709761e-02 5.822877159427487792e-02
-3.080057424650975983e-01 5.840701413781099749e-01 3.575855428737130803e-01 1.541955947835667584e-01
8.574795889263080173e-02 4.897369548506769893e-02 2.638183387766336249e-02 8.288971186191942953e-02
-3.813484683598887259e-01 7.629736043444866889e-01 7.928399536863741659e-01 -3.544462332154313944e-01
-6.178858020888580434e-05 -4.358942134621155486e-05 1.307470330232383325e-05 5.545355726768838762e-05
-3.932466059767363416e-05 -8.626243549965167609e-05 1.706862764938344183e-04 9.381703872967467274e-05
1.146505431815093706e-01 3.818996174172402114e-01 7.696311035129543843e-01 -2.257010225843784357e-01
1.673380240640149341e-01 3.053985699825967348e-01 4.587417095074637907e-01 3.250741971970835809e-01
2.934121033801416365e-06 1.646477494809097522e-05 1.331914392336430746e-05 -2.626116496793045118e-05
-5.149902266110303157e-05 -1.428665586308432682e-05 4.745068377680375463e-05 2.292425016753803132e-05
4.696552924700359566e-01 1.221780119468076492e-02 5.118932922122685358e-01 -3.671113518403809617e-02
-1.972528077416759625e-05 -3.214929538859065601e-05 8.454581957563805288e-05 8.871975573753279089e-05
-1.695220248388779714e-05 -1.060572816355611328e-05 1.087133795091137109e-04 8.304885405878587327e-05
2.442897122736848448e-01 1.350843848144973325e-01 2.004881522467054922e-01 2.696145970694156513e-01
2.929242585142031730e-01 1.199044590450785569e-01 3.801808355627770974e-01 1.440752028555703987e-02
-7.418720853088688028e-05 -2.234182188790719050e-05 7.292837710219303600e-05 2.866710297275580212e-05
-4.980946417971561358e-06 -1.169813791495034806e-05 1.733030848957176640e-05 3.473817115278480746e-05
1.505030128216988847e-05 -2.479537946537260573e-05 1.117834503823321066e-04 8.938138848945814945e-05
3.517238663043015354e-05 2.403967529699274438e-05 4.744748885677038024e-05 1.571294282645239275e-05
1.881546361978987669e-01 5.072339253334002401e-02 4.706016580943169769e-01 -2.435414197870306580e-02
-4.846775928022967471e-05 -2.973214185789209766e-05 4.969331507497444549e-05 4.722701353996261523e-05
-3.837315162040459415e-01 9.067493362008206548e-01 1.599224313768718431e-01 4.861454994039653421e-01
2.692090480631900706e-01 7.193225163186191262e-02 1.767619520143517142e-01 -4.081455303298908883e-03
-1.963226224225486299e-05 1.487810502271093478e-05 3.398337906978228062e-05 3.311336415719812941e-05
4.014278974673976162e-05 2.007934995520058611e-06 6.312088828523779735e-05 3.163372993660597775e-05
-1.050383854239596542e-04 -8.167897431262032893e-05 1.506237604225565312e-04 1.213740511282552419e-04
1.412818582665299472e-01 2.476293564307034123e-01 2.857951547343956511e-01 2.030211915829737979e-01
