0.000000000000000000e+00 0.000000000000000000e+00 1.786201547415662907e-02
0.000000000000000000e+00 1.000000000000000000e+00 4.824383069621668990e-02
0.000000000000000000e+00 2.000000000000000000e+00 5.250672830818170489e-02
0.000000000000000000e+00 3.000000000000000000e+00 1.837028001413245071e-01
0.000000000000000000e+00 4.000000000000000000e+00 6.789377755487265020e-02
1.000000000000000000e+00 0.000000000000000000e+00 6.003609923108153140e-02
1.000000000000000000e+00 1.000000000000000000e+00 8.365632455876095830e-02
1.000000000000000000e+00 2.000000000000000000e+00 7.261273112794648654e-02
1.000000000000000000e+00 3.000000000000000000e+00 6.449471112913261750e-02
1.000000000000000000e+00 4.000000000000000000e+00 9.570645305379855972e-02
2.000000000000000000e+00 0.000000000000000000e+00 1.099013703369352557e-01
2.000000000000000000e+00 1.000000000000000000e+00 1.159511619606467953e-01
2.000000000000000000e+00 2.000000000000000000e+00 4.148633147702236040e-02
2.000000000000000000e+00 3.000000000000000000e+00 8.542700023801487463e-02
2.000000000000000000e+00 4.000000000000000000e+00 6.684770966378676682e-02
3.000000000000000000e+00 0.000000000000000000e+00 8.358813265944908810e-02
3.000000000000000000e+00 1.000000000000000000e+00 1.299372113728071154e-01
3.000000000000000000e+00 2.000000000000000000e+00 6.511988183273717534e-02
3.000000000000000000e+00 3.000000000000000000e+00 8.910386646692579349e-02
3.000000000000000000e+00 4.000000000000000000e+00 5.596472113113831054e-02
4.000000000000000000e+00 0.000000000000000000e+00 8.195457866146006742e-02
4.000000000000000000e+00 1.000000000000000000e+00 3.530108076184815258e-02
4.000000000000000000e+00 2.000000000000000000e+00 6.245141159929024077e-02
4.000000000000000000e+00 3.000000000000000000e+00 6.184039024700818676e-02
4.000000000000000000e+00 4.000000000000000000e+00 1.165370656400298993e-01
5.000000000000000000e+00 0.000000000000000000e+00 5.973471599827938350e-02
5.000000000000000000e+00 1.000000000000000000e+00 1.200256791854058119e-01
5.000000000000000000e+00 2.000000000000000000e+00 5.218522834254529091e-02
5.000000000000000000e+00 3.000000000000000000e+00 8.600394986713549850e-02
5.000000000000000000e+00 4.000000000000000000e+00 4.232980026221808134e-02
6.000000000000000000e+00 0.000000000000000000e+00 9.056692272005173461e-02
6.000000000000000000e+00 1.000000000000000000e+00 6.546539738423216848e-02
6.000000000000000000e+00 2.000000000000000000e+00 8.081623138429086528e-02
6.000000000000000000e+00 3.000000000000000000e+00 4.656722782369616953e-02
6.000000000000000000e+00 4.000000000000000000e+00 7.884644794876349838e-02
7.000000000000000000e+00 0.000000000000000000e+00 2.675551134355639432e-02
7.000000000000000000e+00 1.000000000000000000e+00 5.474884602073148976e-02
7.000000000000000000e+00 2.000000000000000000e+00 9.993170761985657735e-02
7.000000000000000000e+00 3.000000000000000000e+00 7.691718038141490132e-02
7.000000000000000000e+00 4.000000000000000000e+00 9.517209150874517132e-02
8.000000000000000000e+00 0.000000000000000000e+00 5.727714997458976248e-02
8.000000000000000000e+00 1.000000000000000000e+00 3.340718817925261014e-02
8.000000000000000000e+00 2.000000000000000000e+00 1.179044479263170048e-01
8.000000000000000000e+00 3.000000000000000000e+00 9.743681473004713045e-02
8.000000000000000000e+00 4.000000000000000000e+00 5.902053284013431683e-02
9.000000000000000000e+00 0.000000000000000000e+00 4.155354343821918151e-02
9.000000000000000000e+00 1.000000000000000000e+00 7.648359007402738552e-02
9.000000000000000000e+00 2.000000000000000000e+00 1.530165666464353147e-01
9.000000000000000000e+00 3.000000000000000000e+00 1.276793960945220470e-02
9.000000000000000000e+00 4.000000000000000000e+00 7.643132775464488160e-02
1.000000000000000000e+01 0.000000000000000000e+00 5.433845152092326575e-02
1.000000000000000000e+01 1.000000000000000000e+00 1.227606367506032525e-01
1.000000000000000000e+01 2.000000000000000000e+00 7.266310541003222212e-02
1.000000000000000000e+01 3.000000000000000000e+00 6.231395190397716333e-02
1.000000000000000000e+01 4.000000000000000000e+00 8.709658113315556227e-02
1.100000000000000000e+01 0.000000000000000000e+00 6.124864736461644449e-02
1.100000000000000000e+01 1.000000000000000000e+00 7.664053527866795945e-02
1.100000000000000000e+01 2.000000000000000000e+00 4.554290629529717666e-02
1.100000000000000000e+01 3.000000000000000000e+00 6.838380045687170172e-02
1.100000000000000000e+01 4.000000000000000000e+00 9.562570514704496483e-02
1.200000000000000000e+01 0.000000000000000000e+00 1.374534959050943417e-01
1.200000000000000000e+01 1.000000000000000000e+00 4.437257824788808092e-02
1.200000000000000000e+01 2.000000000000000000e+00 4.933081493086563518e-02
1.200000000000000000e+01 3.000000000000000000e+00 7.166229828374866273e-02
1.200000000000000000e+01 4.000000000000000000e+00 6.740033125107107448e-02
1.300000000000000000e+01 0.000000000000000000e+00 9.530125047797882720e-02
1.300000000000000000e+01 1.000000000000000000e+00 7.758668908396354480e-02
1.300000000000000000e+01 2.000000000000000000e+00 7.844289640979783262e-02
1.300000000000000000e+01 3.000000000000000000e+00 3.206870731690387999e-02
1.300000000000000000e+01 4.000000000000000000e+00 8.190711356270270749e-02
1.400000000000000000e+01 0.000000000000000000e+00 9.743856096840018688e-02
1.400000000000000000e+01 1.000000000000000000e+00 1.317032111411967597e-02
1.400000000000000000e+01 2.000000000000000000e+00 1.184420376600820446e-01
1.400000000000000000e+01 3.000000000000000000e+00 1.191652378561363357e-01
1.400000000000000000e+01 4.000000000000000000e+00 2.139042408118426233e-02
1.500000000000000000e+01 0.000000000000000000e+00 6.676492540962931932e-02
1.500000000000000000e+01 1.000000000000000000e+00 1.002420288157207656e-01
1.500000000000000000e+01 2.000000000000000000e+00 4.782949953447195729e-02
1.500000000000000000e+01 3.000000000000000000e+00 4.763655320778038132e-02
1.500000000000000000e+01 4.000000000000000000e+00 7.994971593458981285e-02
1.600000000000000000e+01 0.000000000000000000e+00 2.932219087822621889e-02
1.600000000000000000e+01 1.000000000000000000e+00 1.192535903343277387e-01
1.600000000000000000e+01 2.000000000000000000e+00 5.111291613352215296e-02
1.600000000000000000e+01 3.000000000000000000e+00 4.104097710507800811e-02
1.600000000000000000e+01 4.000000000000000000e+00 1.017702272705833522e-01
1.700000000000000000e+01 0.000000000000000000e+00 4.882192852991702053e-02
1.700000000000000000e+01 1.000000000000000000e+00 4.371004732063865639e-02
1.700000000000000000e+01 2.000000000000000000e+00 1.155227071817663542e-01
1.700000000000000000e+01 3.000000000000000000e+00 8.986163539487730667e-02
1.700000000000000000e+01 4.000000000000000000e+00 7.506403401516059670e-02
1.800000000000000000e+01 0.000000000000000000e+00 5.869348148089792438e-02
1.800000000000000000e+01 1.000000000000000000e+00 5.793697393561704490e-02
1.800000000000000000e+01 2.000000000000000000e+00 8.066192839756222699e-02
1.800000000000000000e+01 3.000000000000000000e+00 6.404152057784957830e-02
1.800000000000000000e+01 4.000000000000000000e+00 9.673681067759333507e-02
1.900000000000000000e+01 0.000000000000000000e+00 1.451522109894511636e-01
1.900000000000000000e+01 1.000000000000000000e+00 1.042790207755306536e-01
1.900000000000000000e+01 2.000000000000000000e+00 2.718588877851614224e-02
1.900000000000000000e+01 3.000000000000000000e+00 3.645530022162653261e-02
1.900000000000000000e+01 4.000000000000000000e+00 4.290749925663348008e-02
2.000000000000000000e+01 0.000000000000000000e+00 7.593231155860057091e-02
2.000000000000000000e+01 1.000000000000000000e+00 3.217087105676351422e-02
2.000000000000000000e+01 2.000000000000000000e+00 8.803277668081505025e-02
2.000000000000000000e+01 3.000000000000000000e+00 4.848627484196664506e-02
2.000000000000000000e+01 4.000000000000000000e+00 1.144068864420955123e-01
2.100000000000000000e+01 0.000000000000000000e+00 4.701954361882484251e-02
2.100000000000000000e+01 1.000000000000000000e+00 7.087152624073798923e-02
2.100000000000000000e+01 2.000000000000000000e+00 1.246465729270265221e-01
2.100000000000000000e+01 3.000000000000000000e+00 7.593954629470765771e-02
2.100000000000000000e+01 4.000000000000000000e+00 5.057279176603379084e-02
2.200000000000000000e+01 0.000000000000000000e+00 2.333678415082632296e-02
2.200000000000000000e+01 1.000000000000000000e+00 1.101777542643849056e-01
2.200000000000000000e+01 2.000000000000000000e+00 5.601510911335715742e-02
2.200000000000000000e+01 3.000000000000000000e+00 5.161129661563508553e-02
2.200000000000000000e+01 4.000000000000000000e+00 9.768628352400055004e-02
2.300000000000000000e+01 0.000000000000000000e+00 7.910950826742191300e-02
2.300000000000000000e+01 1.000000000000000000e+00 8.656193427620685610e-02
2.300000000000000000e+01 2.000000000000000000e+00 9.760648158879374481e-02
2.300000000000000000e+01 3.000000000000000000e+00 2.323090461130194323e-02
2.300000000000000000e+01 4.000000000000000000e+00 9.736348128055678786e-02
2.400000000000000000e+01 0.000000000000000000e+00 9.532732116465625349e-02
2.400000000000000000e+01 1.000000000000000000e+00 5.824181066418684244e-02
2.400000000000000000e+01 2.000000000000000000e+00 4.841979890994456415e-02
2.400000000000000000e+01 3.000000000000000000e+00 7.822906811503997637e-02
2.400000000000000000e+01 4.000000000000000000e+00 5.677576535956083137e-02
2.500000000000000000e+01 0.000000000000000000e+00 9.445829293859872577e-02
2.500000000000000000e+01 1.000000000000000000e+00 5.156204851367749559e-02
2.500000000000000000e+01 2.000000000000000000e+00 5.971770021509623799e-02
2.500000000000000000e+01 3.000000000000000000e+00 1.394883483236351307e-01
2.500000000000000000e+01 4.000000000000000000e+00 3.565772883367630819e-02
2.600000000000000000e+01 0.000000000000000000e+00 5.477979017354543678e-02
2.600000000000000000e+01 1.000000000000000000e+00 1.033501927862756353e-01
2.600000000000000000e+01 2.000000000000000000e+00 7.383508197807683859e-02
2.600000000000000000e+01 3.000000000000000000e+00 6.437829993485252866e-02
2.600000000000000000e+01 4.000000000000000000e+00 4.916231839719550911e-02
2.700000000000000000e+01 0.000000000000000000e+00 8.532813103475625494e-02
2.700000000000000000e+01 1.000000000000000000e+00 6.120746763608449909e-02
2.700000000000000000e+01 2.000000000000000000e+00 5.264196086381205120e-02
2.700000000000000000e+01 3.000000000000000000e+00 7.459337372734828331e-02
2.700000000000000000e+01 4.000000000000000000e+00 1.008396758136014260e-01
2.800000000000000000e+01 0.000000000000000000e+00 1.056792388076664008e-01
2.800000000000000000e+01 1.000000000000000000e+00 4.218459484939666992e-02
2.800000000000000000e+01 2.000000000000000000e+00 7.510565536702498712e-02
2.800000000000000000e+01 3.000000000000000000e+00 1.030427123356700420e-01
2.800000000000000000e+01 4.000000000000000000e+00 3.495045833368735227e-02
2.900000000000000000e+01 0.000000000000000000e+00 8.509372571394813178e-02
2.900000000000000000e+01 1.000000000000000000e+00 6.781975391564125377e-02
2.900000000000000000e+01 2.000000000000000000e+00 1.090021507572612597e-01
2.900000000000000000e+01 3.000000000000000000e+00 6.248783344472169654e-02
2.900000000000000000e+01 4.000000000000000000e+00 4.813629320465313138e-02
3.000000000000000000e+01 0.000000000000000000e+00 5.286108393589139531e-02
3.000000000000000000e+01 1.000000000000000000e+00 4.959471522109124703e-02
3.000000000000000000e+01 2.000000000000000000e+00 5.869268300287149714e-02
3.000000000000000000e+01 3.000000000000000000e+00 1.113195199090508125e-01
3.000000000000000000e+01 4.000000000000000000e+00 7.166935569674720563e-02
3.100000000000000000e+01 0.000000000000000000e+00 4.318217994456527431e-02
3.100000000000000000e+01 1.000000000000000000e+00 6.050591864918218599e-02
3.100000000000000000e+01 2.000000000000000000e+00 4.296157620417527523e-02
3.100000000000000000e+01 3.000000000000000000e+00 1.588834759474801184e-01
3.100000000000000000e+01 4.000000000000000000e+00 6.234919994984294139e-02
3.200000000000000000e+01 0.000000000000000000e+00 5.652352328795602621e-02
3.200000000000000000e+01 1.000000000000000000e+00 2.793809988409064887e-02
3.200000000000000000e+01 2.000000000000000000e+00 4.472421059904660434e-02
3.200000000000000000e+01 3.000000000000000000e+00 1.273523331990092933e-01
3.200000000000000000e+01 4.000000000000000000e+00 1.082142590301727186e-01
3.300000000000000000e+01 0.000000000000000000e+00 5.711527267927924562e-02
3.300000000000000000e+01 1.000000000000000000e+00 2.666158836170674437e-02
3.300000000000000000e+01 2.000000000000000000e+00 7.097202599054042160e-02
3.300000000000000000e+01 3.000000000000000000e+00 9.908863371234671868e-02
3.300000000000000000e+01 4.000000000000000000e+00 9.217288749063128062e-02
3.400000000000000000e+01 0.000000000000000000e+00 7.115428933535097866e-02
3.400000000000000000e+01 1.000000000000000000e+00 7.176400004434434210e-02
3.400000000000000000e+01 2.000000000000000000e+00 4.787978711474280558e-02
3.400000000000000000e+01 3.000000000000000000e+00 7.468428416717214080e-02
3.400000000000000000e+01 4.000000000000000000e+00 1.160142010214586378e-01
3.500000000000000000e+01 0.000000000000000000e+00 5.083455070472049642e-02
3.500000000000000000e+01 1.000000000000000000e+00 9.121637742148200334e-02
3.500000000000000000e+01 2.000000000000000000e+00 1.023643595149520275e-01
3.500000000000000000e+01 3.000000000000000000e+00 5.343255675595146026e-02
3.500000000000000000e+01 4.000000000000000000e+00 4.794945234863097483e-02
3.600000000000000000e+01 0.000000000000000000e+00 6.295273914066633336e-02
3.600000000000000000e+01 1.000000000000000000e+00 5.599148898269701996e-02
3.600000000000000000e+01 2.000000000000000000e+00 1.293679549556456809e-01
3.600000000000000000e+01 3.000000000000000000e+00 1.082876306315934123e-01
3.600000000000000000e+01 4.000000000000000000e+00 1.300382763827461971e-02
3.700000000000000000e+01 0.000000000000000000e+00 7.177873555324648658e-02
3.700000000000000000e+01 1.000000000000000000e+00 4.472810660743876260e-02
3.700000000000000000e+01 2.000000000000000000e+00 1.190469658363070976e-01
3.700000000000000000e+01 3.000000000000000000e+00 1.386797327129722091e-01
3.700000000000000000e+01 4.000000000000000000e+00 6.109329131739948265e-02
3.800000000000000000e+01 0.000000000000000000e+00 6.826047758726891401e-02
3.800000000000000000e+01 1.000000000000000000e+00 1.448386400794240969e-02
3.800000000000000000e+01 2.000000000000000000e+00 8.125056099130931186e-02
3.800000000000000000e+01 3.000000000000000000e+00 1.020839798359562539e-01
3.800000000000000000e+01 4.000000000000000000e+00 9.173071581258814000e-02
3.900000000000000000e+01 0.000000000000000000e+00 7.398219945342376924e-02
3.900000000000000000e+01 1.000000000000000000e+00 6.813539089536707616e-02
3.900000000000000000e+01 2.000000000000000000e+00 4.605101467945155874e-02
3.900000000000000000e+01 3.000000000000000000e+00 8.555564912155562418e-02
3.900000000000000000e+01 4.000000000000000000e+00 7.604562548610890871e-02
4.000000000000000000e+01 0.000000000000000000e+00 9.761717318671331300e-02
4.000000000000000000e+01 1.000000000000000000e+00 9.535241499241473018e-02
4.000000000000000000e+01 2.000000000000000000e+00 5.082319928391895031e-02
4.000000000000000000e+01 3.000000000000000000e+00 8.857039065201273431e-02
4.000000000000000000e+01 4.000000000000000000e+00 6.816634927599740656e-02
4.100000000000000000e+01 0.000000000000000000e+00 1.065387023355379159e-01
4.100000000000000000e+01 1.000000000000000000e+00 2.459036123116555006e-02
4.100000000000000000e+01 2.000000000000000000e+00 8.848136383915514158e-02
4.100000000000000000e+01 3.000000000000000000e+00 4.715601766734333483e-02
4.100000000000000000e+01 4.000000000000000000e+00 7.195886383741403880e-02
4.200000000000000000e+01 0.000000000000000000e+00 6.244049110694063764e-02
4.200000000000000000e+01 1.000000000000000000e+00 4.212975680393912098e-02
4.200000000000000000e+01 2.000000000000000000e+00 6.128754334156315958e-02
4.200000000000000000e+01 3.000000000000000000e+00 7.923329601141067269e-02
4.200000000000000000e+01 4.000000000000000000e+00 1.219886295652787278e-01
4.300000000000000000e+01 0.000000000000000000e+00 6.919924840876687244e-02
4.300000000000000000e+01 1.000000000000000000e+00 7.475346621407261138e-02
4.300000000000000000e+01 2.000000000000000000e+00 7.138809820849661980e-02
4.300000000000000000e+01 3.000000000000000000e+00 5.215052164276270941e-02
4.300000000000000000e+01 4.000000000000000000e+00 8.950910642731720046e-02
4.400000000000000000e+01 0.000000000000000000e+00 8.647446944594372464e-02
4.400000000000000000e+01 1.000000000000000000e+00 8.900381279152549951e-02
4.400000000000000000e+01 2.000000000000000000e+00 1.195411979320773893e-01
4.400000000000000000e+01 3.000000000000000000e+00 4.745287318071365890e-02
4.400000000000000000e+01 4.000000000000000000e+00 1.103121599994316138e-01
4.500000000000000000e+01 0.000000000000000000e+00 4.048431021137553071e-02
4.500000000000000000e+01 1.000000000000000000e+00 1.180549979700085406e-01
4.500000000000000000e+01 2.000000000000000000e+00 8.589101947034313844e-02
4.500000000000000000e+01 3.000000000000000000e+00 6.205632119299239746e-02
4.500000000000000000e+01 4.000000000000000000e+00 7.038321210048734122e-02
4.600000000000000000e+01 0.000000000000000000e+00 6.671612212413854937e-02
4.600000000000000000e+01 1.000000000000000000e+00 5.241613340263572701e-02
4.600000000000000000e+01 2.000000000000000000e+00 9.773329672975235305e-02
4.600000000000000000e+01 3.000000000000000000e+00 4.479560130300110077e-02
4.600000000000000000e+01 4.000000000000000000e+00 7.859147566449753430e-02
4.700000000000000000e+01 0.000000000000000000e+00 7.924550166105968907e-02
4.700000000000000000e+01 1.000000000000000000e+00 8.394941552770879278e-02
4.700000000000000000e+01 2.000000000000000000e+00 6.916760445751868325e-02
4.700000000000000000e+01 3.000000000000000000e+00 2.413074699142385426e-02
4.700000000000000000e+01 4.000000000000000000e+00 9.250227405583845430e-02
4.800000000000000000e+01 0.000000000000000000e+00 8.125099247352270126e-02
4.800000000000000000e+01 1.000000000000000000e+00 7.498401439836761828e-02
4.800000000000000000e+01 2.000000000000000000e+00 7.681570385093228204e-02
4.800000000000000000e+01 3.000000000000000000e+00 9.676134916686865428e-02
4.800000000000000000e+01 4.000000000000000000e+00 4.915835870497150401e-02
4.900000000000000000e+01 0.000000000000000000e+00 8.824900400040648629e-02
4.900000000000000000e+01 1.000000000000000000e+00 6.092638841656317084e-02
4.900000000000000000e+01 2.000000000000000000e+00 6.258515716554466368e-02
4.900000000000000000e+01 3.000000000000000000e+00 9.591128612381041862e-02
4.900000000000000000e+01 4.000000000000000000e+00 3.173162289840912587e-02
5.000000000000000000e+01 0.000000000000000000e+00 8.723264042724233891e-02
5.000000000000000000e+01 1.000000000000000000e+00 1.008389792486604070e-01
5.000000000000000000e+01 2.000000000000000000e+00 5.724140337115594945e-02
5.000000000000000000e+01 3.000000000000000000e+00 3.692232208530218940e-02
5.000000000000000000e+01 4.000000000000000000e+00 5.742008060208031450e-02
5.100000000000000000e+01 0.000000000000000000e+00 4.631925775204374235e-02
5.100000000000000000e+01 1.000000000000000000e+00 5.986595809025617443e-02
5.100000000000000000e+01 2.000000000000000000e+00 6.711194552753289855e-02
5.100000000000000000e+01 3.000000000000000000e+00 9.019964598218062346e-02
5.100000000000000000e+01 4.000000000000000000e+00 1.016336734292788702e-01
5.200000000000000000e+01 0.000000000000000000e+00 1.201224485105932965e-01
5.200000000000000000e+01 1.000000000000000000e+00 2.491964347120529180e-02
5.200000000000000000e+01 2.000000000000000000e+00 1.106999981331392852e-01
5.200000000000000000e+01 3.000000000000000000e+00 7.032423632661921609e-02
5.200000000000000000e+01 4.000000000000000000e+00 2.664174444995995664e-02
5.300000000000000000e+01 0.000000000000000000e+00 1.211456132098833044e-01
5.300000000000000000e+01 1.000000000000000000e+00 6.271667158341782955e-02
5.300000000000000000e+01 2.000000000000000000e+00 4.113777587001760799e-02
5.300000000000000000e+01 3.000000000000000000e+00 4.571191650322110195e-02
5.300000000000000000e+01 4.000000000000000000e+00 7.998549514920894055e-02
5.400000000000000000e+01 0.000000000000000000e+00 7.929822679929196538e-02
5.400000000000000000e+01 1.000000000000000000e+00 6.840402085803067023e-02
5.400000000000000000e+01 2.000000000000000000e+00 9.925610121743920489e-02
5.400000000000000000e+01 3.000000000000000000e+00 4.559451908456710334e-02
5.400000000000000000e+01 4.000000000000000000e+00 7.871990469997948436e-02
5.500000000000000000e+01 0.000000000000000000e+00 5.902566709693723296e-02
5.500000000000000000e+01 1.000000000000000000e+00 1.267078835714015028e-01
5.500000000000000000e+01 2.000000000000000000e+00 1.032741790762412570e-01
5.500000000000000000e+01 3.000000000000000000e+00 4.029717860252080008e-02
5.500000000000000000e+01 4.000000000000000000e+00 7.263781458210348541e-02
5.600000000000000000e+01 0.000000000000000000e+00 3.812730025829293851e-02
5.600000000000000000e+01 1.000000000000000000e+00 3.682620867378184892e-02
5.600000000000000000e+01 2.000000000000000000e+00 2.837476967250086163e-02
5.600000000000000000e+01 3.000000000000000000e+00 1.061605140908101069e-01
5.600000000000000000e+01 4.000000000000000000e+00 1.601821332321558822e-01
5.700000000000000000e+01 0.000000000000000000e+00 4.619216497016072343e-02
5.700000000000000000e+01 1.000000000000000000e+00 7.927743048432557560e-02
5.700000000000000000e+01 2.000000000000000000e+00 2.053158057358966948e-02
5.700000000000000000e+01 3.000000000000000000e+00 1.019184736471369646e-01
5.700000000000000000e+01 4.000000000000000000e+00 8.645641131943888891e-02
5.800000000000000000e+01 0.000000000000000000e+00 9.452713685312101599e-02
5.800000000000000000e+01 1.000000000000000000e+00 7.196704574459548975e-02
5.800000000000000000e+01 2.000000000000000000e+00 7.544922928483914493e-02
5.800000000000000000e+01 3.000000000000000000e+00 4.687939428978182832e-02
5.800000000000000000e+01 4.000000000000000000e+00 1.006141816460284361e-01
5.900000000000000000e+01 0.000000000000000000e+00 7.012043878498804006e-02
5.900000000000000000e+01 1.000000000000000000e+00 3.866378138739419434e-02
5.900000000000000000e+01 2.000000000000000000e+00 7.330541161847513310e-02
5.900000000000000000e+01 3.000000000000000000e+00 9.657171412720237658e-02
5.900000000000000000e+01 4.000000000000000000e+00 8.136848035130528345e-02
6.000000000000000000e+01 0.000000000000000000e+00 1.250295089656059955e-01
6.000000000000000000e+01 1.000000000000000000e+00 3.002075143563115445e-02
6.000000000000000000e+01 2.000000000000000000e+00 9.762325877165319021e-02
6.000000000000000000e+01 3.000000000000000000e+00 7.894970357430373953e-02
6.000000000000000000e+01 4.000000000000000000e+00 2.390814548438875350e-02
6.100000000000000000e+01 0.000000000000000000e+00 3.651617754790509318e-02
6.100000000000000000e+01 1.000000000000000000e+00 5.533723211551473675e-02
6.100000000000000000e+01 2.000000000000000000e+00 9.541192279448511282e-02
6.100000000000000000e+01 3.000000000000000000e+00 1.323831170004099167e-01
6.100000000000000000e+01 4.000000000000000000e+00 6.284395947678929339e-02
6.200000000000000000e+01 0.000000000000000000e+00 8.815781346544035446e-02
6.200000000000000000e+01 1.000000000000000000e+00 6.730891375989137004e-02
6.200000000000000000e+01 2.000000000000000000e+00 8.981148197429714153e-02
6.200000000000000000e+01 3.000000000000000000e+00 7.648494981954875871e-02
6.200000000000000000e+01 4.000000000000000000e+00 5.712359855653992985e-02
6.300000000000000000e+01 0.000000000000000000e+00 4.882443734825372972e-02
6.300000000000000000e+01 1.000000000000000000e+00 1.198881413246156713e-01
6.300000000000000000e+01 2.000000000000000000e+00 7.799826090500361353e-02
6.300000000000000000e+01 3.000000000000000000e+00 1.108219726326911680e-02
6.300000000000000000e+01 4.000000000000000000e+00 9.110642208569552647e-02
6.400000000000000000e+01 0.000000000000000000e+00 7.201460399323059147e-02
6.400000000000000000e+01 1.000000000000000000e+00 5.223886704756325328e-02
6.400000000000000000e+01 2.000000000000000000e+00 7.105290274698623787e-02
6.400000000000000000e+01 3.000000000000000000e+00 5.678375908083348883e-02
6.400000000000000000e+01 4.000000000000000000e+00 7.797711788253823550e-02
6.500000000000000000e+01 0.000000000000000000e+00 7.503558481118700885e-02
6.500000000000000000e+01 1.000000000000000000e+00 4.093604371277603793e-02
6.500000000000000000e+01 2.000000000000000000e+00 1.064571746548582248e-01
6.500000000000000000e+01 3.000000000000000000e+00 5.642943623841786827e-02
6.500000000000000000e+01 4.000000000000000000e+00 8.046643845603564105e-02
6.600000000000000000e+01 0.000000000000000000e+00 1.230045828257695095e-01
6.600000000000000000e+01 1.000000000000000000e+00 4.351742170577339169e-02
6.600000000000000000e+01 2.000000000000000000e+00 4.009155680718943376e-02
6.600000000000000000e+01 3.000000000000000000e+00 8.132358299410598346e-02
6.600000000000000000e+01 4.000000000000000000e+00 8.129143443530420510e-02
6.700000000000000000e+01 0.000000000000000000e+00 1.097025730578918556e-01
6.700000000000000000e+01 1.000000000000000000e+00 4.448143450376178948e-02
6.700000000000000000e+01 2.000000000000000000e+00 6.488493080536626711e-02
6.700000000000000000e+01 3.000000000000000000e+00 8.800757237021589185e-02
6.700000000000000000e+01 4.000000000000000000e+00 2.949727249467502810e-02
6.800000000000000000e+01 0.000000000000000000e+00 5.563325091674847095e-02
6.800000000000000000e+01 1.000000000000000000e+00 6.387978608866869135e-02
6.800000000000000000e+01 2.000000000000000000e+00 8.417396941468156812e-02
6.800000000000000000e+01 3.000000000000000000e+00 5.254768901864827896e-02
6.800000000000000000e+01 4.000000000000000000e+00 5.240043943387286129e-02
6.900000000000000000e+01 0.000000000000000000e+00 9.305275965053758092e-02
6.900000000000000000e+01 1.000000000000000000e+00 7.486719706381378403e-02
6.900000000000000000e+01 2.000000000000000000e+00 6.200076696969828577e-02
6.900000000000000000e+01 3.000000000000000000e+00 6.188763761829019910e-02
6.900000000000000000e+01 4.000000000000000000e+00 4.798452120203496735e-02
7.000000000000000000e+01 0.000000000000000000e+00 1.101599384824497041e-01
7.000000000000000000e+01 1.000000000000000000e+00 3.432141243512138590e-02
7.000000000000000000e+01 2.000000000000000000e+00 6.458727644412472213e-02
7.000000000000000000e+01 3.000000000000000000e+00 4.507832121764918792e-02
7.000000000000000000e+01 4.000000000000000000e+00 8.779967320105681872e-02
7.100000000000000000e+01 0.000000000000000000e+00 3.309494257013750884e-02
7.100000000000000000e+01 1.000000000000000000e+00 1.025889587996814123e-01
7.100000000000000000e+01 2.000000000000000000e+00 6.066812199659640803e-02
7.100000000000000000e+01 3.000000000000000000e+00 8.451496668774911847e-02
7.100000000000000000e+01 4.000000000000000000e+00 7.323243396314586817e-02
7.200000000000000000e+01 0.000000000000000000e+00 1.038619111793757238e-01
7.200000000000000000e+01 1.000000000000000000e+00 3.976394657613634837e-02
7.200000000000000000e+01 2.000000000000000000e+00 1.368874084215462306e-01
7.200000000000000000e+01 3.000000000000000000e+00 6.736747381987166772e-02
7.200000000000000000e+01 4.000000000000000000e+00 8.379825235525752147e-02
7.300000000000000000e+01 0.000000000000000000e+00 1.027397189143266498e-01
7.300000000000000000e+01 1.000000000000000000e+00 9.286841291590705594e-02
7.300000000000000000e+01 2.000000000000000000e+00 2.500841525114895492e-02
7.300000000000000000e+01 3.000000000000000000e+00 5.750430776216158141e-02
7.300000000000000000e+01 4.000000000000000000e+00 1.120370940289186767e-01
7.400000000000000000e+01 0.000000000000000000e+00 9.840360389701208188e-02
7.400000000000000000e+01 1.000000000000000000e+00 3.337447100552074636e-02
7.400000000000000000e+01 2.000000000000000000e+00 7.462562919078952195e-02
7.400000000000000000e+01 3.000000000000000000e+00 4.829152805418579497e-02
7.400000000000000000e+01 4.000000000000000000e+00 8.228552198086004632e-02
7.500000000000000000e+01 0.000000000000000000e+00 6.408602337491620116e-02
7.500000000000000000e+01 1.000000000000000000e+00 5.935428236154855625e-02
7.500000000000000000e+01 2.000000000000000000e+00 8.471735129037163969e-02
7.500000000000000000e+01 3.000000000000000000e+00 9.098235119132144777e-02
7.500000000000000000e+01 4.000000000000000000e+00 6.113720855292336526e-02
7.600000000000000000e+01 0.000000000000000000e+00 7.688699169436222225e-02
7.600000000000000000e+01 1.000000000000000000e+00 1.035340819686441510e-01
7.600000000000000000e+01 2.000000000000000000e+00 5.167773428121869017e-02
7.600000000000000000e+01 3.000000000000000000e+00 1.250159300706916721e-01
7.600000000000000000e+01 4.000000000000000000e+00 5.313550893783470369e-02
7.700000000000000000e+01 0.000000000000000000e+00 1.382190193689454560e-02
7.700000000000000000e+01 1.000000000000000000e+00 7.672715877491066705e-02
7.700000000000000000e+01 2.000000000000000000e+00 1.100601622732412660e-01
7.700000000000000000e+01 3.000000000000000000e+00 7.475683102296129534e-02
7.700000000000000000e+01 4.000000000000000000e+00 7.153146012312462665e-02
7.800000000000000000e+01 0.000000000000000000e+00 9.844968869252893051e-02
7.800000000000000000e+01 1.000000000000000000e+00 1.681504675058829654e-02
7.800000000000000000e+01 2.000000000000000000e+00 2.879299524094635493e-02
7.800000000000000000e+01 3.000000000000000000e+00 7.160136751752262108e-02
7.800000000000000000e+01 4.000000000000000000e+00 1.385485287116746400e-01
7.900000000000000000e+01 0.000000000000000000e+00 8.703006845455039941e-02
7.900000000000000000e+01 1.000000000000000000e+00 8.228460154322142506e-02
7.900000000000000000e+01 2.000000000000000000e+00 1.064988319521571053e-01
7.900000000000000000e+01 3.000000000000000000e+00 2.239158607742664647e-02
7.900000000000000000e+01 4.000000000000000000e+00 6.344215912789186174e-02
8.000000000000000000e+01 0.000000000000000000e+00 9.697227912607467304e-02
8.000000000000000000e+01 1.000000000000000000e+00 5.211856817419328880e-02
8.000000000000000000e+01 2.000000000000000000e+00 7.785856417090294967e-02
8.000000000000000000e+01 3.000000000000000000e+00 6.590425018437671978e-02
8.000000000000000000e+01 4.000000000000000000e+00 7.234935424493428580e-02
8.100000000000000000e+01 0.000000000000000000e+00 7.660109975839979324e-02
8.100000000000000000e+01 1.000000000000000000e+00 3.634716820789202912e-02
8.100000000000000000e+01 2.000000000000000000e+00 8.660877336786136638e-02
8.100000000000000000e+01 3.000000000000000000e+00 3.093625857687928860e-02
8.100000000000000000e+01 4.000000000000000000e+00 1.315054317468489220e-01
8.200000000000000000e+01 0.000000000000000000e+00 8.269391564760847357e-02
8.200000000000000000e+01 1.000000000000000000e+00 6.171968010464833065e-02
8.200000000000000000e+01 2.000000000000000000e+00 6.872263204580217333e-02
8.200000000000000000e+01 3.000000000000000000e+00 8.669817086512458804e-02
8.200000000000000000e+01 4.000000000000000000e+00 5.525079213201521816e-02
8.300000000000000000e+01 0.000000000000000000e+00 2.446494341780915127e-02
8.300000000000000000e+01 1.000000000000000000e+00 1.251251086485999364e-01
8.300000000000000000e+01 2.000000000000000000e+00 4.288101654096811849e-02
8.300000000000000000e+01 3.000000000000000000e+00 6.014826119558164957e-02
8.300000000000000000e+01 4.000000000000000000e+00 1.171179869510871885e-01
8.400000000000000000e+01 0.000000000000000000e+00 7.251411318866241018e-02
8.400000000000000000e+01 1.000000000000000000e+00 8.487441545752334726e-02
8.400000000000000000e+01 2.000000000000000000e+00 1.657098273319202453e-01
8.400000000000000000e+01 3.000000000000000000e+00 5.692959303748909572e-02
8.400000000000000000e+01 4.000000000000000000e+00 6.366287150798026484e-02
8.500000000000000000e+01 0.000000000000000000e+00 6.173328064781866825e-02
8.500000000000000000e+01 1.000000000000000000e+00 3.193348761147027370e-02
8.500000000000000000e+01 2.000000000000000000e+00 9.100785362632118902e-02
8.500000000000000000e+01 3.000000000000000000e+00 4.694078446468370747e-02
8.500000000000000000e+01 4.000000000000000000e+00 1.119548474913343583e-01
8.600000000000000000e+01 0.000000000000000000e+00 6.097593675647495354e-02
8.600000000000000000e+01 1.000000000000000000e+00 6.322384396163865938e-02
8.600000000000000000e+01 2.000000000000000000e+00 5.497550886178310947e-02
8.600000000000000000e+01 3.000000000000000000e+00 8.855505931423972299e-02
8.600000000000000000e+01 4.000000000000000000e+00 6.151460071670293572e-02
8.700000000000000000e+01 0.000000000000000000e+00 5.962890862808772202e-02
8.700000000000000000e+01 1.000000000000000000e+00 6.672742127397242318e-02
8.700000000000000000e+01 2.000000000000000000e+00 7.960273262040211406e-02
8.700000000000000000e+01 3.000000000000000000e+00 5.800272616011593191e-02
8.700000000000000000e+01 4.000000000000000000e+00 8.183924689963811838e-02
8.800000000000000000e+01 0.000000000000000000e+00 1.059317022102243683e-01
8.800000000000000000e+01 1.000000000000000000e+00 5.241070196596731012e-02
8.800000000000000000e+01 2.000000000000000000e+00 6.626745354162007218e-02
8.800000000000000000e+01 3.000000000000000000e+00 8.911754486178671830e-02
8.800000000000000000e+01 4.000000000000000000e+00 6.488073526623276688e-02
8.900000000000000000e+01 0.000000000000000000e+00 1.039538136228289333e-01
8.900000000000000000e+01 1.000000000000000000e+00 7.136289846282713178e-02
8.900000000000000000e+01 2.000000000000000000e+00 3.601008986278360358e-02
8.900000000000000000e+01 3.000000000000000000e+00 2.546071519533958313e-02
8.900000000000000000e+01 4.000000000000000000e+00 9.841095922097094217e-02
9.000000000000000000e+01 0.000000000000000000e+00 7.823914807897687507e-02
9.000000000000000000e+01 1.000000000000000000e+00 1.499547809154261682e-02
9.000000000000000000e+01 2.000000000000000000e+00 7.888039462111229305e-02
9.000000000000000000e+01 3.000000000000000000e+00 6.837465463918686315e-02
9.000000000000000000e+01 4.000000000000000000e+00 9.840498560725492727e-02
9.100000000000000000e+01 0.000000000000000000e+00 9.374979461616249343e-02
9.100000000000000000e+01 1.000000000000000000e+00 2.717110460673374459e-02
9.100000000000000000e+01 2.000000000000000000e+00 1.004006273864330029e-01
9.100000000000000000e+01 3.000000000000000000e+00 8.550437249435269282e-02
9.100000000000000000e+01 4.000000000000000000e+00 6.244839038944903498e-02
9.200000000000000000e+01 0.000000000000000000e+00 7.975152419133904602e-02
9.200000000000000000e+01 1.000000000000000000e+00 7.852260432899854647e-02
9.200000000000000000e+01 2.000000000000000000e+00 5.639815526446345650e-02
9.200000000000000000e+01 3.000000000000000000e+00 7.476384217479621619e-02
9.200000000000000000e+01 4.000000000000000000e+00 9.161626313209637884e-02
9.300000000000000000e+01 0.000000000000000000e+00 6.044948734575613519e-02
9.300000000000000000e+01 1.000000000000000000e+00 6.444266349346727818e-02
9.300000000000000000e+01 2.000000000000000000e+00 4.503698898174936932e-02
9.300000000000000000e+01 3.000000000000000000e+00 1.002069292483068058e-01
9.300000000000000000e+01 4.000000000000000000e+00 7.780709988170636526e-02
9.400000000000000000e+01 0.000000000000000000e+00 1.100258373738445539e-01
9.400000000000000000e+01 1.000000000000000000e+00 9.304704131382780796e-02
9.400000000000000000e+01 2.000000000000000000e+00 1.079983281875456363e-01
9.400000000000000000e+01 3.000000000000000000e+00 2.072257404137525447e-02
9.400000000000000000e+01 4.000000000000000000e+00 7.355450682539557694e-02
9.500000000000000000e+01 0.000000000000000000e+00 7.714067947611373544e-02
9.500000000000000000e+01 1.000000000000000000e+00 8.408856654938139108e-02
9.500000000000000000e+01 2.000000000000000000e+00 7.728073615185128420e-02
9.500000000000000000e+01 3.000000000000000000e+00 1.779345684909254544e-02
9.500000000000000000e+01 4.000000000000000000e+00 8.861978924166495630e-02
9.600000000000000000e+01 0.000000000000000000e+00 5.997221371211181040e-02
9.600000000000000000e+01 1.000000000000000000e+00 6.944769965258437705e-02
9.600000000000000000e+01 2.000000000000000000e+00 7.778139295045856383e-02
9.600000000000000000e+01 3.000000000000000000e+00 1.174603911682176316e-01
9.600000000000000000e+01 4.000000000000000000e+00 1.360202368082442104e-01
9.700000000000000000e+01 0.000000000000000000e+00 6.201214121764418025e-02
9.700000000000000000e+01 1.000000000000000000e+00 7.687444987975049215e-02
9.700000000000000000e+01 2.000000000000000000e+00 9.926303666225430589e-02
9.700000000000000000e+01 3.000000000000000000e+00 6.270016342366588336e-02
9.700000000000000000e+01 4.000000000000000000e+00 4.759757955674037005e-02
9.800000000000000000e+01 0.000000000000000000e+00 1.253943547697745631e-01
9.800000000000000000e+01 1.000000000000000000e+00 9.492512117208894151e-02
9.800000000000000000e+01 2.000000000000000000e+00 6.858237683186425848e-02
9.800000000000000000e+01 3.000000000000000000e+00 2.699107018874391528e-02
9.800000000000000000e+01 4.000000000000000000e+00 3.893077335013783030e-02
9.900000000000000000e+01 0.000000000000000000e+00 9.058367650345960920e-02
9.900000000000000000e+01 1.000000000000000000e+00 1.334257876162411594e-01
9.900000000000000000e+01 2.000000000000000000e+00 5.941831089319032921e-02
9.900000000000000000e+01 3.000000000000000000e+00 2.634285137628744611e-02
9.900000000000000000e+01 4.000000000000000000e+00 5.174975455469726232e-02
