6.752939409019549366e-01 -2.147770827894596724e-01 -1.875797744257140298e+00 -5.700497570366989120e-01
7.133695985409106433e-01 -5.907563724693074558e-01 -1.444629912085712675e+00 -1.564435161019748000e+00
7.952066174596577053e-01 -5.717246937382345351e-01 -1.616713461481288139e+00 -5.868975248396890443e-01
3.976291419288359441e-02 2.806015727267683127e-02 -5.008773028833144458e-01 -3.094594533125214486e-01
7.232514708416591664e-02 8.424858534128018550e-02 -4.899936461411292798e-01 -5.005233102445955096e-01
3.219592942519236881e-04 3.813955476533294545e-04 -6.409420344633289229e-04 -5.371131197093183913e-04
-2.099774917460676266e-02 -1.720380622522914987e-02 -4.297569315775748300e-01 -2.495035237111931092e-01
2.758568465353040369e-04 1.360074204937327974e-04 -7.684398743556139456e-04 -6.857321843500445479e-04
2.052694748971632954e+00 -2.267050895735326588e+00 -2.680259284339813863e+00 -7.115879651308520959e-01
1.243399751775963596e-02 8.768404974219174558e-03 -6.052220992307735109e-02 -5.727417530570518694e-02
3.509719844083477591e-01 -9.587456808560469723e-02 -1.703774640560835163e+00 -7.710264014488537043e-01
1.975325496179577645e+00 -2.205146739772462006e+00 -2.592716261226465591e+00 -1.490564117998081084e+00
2.012244806120514688e-04 1.238819917876006157e-04 -6.383110707387732591e-04 -4.786251721265477078e-04
1.487311489505146023e+00 -1.826607865187166446e+00 -2.514313064945532084e+00 -5.481104740647564366e-01
2.608854171224593826e-04 2.624876811186515474e-04 -7.446123728049886675e-04 -7.108373793543519385e-04
5.808149644670140832e-01 -6.900175495586918784e-01 -1.879031511624507989e+00 -1.309565977227330480e+00
3.398478989380241170e-04 3.768780862775423265e-04 -6.358723409939985539e-04 -5.597585733002124683e-04
5.185418908535376070e-05 9.200851012609709598e-06 -5.597462985283317921e-04 -5.664487399924581466e-04
2.032430792840653755e+00 -1.606882810997156241e+00 -3.623192194870811011e+00 2.531473210666647655e-01
1.293427598541536765e-02 3.688602806097752377e-03 -5.345206319657618693e-02 -4.841556522016931402e-02
1.636997997005764087e-04 1.763195003826122207e-04 -6.711556093457995064e-04 -5.265282274109005060e-04
1.064717527532465235e-01 -4.626318926775922075e-02 -4.487372098939343967e-01 -4.678467943308980970e-01
3.494441752379061328e-04 2.718200123595924987e-04 -6.562457552013366497e-04 -6.084608782598046293e-04
1.579397210814840807e-04 2.344687511746765436e-04 -6.664506849606752735e-04 -4.598919753838939654e-04
1.858921338651524646e+00 -2.375635135231057404e+00 -2.769650785139540883e+00 -4.804639824996234099e-01
1.449938639228890214e+00 -2.725939643721900563e+00 -2.695794822354880438e+00 -1.632551842008477916e+00
1.313765003954417410e-04 1.967111635911292710e-04 -5.688521092575118997e-04 -5.266162947017251957e-04
1.947617540378763286e-04 1.345042819347211729e-04 -6.036586286543133657e-04 -4.592231321071198712e-04
1.869912832302192518e+00 -1.340633468470317391e+00 -2.893005192747613918e+00 -7.051994891126430742e-01
1.631810557176431031e-01 9.728304812227868414e-02 -4.997101864084124712e-01 -3.890604837271641192e-01
4.283326536538104023e-01 -4.991073867030675348e-01 -1.657910362094705770e+00 -1.176475434447326274e+00
-1.679459314342465204e-01 -3.590248059369522959e-01 -2.106610402451964514e+00 -1.031204258121592332e+00
1.804003626912806579e+00 -1.378505767293746853e+00 -2.547603414773826458e+00 -1.116512947358985652e+00
1.832674598007162647e-01 9.241782536014520044e-02 -4.028393393039984005e-01 -3.167092004777880554e-01
2.778830904962556136e+00 -2.357772419460929747e+00 -2.816568975055201651e+00 -7.068849032027645363e-01
1.609043340102490817e-04 2.339716991455151904e-04 -6.672120481980526804e-04 -5.400625123783625104e-04
2.718491302966362433e+00 -2.332240966295435314e+00 -2.591411693146275841e+00 -1.520313395287663960e+00
4.405775712328938720e-01 -4.751274010270666870e-01 -1.681775369712283918e+00 -8.726437361679664217e-01
1.050717140508679481e+00 -1.720952054058275671e+00 -3.064925986279716241e+00 -6.837617018687920378e-01
1.950677813345848222e+00 -1.436963684566636923e+00 -2.410205281014706102e+00 -1.058834427355078489e+00
2.330789367953950344e-04 1.272197536668557877e-04 -5.735670894667536457e-04 -6.170451754977162792e-04
5.611031724381369129e-02 1.565036909787232144e-01 -5.790467973310292615e-01 -4.600028763671146215e-01
7.224030295425355741e-02 -2.093531980047648802e-02 -4.455400579555563456e-01 -3.246303585448880313e-01
2.145592822484716056e+00 -2.434087865480346391e+00 -3.433992645968132251e+00 -4.515709070279941284e-01
2.709713299235378759e-04 2.050086281003751635e-04 -5.612624186159633800e-04 -4.493114021770396450e-04
2.582521039730233947e-01 -4.869197639762558039e-01 -1.575102726310057211e+00 -1.383414435907370565e+00
2.039118731345833879e+00 -1.559899665814485692e+00 -2.673038673580228952e+00 -6.543388259797064954e-01
2.580175645563784204e-02 2.256853557108235570e-02 -6.892235136015417707e-02 -5.237316540675345661e-02
-4.809296310553816400e-03 -3.749102178590150297e-02 -4.463163371238967891e-01 -3.337069848374281111e-01
2.205696602600431405e-04 1.498460446279692090e-04 -6.344071901903943845e-04 -5.609819919717841212e-04
2.874549805018794757e+00 -2.641273455409343107e+00 -2.500745270227683559e+00 -8.382411045787787618e-01
1.832813022698147104e-04 1.511411173608896783e-04 -5.898810563220413224e-04 -4.656698748113958933e-04
1.954704583296163145e+00 -1.923642730318034566e+00 -2.919133795639816231e+00 -1.807853576722713518e+00
1.705810880752877030e-04 2.049674702403944931e-04 -6.365289142221887582e-04 -4.627330443707877543e-04
5.981783332723465056e-05 6.923723851436502528e-05 -6.534315590562479086e-04 -5.326330437066396743e-04
1.126466795047511953e-02 1.398048345499520659e-02 -6.196976229018559545e-02 -5.729060349557987125e-02
3.735600037224193759e-01 -6.118113094447743538e-01 -2.011883874452620624e+00 -1.098123890735898334e+00
3.150609759939190457e+00 -2.213515653642583292e+00 -2.326246290884269374e+00 -1.326203891812438362e+00
-1.181756185257024430e-02 -2.916012581286954106e-02 -5.504778277839628142e-01 -3.959102590788579623e-01
2.046045556468539892e-04 1.947986004075467469e-04 -4.898844119111952578e-04 -3.392686501046800413e-04
1.531497818291637674e-04 1.103013106261440692e-04 -4.595070998938294315e-04 -4.538251800595403430e-04
2.620583997726954273e+00 -1.713778565981312285e+00 -2.713285393329855300e+00 -8.421900549083258802e-01
1.980735359966059317e-01 -8.107777381721066323e-01 -2.229608953048014097e+00 -1.524891539308988575e+00
1.476606218077120968e-04 1.873340747608851105e-04 -8.040746757125129610e-04 -6.130711729889383585e-04
1.933115001468460159e+00 -1.737679530497282743e+00 -2.499315547622003919e+00 -1.633967452753224692e-01
1.799095894205739454e-01 1.038578754557069606e-01 -4.300136916298546996e-01 -4.432674997623499147e-01
1.280686371860986715e-05 9.221747908865182198e-05 -7.016873525644908320e-04 -4.423538236276845391e-04
5.965175736718992816e-01 -8.155555724596403877e-01 -1.345841981441512347e+00 -1.002179784885371738e+00
2.279620131567895789e-04 2.902137399474239115e-04 -7.311388124088542655e-04 -4.945543988028671626e-04
2.084720015743257715e+00 -2.371489769859327357e+00 -2.385580995916810387e+00 -1.712895225288034950e+00
4.779615469154059078e-05 7.573227172958822478e-05 -5.388713749931630520e-04 -5.318986440445599203e-04
1.169875342754522984e+00 -1.809119275711510877e+00 -3.562191598652781899e+00 -4.731270003203524310e-01
2.051912758820975430e-04 1.619805348941647048e-04 -5.252252264271110426e-04 -3.887288268835985619e-04
1.872436958657299703e-04 1.085473030547327871e-04 -5.680773255390594162e-04 -4.563110038109447126e-04
9.076816067239404928e-01 -2.283299949030578868e-01 -1.729843931325726780e+00 -1.548954561894021253e+00
1.652782653169664051e-01 1.121152914195554656e-01 -5.808061777852011609e-01 -4.627270735446663008e-01
9.008393686094942621e-02 3.957985504883894390e-02 -3.874456370066929334e-01 -2.799123865272823974e-01
3.985453053532854173e-01 -5.226202135129713877e-01 -1.636824544887383048e+00 -8.225458932887190766e-01
2.985086491724491808e-01 -4.526245258990841958e-01 -1.742831835317168343e+00 -1.544682189874874600e+00
2.353682772791386490e+00 -1.616580185581653950e+00 -2.726922308991726052e+00 -5.051787273594988692e-01
1.947332801117340306e+00 -1.688869066210436420e+00 -2.483738427644472058e+00 -1.060148368907199767e+00
-2.395787650262529156e-01 -6.829595221345552414e-01 -1.738723969021856997e+00 -1.506262174047714009e+00
9.417184586854623340e-01 -4.353091012166278584e-01 -1.555286826388765586e+00 -8.931126741634513033e-01
2.550780877056198930e-04 1.323453436963637896e-04 -4.328378471101029194e-04 -4.881952113304603713e-04
8.244194144676757208e-02 1.826672053491054659e-01 -6.298938514403820133e-01 -3.282492688803658742e-01
1.361147388288611330e-04 7.600320168278769590e-05 -5.149507790340020425e-04 -4.778771127041753978e-04
5.867562105789174698e-01 -5.353774559092424612e-01 -1.676818501559888652e+00 -8.496175982393761039e-01
2.261521651588306483e-04 2.319682502985893219e-04 -6.627923993623055336e-04 -4.472520668816675014e-04
3.111875932951011503e-01 -1.596063049394074729e-01 -1.882111587449157630e+00 -8.147238380750246867e-01
1.807726001055397745e-04 1.157737502041599202e-04 -6.597137120257769117e-04 -7.422036194243180262e-04
1.942859234866624485e+00 -2.719905743307753809e+00 -1.897669928851176024e+00 -2.012987974346038822e+00
1.111966732719293249e+00 -1.182218311028682356e+00 -2.557866554513563262e+00 -8.801041926749230138e-01
1.894541045469178410e-04 1.585049123780402373e-04 -5.332833256856575437e-04 -3.267770964042895454e-04
4.505142756650200031e-01 -3.124552856564194458e-01 -1.737559495195329928e+00 -1.127293881530349262e+00
5.570494834185489852e-01 2.018836937713546220e-01 -2.003022727471689191e+00 -1.077100991612019332e+00
5.746971376790027675e-01 -1.382911091250713922e-03 -2.132210905831674719e+00 -9.000007378644865330e-01
1.677077889585645073e-04 1.219929545078881684e-04 -5.528472865560391794e-04 -4.299812148591206367e-04
-1.157311802780798191e-02 -5.968418052756161926e-03 -6.008045139746675395e-02 -4.282048747088676444e-02
1.983530397523384503e-01 3.399408361681158230e-02 -3.927356933640988590e-01 -4.195059283476967327e-01
1.918798542456974454e+00 -1.427226991429613179e+00 -2.548352726401898583e+00 -1.231622940725227044e+00
9.082850443603369961e-02 4.529660922502368181e-02 -4.843701103102536765e-01 -3.101510536094502224e-01
3.092250748882952482e+00 -2.691275749576613308e+00 -2.765977403345212693e+00 -9.201726890880101983e-01
7.808864984641163964e-01 -7.439281973557397842e-01 -1.693452054791726225e+00 -1.491184978453817589e+00
2.484044056559174150e-04 2.537030722958845907e-04 -5.935126125093055692e-04 -4.528671385719414914e-04
-3.130801447380622313e-06 1.154456300842661919e-04 -6.815119447358646129e-04 -5.646968375283682208e-04
1.589341485740523308e-01 -5.566767653819232331e-01 -1.586367010347378148e+00 -1.350560216449620876e+00
2.677067222972117754e-04 2.782745887352359765e-04 -6.043902817438711857e-04 -4.136468182832888827e-04
1.241794841885308198e+00 -1.378379577933612987e+00 -2.802239534517350528e+00 -1.463628453380456884e+00
1.773959927602585267e-04 1.920063008716330457e-04 -6.617125178632375995e-04 -5.118017492996294925e-04
2.678646631493229791e+00 -2.554302112969337735e+00 -2.379869143712334711e+00 -9.268090044775442182e-01
3.331800672507490555e-04 2.618835583357992792e-04 -5.263931180312377781e-04 -4.909259181020037303e-04
1.904062281787552435e-01 1.416811664172358542e-01 -5.800774563036449338e-01 -4.162681261739756833e-01
1.782589249567621215e+00 -1.897029172788686546e+00 -2.562150273385335630e+00 -6.560339514406446915e-01
1.814006039227587630e+00 -2.432814743257320611e+00 -3.084660461671618670e+00 -1.596752932144404058e+00
6.363421071239525745e-03 1.407643954124429032e-02 -4.459260172875910144e-01 -3.314642131256467783e-01
9.316017897266619732e-03 -8.052524030577181691e-01 -1.678285978747135365e+00 -1.784454351455825316e+00
2.741043314338682119e-02 1.120420535837062526e-01 -4.679319015580590824e-01 -2.550676249935142637e-01
2.296287890578727175e+00 -2.514285303227669299e+00 -2.606533740920461195e+00 -1.517318488738689908e+00
2.321657866979590524e-04 1.893144913872792524e-04 -5.701134374782718377e-04 -4.171761143664527824e-04
2.816858269652848801e+00 -1.633090419283063754e+00 -2.922383611755953403e+00 -4.936822127484959966e-01
2.487420862931937122e-04 2.558837394916465635e-04 -6.051350577599088612e-04 -4.825911944406307934e-04
8.573443498918817266e-05 6.111869138398175649e-05 -5.341597130489297764e-04 -4.377503348089676477e-04
1.080012049739540001e-04 1.081655841592049140e-04 -6.859330546252905177e-04 -5.904129797925594886e-04
9.375855373929906241e-05 8.169364364051240736e-05 -5.746833640554868065e-04 -5.068380117134270099e-04
2.320552380724867914e-01 5.316943358222930849e-02 -5.488853988080673041e-01 -4.210687632418031456e-01
1.821934408786950784e-04 1.878353041540048180e-04 -5.098610492842530189e-04 -4.271804961048034912e-04
1.660912680040047773e+00 -1.439718985381007954e+00 -2.724842052635580547e+00 -1.774641654296102766e+00
1.320673556899018442e+00 -1.150225680792352323e+00 -3.173607732971384543e+00 -4.210589520610389380e-01
1.975594191645647868e+00 -2.537085246557441387e+00 -2.837433804489923883e+00 -1.016126662966546634e+00
2.184630017277607960e-04 1.293842942834432289e-04 -6.197953873600558399e-04 -5.240526612211078182e-04
1.097588746776911650e+00 -3.633237025423066702e-01 -1.390792318282410456e+00 -5.788715928754866180e-01
2.565858100815303189e+00 -3.034192415949890087e+00 -3.223262145115962873e+00 -2.903211762424657283e-01
2.110506953115058885e-04 3.016137603233095209e-04 -8.547568051296619692e-04 -6.490568264575078588e-04
2.753877216404120704e-04 2.671786767116932147e-04 -6.995526319180351378e-04 -7.139821336194603811e-04
-1.127816593415604651e-04 -7.622553810462247509e-05 -5.331362028270291787e-04 -4.777495902551867103e-04
1.110801966682159136e+00 -2.817514793451610378e-01 -1.577931008005985625e+00 -1.320213796480624646e+00
1.054746778800944105e-04 1.318711242769465201e-04 -5.744523148869544373e-04 -4.694954206763844642e-04
2.283137560025743794e-04 2.062203402755590192e-04 -6.363125723095004521e-04 -4.523915650414973280e-04
1.760701625862925871e-04 1.595369018323891197e-04 -6.835057813208426014e-04 -6.293087024870382389e-04
1.198898464580543388e+00 -2.113380118037964550e+00 -3.002264139666647846e+00 -5.063055113866125057e-01
1.220125734111052158e-04 9.181593943277792131e-05 -6.879192358148322316e-04 -5.948146859799894335e-04
1.803428864795915041e-04 2.300504655773742419e-04 -7.002566187859674647e-04 -4.917624775242615326e-04
2.988548413164185315e-04 2.386287499221815970e-04 -6.526445284718116347e-04 -5.149684503383102421e-04
6.987727028033020871e-02 -6.375100400592603224e-03 -4.109223909266126462e-01 -4.241567956045139143e-01
4.298842955409749589e-01 -5.616523656599310410e-01 -1.369719248224643859e+00 -9.781431073655449948e-01
1.700405910060462267e+00 -1.856499577968893311e+00 -2.445342391445626262e+00 -1.611768041436666632e+00
7.120322493750445847e-02 6.039994226106653458e-02 -5.947141649572296185e-01 -3.812328737098332199e-01
1.823579110236753786e-01 4.537049365783087096e-02 -4.692891271723177993e-01 -3.307929419840068830e-01
1.512611793430733518e-04 7.740604093284439143e-05 -5.267523709960610350e-04 -4.929394661732337682e-04
1.228348579681021050e-04 1.793003208427712363e-04 -5.865095346573404598e-04 -4.982291747349163044e-04
1.879966947815950307e-01 1.379427416071133672e-01 -5.413144622153405194e-01 -4.287874545346315736e-01
1.672350148690192606e-01 -1.808470214196325199e-01 -2.218294706915762582e+00 -7.011387079295102742e-01
7.415519508458573439e-01 -2.551243723498234361e-01 -1.523932366635811331e+00 -1.417915701862402456e+00
1.005791290844795289e-04 -3.295855792502063499e-05 -5.074605431874715071e-04 -5.217907643649499728e-04
1.134811186646814406e-04 5.885396966772876205e-05 -4.999855637645507674e-04 -3.657528851969317095e-04
7.856803008385196494e-05 2.423601502180277451e-05 -4.477278248227060443e-04 -4.105312661633532968e-04
2.841957068000320330e+00 -2.815264074809389783e+00 -3.070177642128201434e+00 -9.687342901883762014e-01
1.709666493982262090e-04 2.087040071485403989e-04 -5.611188109100897180e-04 -4.092539805661880273e-04
2.790888336383159807e+00 -2.165434105245067187e+00 -3.258788788410463599e+00 -1.628078032293946320e+00
5.413672773861057941e-01 -8.940665684423715343e-01 -2.928558720131603010e+00 -8.805243230968704538e-01
1.490319358950117608e-04 8.820397446491949156e-05 -5.142766182310380121e-04 -3.214825226390602810e-04
7.664606779901805215e-05 4.414425159008555975e-05 -7.380155830162014657e-04 -5.212574047448742401e-04
3.488616044824682100e-02 6.639157940725295970e-02 -4.906240948631231391e-01 -2.944071769613711420e-01
4.243423706012414837e-02 9.993033373475551651e-02 -4.813797688651281770e-01 -4.245521914943511388e-01
1.446418464869526188e+00 -7.579888474918535790e-01 -1.359514381992970478e+00 -1.808097592447384994e+00
1.849742423328461401e-04 2.207770587027589528e-04 -5.629911192286816057e-04 -4.347620476064291027e-04
2.941479372854341801e+00 -2.712964471083560536e+00 -3.482976063076328010e+00 -2.442660777263640781e-01
2.098504106781501561e-04 2.964601342822295051e-04 -6.888188816213890696e-04 -6.898272499547759059e-04
-1.312576790849635626e-02 -1.048399606617275576e-01 -4.589588700462433057e-01 -3.941730593750531475e-01
2.440049655012010738e-04 1.481084645244785199e-04 -6.322577688792982301e-04 -5.232710845736782048e-04
1.921426349067442490e-04 3.209531794108525632e-04 -8.466962267724328353e-04 -6.400756847167557743e-04
1.224318084227601078e-01 -2.487023965122775113e-02 -4.181919935936179722e-01 -3.937677046772419254e-01
2.513283107942101816e-04 1.916459937557385049e-04 -6.170670270308459921e-04 -5.117946631828499847e-04
4.681804713538292168e-02 5.547776505172800215e-03 -4.351187140333465653e-01 -3.746692435139505339e-01
2.085443464198840857e+00 -2.220246873627108375e+00 -2.851656941316411675e+00 -4.351242774314343364e-01
3.932468025631745689e-01 -2.481294607124779894e-01 -1.409710024487889957e+00 -1.108362253927488883e+00
2.497898903563298858e-04 1.997966919489795284e-04 -6.344965120270808006e-04 -5.908710989081626674e-04
1.545315597986856118e-04 1.247343998779604311e-04 -7.488987771006376483e-04 -5.007826744452718382e-04
1.820493213077136081e-04 1.429043548464837253e-04 -6.298034121186755173e-04 -4.942482888702200367e-04
7.703326405977019287e-02 -8.324869703259400733e-03 -4.089668099726844752e-01 -3.708019315687797746e-01
9.799568032155515321e-05 1.755031651736247539e-04 -7.268203282788627357e-04 -5.195781994244945282e-04
3.594197113922047290e-04 3.396587106079391430e-04 -6.416705428750168593e-04 -5.152601104714532977e-04
1.188865156381870403e+00 -1.909464559762890534e+00 -2.219444538892836771e+00 -1.376911887891353325e+00
2.125413955343371519e-01 6.885725575638662610e-02 -4.324375070333857374e-01 -3.956370193892474463e-01
1.760206037376622623e+00 -2.359745363421828390e+00 -2.929781603181276228e+00 -1.094030088655403077e+00
2.966559663056469879e-04 2.420829188313441981e-04 -5.039622876005059619e-04 -4.732215578977014129e-04
2.888682999629907489e+00 -2.699972984005713172e+00 -2.800074166069427495e+00 -7.661309909240863192e-01
6.087352622350800102e-02 9.920234944325284632e-02 -5.791129838663798823e-01 -3.434519073990313087e-01
-1.200750840537844724e-04 5.911192325005337205e-07 -7.824804013497972579e-04 -5.663818343347495335e-04
9.348564101937745230e-01 -5.614804986445739443e-01 -1.252177025277974920e+00 -1.393326560299045003e+00
2.578453100542493466e-04 2.721528934263637667e-04 -7.244863123812997439e-04 -5.105177394025093175e-04
1.201447860579097471e+00 -1.299293518497870448e+00 -1.716995135559326480e+00 -1.086925819217442912e+00
1.794250011679354995e-01 3.932197343996999411e-02 -4.009872427815784346e-01 -3.587715518883844990e-01
1.377841247549519144e-01 2.248259153321896520e-02 -5.107416656102643504e-01 -4.324378768532591844e-01
5.438521422914879963e-05 9.806680517205529672e-05 -7.289360830070717176e-04 -5.716912790552852123e-04
2.546837393661857130e-01 -3.412506763137244103e-01 -1.683346535518267295e+00 -1.465174298350394810e+00
1.510797478360201957e-04 9.270745337128557379e-05 -4.597171379220879790e-04 -4.343462373272964920e-04
1.434848130975977258e-04 1.034943518995269830e-04 -5.468252309366181596e-04 -3.895380173549874386e-04
2.045199020788224589e-04 1.644142601313879895e-04 -6.865067683663756554e-04 -6.299861979312904123e-04
1.953105983014143732e+00 -1.778541047936814667e+00 -3.522537666671248680e+00 -3.561800535079822083e-01
1.040952686531314147e-01 1.417329110096911260e-01 -5.875737973167314276e-01 -5.090142479408125142e-01
8.303187647195574561e-01 -5.530569053479565955e-01 -1.800370526551321682e+00 -4.235062066762531607e-01
2.436103817082375619e-04 1.660053819721903350e-04 -5.876265443397918299e-04 -5.830103754088292569e-04
5.002130442506383945e-01 -6.162407511383505287e-01 -1.340847590784465915e+00 -1.051470914109337906e+00
2.433597870489998261e-01 -3.306604921960554222e-01 -1.805648287427362719e+00 -9.048348676596026374e-01
1.003287434783817905e-01 1.294973728386618339e-01 -4.736694500201306668e-01 -4.200926798715530763e-01
1.362949823961440154e-01 -6.037507841075252513e-01 -1.985176268258791232e+00 -1.229513011603557970e+00
2.672284304895707230e+00 -2.563972003821279433e+00 -2.457734663774826522e+00 -1.072487964357104362e+00
8.507268301820866685e-02 -4.033904642379455147e-02 -4.200152985131279104e-01 -3.488545918322181194e-01
8.178951628159629728e-01 2.909169640601372633e-02 -1.813639150400818689e+00 -6.263497239661099947e-01
5.958850332217223612e-05 1.033859416780574851e-04 -5.750903063895829734e-04 -3.752352563714374473e-04
2.245865353033025258e+00 -2.452866969732711233e+00 -2.574640993796590838e+00 -7.622486613618408846e-01
1.769323942727666577e+00 -2.058021369148637980e+00 -2.542504539508017025e+00 -2.150731438422137209e+00
2.189279739762629795e+00 -1.630434843143509172e+00 -3.420606082547306137e+00 -4.848350350206696580e-01
2.345134003050961685e-04 2.501495113948416955e-04 -6.008735526581226397e-04 -5.421411478874810144e-04
2.233730063160546848e-04 2.325898673642468918e-04 -6.700739743165746651e-04 -5.788595789204312690e-04
1.459106408738268437e-04 3.515007828297891571e-05 -4.458678689403490015e-04 -4.224414197654573818e-04
1.452932200268789664e+00 -1.524217419332230650e+00 -2.717418051588654127e+00 -1.053532836663043426e+00
1.428161727819131865e+00 -1.596209449715062734e+00 -2.850895829429281658e+00 -1.015814529513791697e+00
4.274601654275216878e-01 -2.595178271698985184e-01 -1.850340401543585589e+00 -9.803588515085628341e-01
2.384675808789764491e-04 1.938791136579852772e-04 -5.851582285975125662e-04 -5.540123200342650335e-04
3.035110878689040170e+00 -2.378633959097314676e+00 -2.207118548425236693e+00 -2.818299078871486230e-01
5.198191972921011039e-02 2.613586220945393699e-03 -5.814032070691038667e-01 -5.396522499130876893e-01
2.102773640492059878e-02 2.012047002248490424e-02 -5.231541675121835766e-01 -3.737656676474511164e-01
1.515845487474439368e+00 -1.189583917071227903e+00 -3.422482904947288684e+00 -2.741035983230137862e-01
6.147001509685321441e-01 -1.066200076686318887e+00 -2.611631090451716819e+00 -6.683438560228072145e-01
9.453207284868678163e-05 2.034082989069466944e-04 -6.715179470539342456e-04 -6.293783301457099143e-04
2.100894161474708088e+00 -1.821391383955704768e+00 -3.850309516503426455e+00 -7.503037518429957198e-02
1.974866845602719412e+00 -1.871843939701060888e+00 -2.033048553989275753e+00 -9.998663738502078235e-01
2.903022721649411331e+00 -2.335557791569796038e+00 -2.711983521572389755e+00 -1.440383692970881535e+00
5.054920806993543764e-02 5.867174032825270280e-02 -4.749387581411189108e-01 -4.588619028605446237e-01
2.387206393171692476e+00 -1.798227848002301288e+00 -3.414751253491579597e+00 -5.381339599883112612e-01
2.537193965240629012e+00 -2.770654610030057974e+00 -2.713773500720080278e+00 -1.470594763736267296e+00
1.658796740791993482e-04 1.063664861439206019e-04 -4.928732904201757643e-04 -4.173895748759524492e-04
1.394952627638020146e-04 1.533584163381129155e-04 -6.965390129808583927e-04 -4.637668207753812047e-04
2.392323868529161045e-04 1.709748890384213112e-04 -6.256341004482108593e-04 -5.085404289875660984e-04
8.899505122602089984e-05 1.058011997212881584e-04 -5.069673364390462050e-04 -4.008451650665260826e-04
1.837838392615050331e+00 -1.581553046864153433e+00 -2.208684087315790023e+00 -1.646835874256186161e+00
2.478528651624489321e+00 -2.181946847820940949e+00 -3.591780504706736821e+00 -7.483397199412441525e-01
1.547453459631375171e-02 3.099546913525365495e-03 -4.893516828847622735e-01 -3.617573007819369080e-01
2.941307374714237644e-01 -1.843669943187655480e-01 -2.228716664783506385e+00 -9.628049914643285190e-01
1.329833876422745729e-04 8.923490809677107167e-05 -5.880727706541148811e-04 -5.904214089604216701e-04
2.159603479313669805e+00 -1.605465671347210854e+00 -3.136180324405649422e+00 -6.482263858207848450e-01
1.916056923218395713e+00 -2.629547198086701787e+00 -1.997574416038367051e+00 -1.386353955032097351e+00
2.146505799607803684e-04 2.575220726652006171e-04 -5.882800292766670811e-04 -4.428090736902013562e-04
2.565287013679730930e-04 1.629098470162291634e-04 -5.296230921424587099e-04 -6.452337137424547266e-04
8.576906652123868387e-05 1.092937875093190662e-04 -6.899040172414469584e-04 -4.212708532145030202e-04
8.582769724790041102e-05 7.985487858028438273e-05 -6.546259534278997148e-04 -5.539419254548929097e-04
1.013125882900385744e+00 -1.164481578462094324e+00 -2.927607056121721119e+00 -9.218166923228772180e-01
3.156915850078955842e-04 2.106676878945097945e-04 -5.409432305964699799e-04 -4.681219461047000626e-04
-2.897627479440684217e-02 -3.310020601796102163e-02 -4.985684446450472374e-01 -3.574965975826697728e-01
2.172651138432948770e+00 -1.755253301573529212e+00 -2.995126205124052809e+00 -2.702657482806680028e-02
1.433810088431258724e-04 2.235826544461904926e-04 -7.163677825706532250e-04 -5.924802579356516167e-04
6.715646100583294587e-01 -1.407030771801136837e-01 -1.689167566320777913e+00 -1.359049411670916196e+00
3.116539219625174884e+00 -3.063455679293584311e+00 -2.660393158952218062e+00 -9.572344282680484984e-01
1.903758743319949209e+00 -2.302482877274588446e+00 -2.488357458030741931e+00 -5.225406922987122504e-01
1.654503051865856778e+00 -1.906191610058268537e+00 -2.322985187691144482e+00 -1.578007505022239965e+00
2.141140998871998935e+00 -2.073016029587481324e+00 -3.588932030145180807e+00 -6.486270199450071550e-01
1.378657610287808144e-01 6.865649644330039381e-02 -5.318763858502359998e-01 -4.664480946848609255e-01
2.894676247391104454e-04 3.007775378789993262e-04 -6.525645932230913181e-04 -5.103008278615732288e-04
1.356931854239040041e-04 3.432907073097016953e-05 -6.402383443881778111e-04 -5.333124607918281754e-04
2.169919151133108404e-01 1.272203981699246700e-01 -4.724448190788761992e-01 -5.347857588429895115e-01
2.392373696873280497e+00 -2.059100474772460387e+00 -2.776198504299652203e+00 -1.610887066399485090e-01
1.436863175547836225e-04 1.734911541664148598e-04 -6.857968277724092298e-04 -5.388093985387470454e-04
7.007420727357765999e-01 -1.158964206273676023e+00 -3.016316752504244914e+00 -4.580875864281475640e-01
2.762832076159948687e-04 2.387758714267244171e-04 -7.093889410159228770e-04 -6.828979388260468693e-04
1.303962056310610906e+00 -1.623435644194383576e+00 -2.571444860828473900e+00 -8.361607845823768592e-01
8.771349494820781742e-05 2.196891387425469551e-04 -8.012486670951482828e-04 -4.976512363165906411e-04
2.401517074804617735e+00 -1.990783319605880175e+00 -2.414202191141679332e+00 -7.741206334959954694e-01
1.094650742584425823e-01 -5.605373586516788909e-02 -4.078901704888705515e-01 -4.176644019627935855e-01
1.070591251445167424e+00 -3.123837793854529754e-01 -1.730142371378676325e+00 -6.086505062576443859e-01
4.186513559517274219e-02 6.081353196732981747e-02 -4.610580186839589589e-01 -2.900034577625603127e-01
7.095494982461457434e-02 -9.676165051212757273e-01 -1.425820551681227899e+00 -1.737486214259701400e+00
3.061449719274200580e-04 3.511958346646602510e-04 -6.100032182523554454e-04 -4.869772525605258070e-04
1.936560071332679386e-04 8.909932694334168467e-05 -6.927962082478540456e-04 -6.084921737034706350e-04
-1.295582239034563828e-02 -4.493590152022734242e-03 -5.881879797044335667e-02 -4.684730105626293273e-02
2.418852282588078439e-02 1.160866616849982012e-02 -3.878348052211397223e-02 -3.201370124733138312e-02
1.784425735739517452e-04 2.599425587768912794e-04 -8.107579341753799046e-04 -6.485785956613774510e-04
1.818228232558904555e-04 7.531720420399214621e-05 -5.066091442828030318e-04 -4.295892337890055393e-04
3.023337286290867620e+00 -2.679319534283857163e+00 -3.546752449037166688e+00 -1.376165887222720263e+00
1.635466213005464908e+00 -1.932349533499221339e+00 -3.111373101480277903e+00 -6.031356978666512214e-01
2.509159292820057452e+00 -3.297812809951921942e+00 -4.206038632088672458e+00 3.349887740137851011e-02
2.657154853070756162e-02 3.616773890055446222e-02 -4.222882283918096835e-01 -4.546338923412312494e-01
3.386390413070620542e-04 2.844255327880164928e-04 -6.956754914305103088e-04 -6.595802577899950768e-04
1.963461608393533009e+00 -9.195755436108954406e-01 -2.388452759006241433e+00 -5.705957626141359151e-01
5.121998303397182949e-05 1.241233696981665951e-05 -5.327380100664922844e-04 -4.159219024118059028e-04
1.812764984518706705e-04 1.312327907602626965e-04 -5.985909250085074806e-04 -5.111337042648522603e-04
1.422100759366851375e-01 5.288852250251357273e-02 -4.727001805867424578e-01 -4.863851227935719335e-01
1.956690188876242908e+00 -1.522292970086266628e+00 -3.258468797118005966e+00 -6.319448081328001843e-01
8.620983598625533983e-02 6.772943377064176429e-02 -4.724180931767036351e-01 -3.286457154871667563e-01
2.304605037307074411e-04 1.358461194198114827e-04 -5.564982612515422065e-04 -5.440742881646876096e-04
1.960184891462801000e-04 2.532497956307581499e-04 -5.955393728148906853e-04 -4.040351684566456767e-04
1.862822571686847117e-01 9.068259732791203453e-02 -5.599678325722511341e-01 -4.769192877086326221e-01
1.978374098333787412e+00 -2.940249275508963755e+00 -3.613356891285491646e+00 -4.174702322218531991e-02
4.272261793170277211e-01 -3.790010561292909141e-01 -1.400834602340780721e+00 -1.485091439891749632e+00
3.045901431386779240e-02 4.973335996710682994e-02 -4.987507601853342631e-01 -3.835781039634802991e-01
6.382131911216865072e-01 -7.649398676700200905e-01 -2.252952157072117600e+00 -1.237687752532524943e+00
1.210550362042079925e-04 1.451196299944928841e-04 -5.560831982004817110e-04 -4.836006464612578886e-04
6.076580802783555502e-01 -2.845619465539981352e-01 -1.460243111677833161e+00 -1.348084243045191588e+00
2.369136740692447507e+00 -1.653727231079721083e+00 -2.504755944902191445e+00 -1.768984352429066598e-01
1.130194788062630629e+00 -1.672914894871317948e+00 -2.665024737539664734e+00 -8.975555771017689199e-01
1.209977622855736327e-04 8.336029400132853292e-05 -5.295512541555212399e-04 -4.134112195694278824e-04
2.353639772634960278e-04 2.070490542788876208e-04 -6.578386754448044705e-04 -5.813174596564486775e-04
2.522533478358377490e+00 -1.455138762486499981e+00 -2.838851275759292303e+00 -4.466889173109135358e-01
4.000270573614821412e-01 -4.566134449092474346e-01 -1.960585677158448670e+00 -1.409541748146277751e+00
5.781206984688087580e-01 -5.863636162201892876e-01 -1.780271679653548711e+00 -6.682499004958314393e-01
9.578205716196924735e-02 9.682586234715737095e-02 -5.257856166525408659e-01 -5.023929942152052242e-01
1.860272713928922683e-01 1.257578537316395018e-01 -4.907227742875469034e-01 -3.431710333582431716e-01
2.916385111473833724e+00 -3.195772214824317281e+00 -3.027762053669183828e+00 -1.354479071494377518e+00
1.031731246536451291e-02 1.452227644238207258e-02 -5.115536038949707737e-02 -4.082712207743496163e-02
1.827936707272291406e+00 -2.015421520112061327e+00 -1.432876968275207608e+00 -2.214031584572581757e+00
1.723947327432364118e-01 1.776316975641384077e-01 -4.980711853491576191e-01 -3.133082838413186466e-01
2.230396607956353224e-04 1.975527555146128482e-04 -6.368183035911158295e-04 -4.171833865003738676e-04
7.999117055562865106e-03 -2.232815776506419381e-01 -1.876436765572117471e+00 -1.034767960915041307e+00
2.959834139639557549e+00 -3.572489698993075002e+00 -3.193787583307403644e+00 -1.301686585930906803e+00
2.180765158862828929e-02 1.922632131768427580e-02 -5.997369748834846526e-02 -4.982678806723660203e-02
1.987306452427848980e+00 -1.365104155209767356e+00 -3.596497033121520470e+00 -2.304543926511244123e-01
1.955460264268459980e+00 -2.427667647638586335e+00 -3.556136378798700814e+00 -1.276833643931483353e+00
2.858259206053638923e+00 -2.604837380263558266e+00 -2.380713348377205385e+00 -1.018541813242151761e+00
2.211578536952979457e-02 2.457862143978463074e-02 -3.771071519317288900e-01 -3.325670278422839798e-01
2.831443156723758126e+00 -2.721414137609268202e+00 -1.947574510827511762e+00 -2.019162051755943210e+00
2.062641319762659100e-04 1.599242306617039931e-04 -6.512570202177344171e-04 -6.303174505271855752e-04
-3.375053712939257156e-01 -1.013998065607010085e-01 -1.285598464035021760e+00 -5.697500334676434131e-01
2.113172832837836079e+00 -1.641983097890616472e+00 -3.823803978761592504e+00 -4.393923588163270999e-01
6.878546914589834804e-01 -2.915112923347710217e-01 -1.836196230441386579e+00 -6.235191044232772928e-01
2.905313488333398711e-02 1.757294757825544895e-02 -6.933775756652198197e-02 -5.572994872119724219e-02
1.267481154908967533e-04 1.010048081097445643e-04 -6.289043940814947669e-04 -5.450755888513897493e-04
2.822988502329954992e-04 1.804597891515125031e-04 -5.291848839501318760e-04 -5.939914009344891528e-04
8.618070113933284926e-03 9.497146474628620841e-03 -4.229999917334077431e-01 -3.065542080572089545e-01
7.822208271705308191e-02 7.900464115325067649e-02 -5.506302406818305295e-01 -3.444969863329244153e-01
1.594978768203079370e-04 1.198438208829395691e-04 -5.942543235949321063e-04 -5.648373147305977031e-04
3.677156457512961978e-04 3.179167206870752403e-04 -5.962678780610555481e-04 -5.812222203574509815e-04
9.767881382000447781e-05 1.054911027894968816e-04 -7.272797594302824950e-04 -4.634305517638771278e-04
1.249112111759006077e-01 6.719121118394515146e-02 -4.146342823466815375e-01 -2.949250779185623728e-01
2.166881902481806177e-01 -8.117918575780801449e-01 -1.733805594087060920e+00 -1.302541438062231993e+00
-1.184433513116053480e-02 -6.250361828106095752e-01 -1.303868688595127390e+00 -7.169630185314030957e-01
8.023588486871064632e-05 1.839650942739637352e-04 -5.950313450072217819e-04 -4.815440161558434641e-04
1.025380289576845572e+00 -5.392421981179212898e-01 -1.900495675897538428e+00 -1.296219144690116121e+00
2.205197589263932390e+00 -2.362608987174580566e+00 -2.918447459047493808e+00 -1.393202465311494276e+00
3.051991415356895571e-04 2.547772365732087533e-04 -6.619032947048145155e-04 -5.075720350393350113e-04
1.350149424186198432e+00 -1.896220587024794790e+00 -2.714232626737589360e+00 -9.639634975383547522e-01
2.263248853271896885e-02 2.510856518121231534e-02 -7.103958436013332878e-02 -6.128574040547395824e-02
2.174815111433341748e-04 1.127492034729315925e-04 -5.263727910006467045e-04 -5.057947404902023072e-04
2.450788583597418189e-04 3.012923121080158520e-04 -7.254863900845796680e-04 -5.379321329480274503e-04
1.534096780460083576e+00 -2.300376587979084064e+00 -2.590841072137509471e+00 -9.421810004480357659e-01
2.036659772770815113e+00 -1.530382019301423036e+00 -3.518889533247047563e+00 -1.162297963088368746e+00
1.412435971706618948e-04 8.838255321608831790e-05 -5.160766251403574182e-04 -4.867524810266741857e-04
2.245795258022629248e+00 -2.634276321458460135e+00 -3.021889814603960556e+00 -6.409319946997326101e-01
1.323913338001873744e-04 1.307896456931284112e-04 -6.142921668803695556e-04 -5.540621189901186704e-04
1.661345764546325598e-01 8.612680477377215871e-02 -4.882338731169445500e-01 -3.712725220899237843e-01
2.812746898432270104e-01 -7.940426416163473000e-01 -1.326955843256045764e+00 -1.595450466398110390e+00
1.629873603752141163e-04 7.297676290709681761e-05 -4.992814934760918776e-04 -3.031893291537316013e-04
1.143939042417833391e-04 1.928175135581245954e-04 -6.149246160193399049e-04 -4.303766841013513598e-04
5.922312696164977464e-01 -4.656488180759910112e-01 -2.007922889086553031e+00 -1.019006048390741270e+00
3.405475664877700135e-04 2.940303682523830436e-04 -7.138286556551049801e-04 -6.886563594945086528e-04
1.419985129219644426e-01 1.267832021446709256e-01 -6.154052911147493976e-01 -4.850169826025991782e-01
1.023481927703854266e+00 -2.138395627518422604e+00 -1.997173132751508318e+00 -1.358414347867625827e+00
1.583132206528280683e+00 -1.256348720604241853e+00 -2.354803352129649419e+00 -8.806664604987349820e-01
1.821891375248849920e+00 -1.376058049456435395e+00 -3.538622389003887037e+00 -5.396467980935069075e-01
2.332320630962135760e-04 1.700041535967741009e-04 -4.821142724051207711e-04 -4.437631167482898142e-04
-1.210990273624808211e-01 -5.735718124828471653e-01 -1.742215002231001231e+00 -1.304927851452003518e+00
1.114964112296576576e-01 -4.195023756943081113e-03 -4.823246544461674556e-01 -4.395699364282761312e-01
2.855385423126565847e+00 -2.262149763036624517e+00 -3.034550073345944732e+00 -5.445509401422817808e-01
1.353101555289887070e+00 -9.429005756270926186e-01 -2.978996931896450207e+00 -4.839512278220063912e-01
1.552840563449591760e-01 1.148138353000428408e-01 -3.908386980327555604e-01 -3.362099385404543339e-01
2.825532187707553877e+00 -3.194620196604168072e+00 -3.258660639293846639e+00 -1.253930482921242762e+00
5.270504844220358137e-05 1.224800511438833514e-04 -5.596442568743663793e-04 -4.636981675021274209e-04
2.368572903134798513e-01 9.241925061628276927e-02 -4.614645204345335094e-01 -4.469691261403075933e-01
1.684867631185453711e-05 6.363044616246364910e-05 -5.118119382786679057e-04 -4.679188626109401987e-04
1.990692777143695080e+00 -1.480186685888487341e+00 -3.482422330160178880e+00 -4.394571235666963616e-01
1.514469508730490910e+00 -1.516273112843379955e+00 -2.871141840766779474e+00 -2.905479537604988560e-01
2.268194874708322040e+00 -1.343507383858347115e+00 -2.874842790951544380e+00 -9.527643427843509594e-01
3.741524909405992361e+00 -3.695932654365894798e+00 -3.917519658874608623e+00 -9.122904821323910007e-02
1.844450701200063048e-04 1.978577861670777129e-04 -5.852756344254549971e-04 -6.433326626001777820e-04
6.580433076171362736e-05 1.339321048628135460e-04 -6.551408830748895991e-04 -5.851319341934895120e-04
-2.579610124027253426e-01 -1.115173397637626990e-01 -1.977291260943218276e+00 -3.734509655077318802e-01
2.327080191600326975e-01 8.812761317747867806e-02 -4.005021748844489471e-01 -5.431337718702029527e-01
4.666040396779287946e-01 -4.979822461741711392e-01 -1.587941334051298892e+00 -1.361803803641282951e+00
2.315068426404229385e+00 -2.523830004815558858e+00 -3.617511429863263572e+00 1.342554731959199610e-01
2.340544845924418249e-01 1.400135339042568594e-01 -4.885759295190662543e-01 -3.750275665740900877e-01
1.410458689236510944e-02 -2.545564307801512216e-02 -4.262544007378222810e-01 -3.700077673656317900e-01
1.859784811852953584e-04 1.540466056428724099e-04 -5.819148602807223090e-04 -4.708158167935562097e-04
2.587132670631286523e-04 2.606677181028003846e-04 -5.840262577474318725e-04 -5.568463550936099534e-04
8.934179389188843742e-05 2.211968006748161019e-05 -5.706485498620280771e-04 -5.135320960443782090e-04
2.422107805255433011e+00 -1.697327702453426568e+00 -3.813066139402895960e+00 -5.746026233735148647e-01
9.104137676793483402e-02 6.881317092426895987e-02 -4.638359960099629475e-01 -2.939021203669945348e-01
1.209660298921305110e-01 1.135011704066274385e-01 -5.909381451645034922e-01 -4.486174107185579851e-01
1.034593462942778180e-02 5.567118415753510852e-03 -6.531512568392690288e-02 -5.765340138234809064e-02
3.139850117879743774e+00 -3.035964234356907987e+00 -3.041668385184282730e+00 -2.780289324966579989e-01
2.172739119272671846e-04 2.222119452805032774e-04 -5.600576845351518509e-04 -5.897499176802014492e-04
2.509032525935332410e-04 2.419175470616993480e-04 -6.599060331349266943e-04 -6.438809021335248871e-04
1.885413854120285393e+00 -1.588402088657484779e+00 -2.831326147605756294e+00 -3.157119974358156278e-01
1.043707742848281272e+00 -7.965280146350672830e-01 -1.635764471375390272e+00 -1.380159810789923558e+00
-1.315022324985149794e-02 -4.855005927726483220e-03 -6.943435676005592361e-02 -5.227810698889717028e-02
1.759079514809588796e+00 -1.115713202629451395e+00 -2.571023604602906243e+00 -3.095462765942585404e-01
4.669108102920608433e-02 3.978605136970744804e-02 -4.736419441275655506e-01 -3.707572690199102960e-01
6.451238369702705366e-01 -3.710725221321282685e-01 -1.459443934119933006e+00 -9.787830835811300867e-01
3.115858247940944789e-04 2.408661863372627389e-04 -5.995322951845132855e-04 -5.695311683121907559e-04
2.306541238542170614e-04 1.789603650955700492e-04 -6.402384206541538759e-04 -5.201832079193985121e-04
-1.713006766633414640e-02 -5.563207825226575837e-02 -5.372999922906387393e-01 -3.723055015493157427e-01
1.015628126915742308e-01 -2.811205760199034231e-01 -1.817604467077239550e+00 -7.307420991020565637e-01
2.827333368008823289e+00 -2.404555039240161562e+00 -2.264810017307752776e+00 -1.452875515395113393e+00
8.627198558451304455e-02 1.930527943409094185e-02 -4.754049282347889704e-01 -3.148488255577837625e-01
4.160758784825431013e-05 7.993867265978248148e-05 -5.157910894447010307e-04 -3.256033909906586791e-04
7.275317960660077077e-01 -1.909713403227737971e-01 -1.863218916911419720e+00 -1.822622574114446170e+00
3.475738901222909006e-06 4.026180140880120644e-06 -6.316073031105231845e-04 -4.355849842190044553e-04
-3.054034711762609877e-02 -5.505197520592363530e-02 -4.863083155624779441e-01 -3.593184875861534233e-01
3.383915364449228860e-04 3.139811828304736488e-04 -6.797975291066220109e-04 -6.113468576636719868e-04
1.557035678466381834e-04 1.074793584854022980e-04 -5.962781005305133834e-04 -5.498473166321982261e-04
1.064886722686154696e+00 -1.388559999091396879e-01 -1.480426237325874084e+00 -9.757506878374683223e-01
1.273032905802561121e+00 -1.172022154127658755e+00 -2.692834996397010627e+00 -5.914073526343818221e-01
1.469660998258738875e-04 1.407122382347806482e-04 -6.501741805392646355e-04 -5.254377788232000683e-04
1.969057240813327336e+00 -2.028894212013553577e+00 -2.684415255732010674e+00 -1.349396788402445146e+00
2.549574895594332942e-04 2.972922941932968385e-04 -6.523931910795817629e-04 -3.982994458690943202e-04
2.374666574239157057e+00 -3.034945477987724072e+00 -2.329215467665045391e+00 -2.106561558636037557e+00
1.756840640935902975e+00 -2.143691888154510394e+00 -2.292858800887452642e+00 -1.170464497775285162e+00
2.971276754338374442e-04 3.383932854119658007e-04 -6.675230315322053937e-04 -5.290402331198893219e-04
3.545601831685599170e-01 -4.531704057138994379e-01 -2.190286369155269863e+00 -1.517304607564286867e+00
3.132959656961579742e-01 -4.103614589988029415e-01 -1.779048097330161005e+00 -8.540027447367429803e-01
2.131645677181957311e-04 1.048925873220662774e-04 -4.122515774686264455e-04 -3.759868614646841214e-04
1.548108256524704824e-04 1.164041664776826920e-04 -5.931450624511966667e-04 -5.559584879606620624e-04
1.787767466294252428e+00 -1.926691428617789859e+00 -3.081166595413733500e+00 -1.162462644318456473e+00
1.333118605665976619e-01 1.160517644111350583e-01 -4.682128679320530229e-01 -3.920821516272203211e-01
1.641267230773399812e-04 1.095979017970222577e-04 -4.837164770259454118e-04 -3.990885974006610831e-04
1.470612546168641936e-04 1.043948193137393747e-04 -6.990792030796859000e-04 -5.187373907278985128e-04
7.254175335941982494e-01 -3.348729559500482345e-01 -1.440979741447445006e+00 -1.507616337058063749e+00
8.739119277233051708e-01 -1.194055024799742654e-01 -2.140683101047403447e+00 -4.544041238713267261e-01
2.950959761381157995e-02 2.191798474057007201e-02 -4.340546173206751845e-01 -2.869746312893847184e-01
2.176763746517483611e+00 -2.902592167529013611e+00 -2.796807635680551574e+00 -7.395782170988657311e-01
1.089240189475672860e-01 1.136652331176341846e-01 -5.142828453016213830e-01 -4.978751961074083243e-01
2.507583656115361492e+00 -2.191248142737705962e+00 -3.178098104083501241e+00 -1.513024803105286864e+00
2.474042970667290842e+00 -1.899484096481777184e+00 -4.248743150981860950e+00 -3.353194657028744641e-01
1.035061152903197015e-02 7.406992239285990591e-03 -5.441958999321411944e-02 -4.934089068940580858e-02
1.878349574914051079e+00 -1.720819992278481925e+00 -2.601941476325343672e+00 2.008420087413808897e-01
5.500503882738664446e-02 1.861369167223413459e-02 -3.981813235839363752e-01 -4.292686354053484310e-01
2.300999109190625447e+00 -2.051909013668363535e+00 -1.942650213625038091e+00 -1.251629205266239220e+00
1.390767559342048938e-02 1.342375761422077117e-02 -5.541417597067628542e-02 -4.841039742835630266e-02
2.565659507868193412e+00 -1.810504815931548883e+00 -2.574476338917771834e+00 -5.350507324224988981e-01
2.263067383714006259e-02 6.739628830209318244e-02 -6.619129792780129584e-01 -4.091244515769030254e-01
1.146348500811489979e+00 -1.954927153320407118e+00 -2.822213643933392913e+00 -1.604110962768655169e+00
1.105640717679447216e-01 5.037602592830527776e-02 -5.642720444988382766e-01 -4.500267699998150572e-01
8.852823705640114893e-01 -6.210934033206375604e-01 -1.520181763123382268e+00 -7.190136425783216767e-01
2.272450101218251685e-04 1.131405562341403220e-04 -7.388247059602835167e-04 -6.594000739406108858e-04
4.246950515315151648e-05 5.395975292661207211e-05 -4.772095510678921963e-04 -3.918460606801035221e-04
1.898756695366625425e-04 2.694460194345019762e-04 -6.287150942003741317e-04 -5.120168018535299842e-04
7.523127133101071781e-05 1.528255474766357369e-04 -6.637590345398517583e-04 -5.326832344153276935e-04
2.139254634287494387e-05 1.067375619533944401e-05 -4.996998561644329026e-04 -3.184044572511150598e-04
2.645809634030682478e+00 -2.142766714461487254e+00 -4.405396426174913671e+00 -3.110716160041410161e-01
2.145229628410360787e-02 2.047025241849757121e-02 -5.906795713030785905e-02 -6.250369329384329597e-02
2.915150850011297479e+00 -2.350866491807143799e+00 -2.160210449892056239e+00 -1.233489658296095470e+00
1.259174191992212588e+00 -1.332644053967729336e+00 -2.595384894399279219e+00 -9.016108885997121680e-01
2.486902939911441791e-04 1.146600366983006381e-04 -3.805429758663087035e-04 -4.106075289649070942e-04
7.370699959714515082e-01 8.868294252940076006e-02 -1.811798744540009221e+00 -7.966664789728387097e-01
2.804965103034903610e-04 2.403920545333734478e-04 -7.089797473143558950e-04 -6.410286049084106636e-04
9.129343467532285983e-01 -2.204899466089264681e+00 -3.085594108698985316e+00 -1.208386028870659379e+00
8.667543433204497223e-05 8.352866240865503130e-05 -6.391327941750969341e-04 -5.451368408194498657e-04
1.856616587313623390e-01 6.633292233798306070e-02 -3.102787986525965547e-01 -3.178119498440568624e-01
7.746614871670991220e-03 9.991824773211348959e-03 -7.011283387985943472e-02 -5.770586148158536599e-02
3.092238222451503482e+00 -2.596623761068018510e+00 -3.228718709657667052e+00 -6.058851034255854362e-01
5.913035582332476156e-03 1.091026897091663603e-02 -6.703385467587916202e-02 -5.096950064380507267e-02
9.007804331022642441e-02 -1.385586528076887015e-02 -5.002875090105500799e-01 -4.311430023367208708e-01
1.697592201740309834e-04 1.404727639050766660e-04 -5.286792672615689935e-04 -3.503518931201730262e-04
1.250106840394088925e+00 -1.555389439709356836e+00 -2.799388973498712740e+00 -1.588244783426367102e+00
1.938955107544588271e-04 1.372211426518914993e-04 -5.782465184145052593e-04 -4.766218054586160262e-04
2.595785800019951087e-04 2.526914910450129030e-04 -6.023358527074415070e-04 -5.341142907352194576e-04
1.253882594645258056e-04 8.925804097783576719e-05 -5.926455843949210607e-04 -4.728369839276736278e-04
6.865148811362741244e-01 -2.254653321331983318e-01 -1.297836130219184758e+00 -1.428898930926155941e+00
9.321749626297298850e-05 1.331892802077688277e-04 -6.527780464278862922e-04 -4.731018756240082737e-04
1.869676534377312386e-04 1.686433839293324224e-04 -5.956056404354975221e-04 -5.074879265100437501e-04
2.249340816398117671e+00 -2.614302764939425483e+00 -3.547968557985160309e+00 -7.479342823985004607e-01
1.000018005757152828e+00 -1.228815711081226336e+00 -2.464988685683166647e+00 -1.991369962203489496e+00
2.494566726246526311e+00 -2.486254162348511265e+00 -2.134227927991696028e+00 -1.089364630204197271e+00
1.526965186851485967e+00 -1.824773645366833952e+00 -3.586159423749390562e+00 -1.134257901162167848e-01
2.326308539353761598e-04 2.260012052631010381e-04 -6.429610741454616337e-04 -5.546725465874614673e-04
2.029340069932463332e-04 1.428996704653964875e-04 -5.960994336926428872e-04 -4.798041302478826451e-04
7.077034646758295633e-01 -6.163832732877567722e-01 -1.944642907521975994e+00 -1.293639870924106150e+00
4.085553390431289201e-05 -4.739489504489805422e-05 -4.412664160078857457e-04 -3.430153719248481324e-04
4.121846432506956113e-04 3.458985469151278514e-04 -6.088598194518879706e-04 -4.391035916645455233e-04
-1.908146657433921860e-03 3.243754704508140796e-03 -6.635467198869524075e-02 -6.216904666653412515e-02
1.729579020269496120e-04 1.772199029939493611e-04 -6.428772644968908925e-04 -5.338344418821755564e-04
8.250369033678248197e-05 1.380197823042430812e-04 -6.194744877476387850e-04 -4.229144326793426957e-04
9.297012895634817475e-01 -2.857068339883040431e-01 -1.684448781207498413e+00 -1.510158854295986064e+00
6.161175776805466464e-02 -6.677723646355030254e-03 -4.267236749507873905e-01 -4.033759454219077445e-01
1.360972991572919645e-04 9.546023829752897790e-05 -5.913589727440157068e-04 -3.901063807749434041e-04
2.239115319517007041e+00 -2.374875890854105887e+00 -2.813653117538215120e+00 -1.107793078667202780e+00
7.443362077105536434e-01 -5.123981447114556165e-01 -1.974954967276208118e+00 -1.154061841182834058e+00
1.478544611580628609e-01 6.710666341193438633e-02 -4.535377724782570508e-01 -2.287890785180876074e-01
9.217511572661835604e-05 3.369216480598378983e-05 -5.787902587797344369e-04 -4.933746302592505878e-04
3.671699426356600689e-03 3.386753136872564657e-03 -5.972713522145508408e-02 -4.528284573592025047e-02
5.754022685902033807e-01 -1.054399643937509699e-02 -1.283351036776395837e+00 -1.639253037182982320e+00
2.534894848442589055e+00 -2.435922447273318525e+00 -3.477756861223697982e+00 -9.564293758503178422e-01
2.063864978198748942e-04 1.517981024108939461e-04 -5.178030631410025742e-04 -4.003398014793780810e-04
9.783247119259695646e-02 1.191241256732254597e-03 -4.619967801921572303e-01 -3.400124183007881551e-01
7.789817716363610887e-03 2.090468467034117470e-02 -4.969300573022769618e-01 -3.847139014859655703e-01
6.189470050732162054e-01 -1.474670783141697750e-01 -1.506617882352726978e+00 -1.233538391460349493e+00
1.199611669785133989e-04 1.784779214024796159e-04 -5.316887728971943748e-04 -4.844301858967163098e-04
4.256536535529445225e-04 2.922589744107601342e-04 -5.687196713603794810e-04 -5.040208488887874859e-04
-5.898108738568418746e-02 -9.134978485844719165e-02 -4.423139351392837426e-01 -2.761602924750737320e-01
2.797303351471963406e+00 -2.574311505063472616e+00 -3.026122742511640151e+00 -1.298252908491376312e+00
1.007847805590871628e-04 1.368933161618189121e-04 -7.605233779098016875e-04 -6.337702250663185266e-04
