2.159510620555641714e-04 1.972143478606100809e-04
2.343202477127458161e-04 1.293622592980697499e-04
1.997736341026846529e-04 7.890324124761502445e-05
5.849203917778873438e-05 7.712058556035658477e-05
1.293411364508841683e-04 1.762759230465049687e-04
3.219903985259845369e-04 3.814719424495396677e-04
-2.783494717199420654e-01 2.779889672114737587e-01
2.759006528229913957e-04 1.361045848527817472e-04
9.649356662510194527e-01 -6.037512811226857234e-01
1.312321586091272764e-04 9.828425731565700496e-05
1.334809550496278451e-04 1.642784190206620959e-04
5.100660631936608791e-01 2.314940466880155423e-02
2.012609624933009423e-04 1.239541506652407944e-04
7.306881467888061616e-05 1.553424477149392371e-05
2.609145948369487973e-04 2.625727085154796092e-04
1.912335452636958113e-04 1.115434846150818547e-04
3.398904573602504480e-04 3.769672208926636145e-04
5.188241416695678191e-05 9.264874863018505966e-06
4.320681717642954611e-01 2.470060579225444308e-01
1.341096818101999728e-04 4.471105621181380814e-05
1.637333382000939058e-04 1.764020762418748835e-04
1.441682492397727475e-04 1.329052579671125106e-05
3.494964081884190219e-04 2.719081865883083479e-04
1.579502315925076941e-04 2.345284208541528932e-04
7.048829107784784220e-01 -7.290242373588504687e-01
5.090808295333602018e-01 -6.178997868935878213e-01
1.314083421600672737e-04 1.967861436719509191e-04
9.483667528483968878e-01 -4.694688064634425229e-02
2.602660356884308802e-04 1.893685426998288222e-04
2.299476474508482641e-04 1.943173966952634198e-04
1.341958169185925444e-04 9.287987918031447726e-05
-9.581203613072428737e-01 8.799236756086213918e-01
2.544856917223754377e-04 1.870541937499646686e-04
2.522811323678147131e-04 1.853348654234318084e-04
8.169257890128852617e-01 7.445680270626178765e-02
1.609406559610775166e-04 2.340507473983872359e-04
3.031750949051165178e-04 1.584576776130897752e-04
3.699542468721495614e-01 6.941327351821722537e-03
-1.584110114232495355e-06 2.616302522501329797e-05
2.542413293563876428e-04 1.838608293975259377e-04
2.331195723032555150e-04 1.272963576303799769e-04
-6.562039397099628246e-01 1.672035068442833783e+00
8.146314470947005892e-01 -4.637420270492572105e-01
1.070974541589708690e-04 5.609114685619409803e-05
2.709960739982505257e-04 2.050748487519994505e-04
9.209471991251790772e-05 7.197854816966774670e-05
2.562047007353011668e-04 1.920844691624868544e-04
2.691002654493687392e-04 2.407391385953010210e-04
6.032355672801991305e-06 1.088447558582289376e-06
2.205986033319490074e-04 1.499239774179813710e-04
2.642647439079489160e-04 8.216096350948760764e-05
1.833099566540419159e-04 1.512093220678613890e-04
4.818636890011121499e-01 3.615585110714861217e-01
1.706046451594280325e-04 2.050390319215092047e-04
5.985510258081735735e-05 6.930767792807891389e-05
1.194542404540043895e-04 1.507726977777993260e-04
1.061636988252055952e-04 6.064731079841215687e-05
2.088558294299347473e+00 -4.086690577866822771e-01
-3.350128674717833268e-06 1.807295789085208289e-05
2.046272585441861460e-04 1.948593471563301303e-04
7.301139932453346582e-01 -1.471347784056366639e-02
3.265899956007197185e-04 2.505578154124986378e-04
3.254394637428724701e-01 -9.762762486514711679e-02
1.476881863409146354e-04 1.874221616861476475e-04
8.135522555376946130e-01 -2.052538977031618250e-01
2.520945584980645434e-04 2.029158540046886803e-04
1.282239733368247457e-05 9.228477926876523841e-05
1.392025361206442380e+00 -1.120506466423049297e+00
2.279884159091466814e-04 2.902893328537822955e-04
1.426749031229259890e+00 -5.251938902653794372e-01
-6.345405269760980016e-02 4.015342426533877185e-01
5.528671108460906112e-05 2.384490778947695192e-05
2.052048358116673632e-04 1.620330557902628296e-04
5.666051360879085230e-01 5.919223191381096927e-02
3.319978398316985962e-04 2.747547997720180268e-04
2.521696085707350967e-04 2.345467264741596381e-04
9.660873619801867151e-02 6.930222888624429367e-02
8.132074808260199587e-05 3.869312337740311923e-05
9.145217541756716826e-05 7.670633330739837154e-05
1.281608369516844093e+00 1.466613577019807713e-01
1.634408367499069037e+00 -5.778758443761706776e-01
-1.032623804671817957e-04 -4.946167538937079952e-05
2.763222025014061751e-04 1.641497528532868900e-04
2.550992950197169401e-04 1.324023196982292584e-04
1.450426783209406070e-04 2.918176614208345399e-04
1.361374570274180411e-04 7.606502941514387515e-05
1.515424195330577963e-04 6.576351215305373168e-05
2.261692449959620984e-04 2.320345346630020447e-04
1.419370944954846182e-04 1.699946004709556723e-04
1.808158210942509096e-04 1.158625600132567109e-04
1.894954559906671721e+00 -1.662492384421843994e+00
1.218402808812941610e-04 1.279224280701945658e-04
1.894784087747572660e-04 1.585655046212170697e-04
1.326113292077723247e-04 1.366367558274792285e-04
2.474006966925187761e-04 3.070985091018684702e-04
2.970689133913894109e-01 6.560888434005662795e-01
1.677328776884842005e-04 1.220541013888223398e-04
-1.169709966358977110e-04 -5.640453630372232872e-05
2.674315772322743978e-04 1.211258853707164826e-04
3.194895909711038167e-04 2.344040869538934271e-04
1.327448664696076941e-04 1.101506276276947643e-04
1.954774975318515073e+00 -9.837586883952741390e-01
2.150489134772346281e-04 1.121454770019493508e-04
2.484327905141302121e-04 2.537701965915547262e-04
-8.583268408449331588e-01 1.162891139316781119e+00
4.246969095036279155e-05 4.963265733100928720e-05
2.677371554436287684e-04 2.783422631117543882e-04
1.193557424943738439e-04 8.783093306977171990e-05
1.774182517689646863e-04 1.920798419199113121e-04
1.859941454913112691e-01 3.095088240698598211e-02
3.332041738654228490e-04 2.619445306893929408e-04
2.829078746808275438e-04 2.633152434325348947e-04
8.745647560174791835e-01 -3.165468236934915192e-01
6.988567997595062655e-05 3.681172137950746337e-05
-2.174541329497187703e-01 4.678433610681301258e-01
-2.228030238892738814e-05 -5.281442741165272102e-05
-8.238732720719603719e-01 1.509685268027189720e+00
1.030882487376465706e+00 -6.809695172832280763e-01
2.321863913596880675e-04 1.893767159696769890e-04
4.525739961195885124e-04 3.169444431349142271e-04
2.487699749902476387e-04 2.559503190087030399e-04
8.577244572282321123e-05 6.119040648562626146e-05
1.080220038627163298e-04 1.082389425265557477e-04
9.378118209058802562e-05 8.175627311054459081e-05
3.114663112739516444e-04 1.562074696622400382e-04
1.822147201538967625e-04 1.878904965141796432e-04
2.154945792611071464e-04 2.079308999151211780e-04
1.286292631719359355e-04 1.480667371297059089e-04
9.521209326028061692e-01 -6.255839140273390386e-01
2.184954684727449185e-04 1.294568186634557536e-04
3.343048179508553252e-04 1.868445874793556649e-04
1.338199500357163396e+00 -1.083921219259765589e+00
2.110828627772072584e-04 3.016979758860886492e-04
2.754233593269667904e-04 2.672674370785121782e-04
-1.127635553028107914e-04 -7.616666150051461834e-05
3.679757535801743765e-04 2.398856268578693348e-04
1.055046623368558102e-04 1.319470918238220536e-04
2.283445714578226664e-04 2.062928467040150971e-04
1.760939963260439885e-04 1.596123542512236813e-04
-4.717854319262611388e-05 -7.163870052830364024e-05
1.220392852939917067e-04 9.188280296811907793e-05
1.803703625163330967e-04 2.301309338579551249e-04
2.988766987315536307e-04 2.387040519396125063e-04
1.113183575006263453e-04 5.443550560237418674e-05
7.981548175912707155e-01 -4.044347582292533438e-01
1.902265982466495571e-04 1.156620155994069707e-04
1.252596627054321037e-04 1.451924046579646226e-04
2.444505145080753104e-04 1.301452274253988748e-04
1.512897957111936933e-04 7.746808302857779863e-05
1.228528915695629780e-04 1.793635604612994511e-04
2.816129304344401466e-04 2.615758825794051233e-04
5.974311431345688062e-05 1.407924798220139522e-04
2.776324983740933918e-04 2.330250276425087916e-04
1.215210719660209548e+00 -1.031461455927975557e+00
1.134969768340082525e-04 5.890593891727406771e-05
7.859784396299205505e-05 2.429349122196978054e-05
1.870442118578185132e-04 5.538460266582453636e-05
1.709856491111648197e-04 2.087641622570761922e-04
3.541502750522460235e-04 2.665350080020203604e-04
4.765175511363483696e-05 1.131529986762406798e-04
1.490537724637570058e-04 8.826163031380246859e-05
7.666556590157131595e-05 4.420488974659189299e-05
6.250034228290931963e-05 1.290941650093393707e-04
9.572034391063251432e-05 1.912861885638545919e-04
3.148704313469549376e+00 -1.457941656769325744e+00
1.849986048888255718e-04 2.208455313020211812e-04
1.547317227210335489e+00 -8.632752367793316006e-01
2.098804758102943118e-04 2.965349475520776446e-04
5.015508669148232013e-01 -6.747869323984319045e-01
2.440323686288707660e-04 1.481786223026718531e-04
1.921943485374735913e-04 3.210505948654294550e-04
1.607538890259161410e-04 3.658566242691708097e-05
2.513485507194324390e-04 1.917130040309990443e-04
7.975339614181766606e-05 6.656711482136888570e-05
1.090362427448257510e+00 -6.182133027267039393e-01
1.292031435885636359e-04 1.278641326034623302e-04
2.498314959127995952e-04 1.998791925376240837e-04
1.545560531521252001e-04 1.248088215360433921e-04
1.820735013236680065e-04 1.429683512012067516e-04
1.119333033453097007e-04 5.083527938989547965e-05
9.801943619915819876e-05 1.755700358814101490e-04
3.594611027722186794e-04 3.397413699152531177e-04
2.915259030994793998e-01 -3.812210626088590737e-01
2.912179418477238088e-04 1.725773511844167906e-04
6.834710121460663146e-01 -4.348117839415525099e-01
1.214576648002395842e+00 2.427053343141368780e-01
1.763980877899433919e+00 -8.766256918605098702e-01
1.028315724510175700e-04 1.791472694811198168e-04
-1.169615415645526957e+00 8.451858706841526292e-01
3.024874160795975805e-04 1.477163854813937874e-04
2.578781893414351764e-04 2.722279257725642343e-04
8.156955415685494348e-05 6.085304397396459447e-05
2.437098029195536189e-04 1.229448730182458507e-04
1.950935908841703659e-04 1.055053260754433260e-04
5.442140849386851856e-05 9.815782968309146516e-05
1.498752154222494082e-01 5.297605950421718779e-01
1.511001817364712632e-04 9.275987633366271075e-05
1.435072935175018280e-04 1.035535079137668883e-04
2.045420306351140144e-04 1.644763583534548631e-04
2.304261557421121516e-04 1.668403312316766847e-04
1.645260813797422901e-04 2.379116006338433814e-04
2.041834323133232486e-04 8.663007257982919336e-05
2.436408818202656981e-04 1.660732457690375071e-04
1.296190065005783487e-04 5.168177865634683381e-05
9.203528468328513331e-05 1.252334130103933670e-04
-3.855204550801567126e-02 1.069961586485912663e+00
3.151182572028125698e-05 4.078068871918954748e-05
1.904286775752960237e+00 -9.985694977978448739e-01
1.026173422033448190e+00 -6.634553637532395465e-01
2.819386991270878971e-04 2.765473880736024756e-04
-1.377015532981551993e-01 5.842598631523949759e-01
1.125276912170542376e+00 -6.878243062341330427e-01
1.061703897596355084e+00 -1.269049332512441064e-01
1.058256366416255423e+00 -1.051614214312852069e-01
2.345461505049244687e-04 2.502265478031133494e-04
2.233985572040044854e-04 2.326656137494879548e-04
1.183127130855264664e+00 -6.892132041456822122e-01
1.436157123136456082e-04 9.081576962537645350e-05
1.655446804085491637e-04 1.310510383984233597e-04
1.463843667963675031e-04 1.470035686647157551e-04
2.385091568255949123e-04 1.939622969712795147e-04
2.130417574791536151e+00 -1.145283626991777215e+00
9.163730056981619161e-05 7.721472929876238187e-05
-1.568003409095017064e-01 4.766877847878717156e-01
1.623855111307248578e-01 9.416786474155641740e-01
1.200871385125684099e-05 5.483368769515726415e-05
9.457053965711190960e-05 2.034945588485542387e-04
1.882215699505445771e-04 1.502399722882265839e-04
1.081175993505691268e+00 -4.446135588354411250e-01
1.181853351088618886e+00 -1.300549911197963933e-02
9.222432070365749494e-05 1.378990796103476675e-04
2.442817204729680705e-04 2.020603740175840209e-04
1.877775039486705556e-04 5.170439865790019411e-05
1.659017753945374058e-04 1.064266407357177522e-04
1.395272933944299203e-04 1.534271470083876747e-04
2.392583365035674478e-04 1.710457883172808512e-04
8.901469028200313248e-05 1.058528258241662415e-04
2.055266471800978531e-04 1.311133457096759502e-04
2.731905747358483010e-04 2.052440383402618891e-04
4.243891834812400945e-05 6.481761256706051165e-05
1.733393678188601967e-04 2.242508690410392747e-04
1.330044728895637322e-04 8.929636399089471016e-05
2.666294853602519874e-04 1.647138113440260959e-04
8.866696816563357508e-01 -9.820021880452308727e-01
2.146784202162004798e-04 2.575896326738450252e-04
2.565619899355684537e-04 1.629888998815409793e-04
8.579453080574516854e-05 1.093628394642186252e-04
8.585616011634853741e-05 7.992732841362788527e-05
8.174756232098155564e-05 1.032683111055697467e-04
3.157218265515798739e-04 2.107301906869986450e-04
-1.736513825759795714e-05 1.036258717530590877e-05
1.686982378608017235e-04 1.189340994636495257e-04
1.434077451921467227e-04 2.236581217389038213e-04
2.695736732359307105e-04 2.434647492317731519e-04
2.116326802451792943e+00 -1.220653868551023757e+00
7.721321312919627866e-01 -7.736414646923008842e-01
1.263955305880917041e-04 9.692002041842988672e-05
1.955300870261466445e-04 1.437939268356781353e-04
1.994530073060628891e-04 1.688402787058900889e-04
2.895127114511473598e-04 3.008548085712528975e-04
1.111736044424334713e+00 -6.498898058427190483e-01
3.080160207816782852e-04 2.482099802935374203e-04
1.294474369752723675e+00 -6.495709803256434212e-01
1.624339165000930063e-01 6.916591857956516654e-01
-3.103695583357700127e-01 8.651465031852223486e-01
2.763152919671828657e-04 2.388558783818845377e-04
6.695501180798320566e-05 6.393075326018016202e-05
8.774312952940646409e-05 2.197700061910606492e-04
1.598203003872454175e+00 -5.622562358260216886e-01
1.457450474119036388e+00 -1.053612505279558187e+00
2.495552323630972624e-01 1.411555278824561388e-01
-1.428736518313587500e-01 6.793909395237843762e-01
2.537771486566364754e-01 -7.469280151717814231e-01
3.061904805748398182e-04 3.512819550267776581e-04
1.936825517533173309e-04 8.917221928398398926e-05
-9.700661638835386125e-01 4.986543905320931502e-01
1.964428153785673925e-01 7.868338337844611730e-02
1.784740237734173702e-04 2.600208987447392419e-04
1.818397414768753602e-04 7.537302397538990886e-05
1.805374943674887600e+00 -1.722185397209836100e-01
8.745898691771877408e-05 7.038930502579423436e-05
8.140461522820752194e-01 -8.196415291425489524e-01
6.096963567908404279e-05 1.013912682184400988e-04
3.386703239234595156e-04 2.845065062692963046e-04
2.974386460633489989e-04 2.565626088638629744e-04
5.124167664157150122e-05 1.246810564544566908e-05
1.812961912663108206e-04 1.312893507570167301e-04
2.104519584997816689e-04 1.452575177065046276e-04
2.278882370227190354e-04 2.041942906693268412e-04
1.383149181247666202e-04 1.524036380319366212e-04
2.304940516515937882e-04 1.359075294415433121e-04
1.960325756365583134e-04 2.533024892434616697e-04
2.607802576718590629e-04 1.976172889820694502e-04
-4.619445637547178155e-05 -1.116162952740429109e-04
1.860149696572153326e-04 1.717026047428016832e-04
6.521342451402064341e-05 1.196978637733339218e-04
1.551349377607478478e-04 5.655023055318828147e-05
1.210783783174035631e-04 1.451845671204170045e-04
2.310138611337830068e-04 1.951610083349616649e-04
2.614889320099131353e-04 1.336475438672757353e-04
3.213067742100534377e-05 -2.261259324155721181e-06
1.210158656076993754e-04 8.341375980818930246e-05
2.354163509979598744e-04 2.071459000859419736e-04
3.204259272370025072e-04 2.591855243943716144e-04
1.302054917635443189e-04 1.065265971760512743e-04
9.300166427126944609e-05 2.561357998991701821e-05
1.569704980065323439e-04 1.939009552659311871e-04
2.708169115794772713e-04 2.348893993183112530e-04
1.640927435390939104e+00 -9.653617028324630311e-01
1.103471761505280349e-04 1.559940187259926914e-04
1.827216469412718219e-04 7.267622358003342740e-05
2.545930038003028527e-04 2.942617093193913977e-04
2.230617111266248282e-04 1.976137713973720521e-04
-5.789798268518132618e-01 9.532036259990755989e-01
1.887265069542784168e+00 -1.542263088804657345e+00
2.286987006913032358e-04 2.065130538918354315e-04
2.343066252049126239e-04 2.504596569836363526e-04
3.231137888703934924e-01 -3.515541300462541457e-02
1.831555390807168449e+00 -8.600018492607726106e-01
4.671944081556305225e-05 7.646586206833042422e-05
2.237694281747510061e+00 -1.239901990401419241e+00
2.063072300075701479e-04 1.600126928558834641e-04
-1.150038961883160349e+00 9.813590189659703311e-01
2.193471759657642027e-04 1.876441333595899670e-04
1.968222402324971781e-04 1.640822322814671917e-04
3.037256554879755538e-04 1.920495720197746637e-04
1.267759735609087887e-04 1.010789717339199436e-04
2.823251130434105069e-04 1.805316456992336882e-04
2.855187265057899007e-05 5.426014340165803294e-05
1.242383172696962857e-04 1.619960974146145681e-04
1.595377343726283692e-04 1.199263638567180470e-04
3.677364970882027032e-04 3.179800247178698829e-04
9.770068542655484538e-05 1.055578726810571305e-04
1.795856232954027405e-04 1.480427043461794473e-04
1.780663130206453729e-05 -4.376031979441416325e-05
-1.343241453134227659e-01 -3.746852506285302531e-01
8.026598310135762309e-05 1.840374030805014174e-04
3.032356991604780541e-04 1.710179303130330230e-04
1.328850944775618270e+00 -3.024798799037596853e-01
3.052261188640570735e-04 2.548500819962143849e-04
6.240696082921934080e-05 3.793627634891220263e-05
2.396392089099578420e-04 2.689573393603860991e-04
2.175095022781913228e-04 1.128113757763588156e-04
2.450932420701596457e-04 3.013549376993594460e-04
8.605947871561502316e-01 -9.016629916132598010e-01
2.504347309679917644e-04 2.521600469512406636e-04
1.412669999667599482e-04 8.844145125981098796e-05
7.263582511540613343e-05 8.295781856815246855e-06
1.324320071742896541e-04 1.308685664388847510e-04
2.369330194966870506e-04 1.797086236374199929e-04
6.930809853910620396e-05 7.648836787852307287e-07
1.630089263155292409e-04 7.302567550133672383e-05
1.144128834025536927e-04 1.928768159593923664e-04
1.373533454206055007e-04 1.105154530405724858e-04
3.405915385343958484e-04 2.941195226487363767e-04
2.231012168605058345e-04 2.417511014264843005e-04
-4.690606194561914048e-05 -1.461754416970958796e-04
2.204458368479609307e-04 1.771600094743275907e-04
2.024612702355404591e-04 2.160775112686198730e-04
2.332587966942287585e-04 1.700681229660150817e-04
-7.260065187430616500e-05 -1.984780924627407850e-05
1.533472503153846249e-04 5.820335544222044784e-05
3.146624117463771232e-04 1.894246147769643293e-04
2.117538878298865846e-04 2.259835368547789152e-04
2.244105832399388766e-04 2.110533229190875474e-04
1.804970730615951344e-04 6.073277757069386185e-05
5.272097385004914183e-05 1.225378765141732094e-04
2.588477659097286887e-01 1.371708227691522952e-01
1.686654624430561778e-05 6.368605193729325173e-05
2.539932222203506200e-04 2.116401306295182970e-04
1.014351251755971219e-04 6.414063793699643348e-05
2.799974377264102224e-04 2.648526280190552622e-04
2.097538715438712398e+00 -1.436330771617593927e+00
1.844947061196309461e-04 1.979539970882426803e-04
-3.546769188308335208e-01 8.903216530258538652e-01
-1.308317510032547482e+00 1.229229348081901874e+00
3.362105167702175820e-04 2.139512054180636475e-04
1.399217928320531737e-04 9.387870700667934136e-05
8.701402205916862753e-01 -4.908575937250803656e-01
3.179713717486498301e-04 2.491527348918807366e-04
4.384433278531525751e-05 2.776570556961250748e-05
1.860121374220420013e-04 1.541191746593087507e-04
2.587352294748315610e-04 2.607261724376380859e-04
8.936383966249654670e-05 2.218464277907947416e-05
2.701788944154913646e-04 2.175571771614117115e-04
1.351098060139573835e-04 1.435656933273713029e-04
2.002799778997018190e-04 2.297609457164205625e-04
1.105043331184935891e-04 6.676459063165405834e-05
1.746332280745048093e+00 -1.288135848772297143e+00
2.173054311961175697e-04 2.222776082793132305e-04
2.509344356851050928e-04 2.419892244232589649e-04
2.007240931812189779e-04 1.638672274350319027e-04
9.571787196227945493e-01 -1.352611003798160350e-01
-1.325398347795894878e-04 -4.521559438777201340e-05
2.413806714046364465e-04 1.972915483162725864e-04
7.662794348509053383e-05 1.067112459932927136e-04
1.127391899010904197e+00 -1.562588016894492782e-01
3.116128705005724608e-04 2.409401405088225476e-04
2.306793963896950120e-04 1.790212628165185676e-04
-3.871210650160050028e-06 -1.106960617720073551e-05
4.752724757033917569e-05 1.017804978776137750e-04
2.178283830253606279e+00 -8.435276334540952048e-01
1.293571490324857084e-04 8.294636101353594821e-05
-1.575697429419098961e-01 4.876625369765529849e-01
2.638718045109745983e-04 2.471098102650639964e-04
3.499638659058173450e-06 4.090509317556594531e-06
-2.942209038952689143e-05 -1.919021680933516498e-05
3.384368388931405648e-04 3.140664210681433496e-04
1.557315787971214679e-04 1.075520488633197383e-04
3.587658148410256928e-04 2.621141373107117693e-04
9.624065155670565638e-05 1.254138572828673349e-04
1.469943779284449501e-04 1.407800894806964702e-04
1.238060175807561114e+00 -5.414328058962963874e-01
2.549822455550587144e-04 2.973614533034474598e-04
1.541260509642996546e+00 -9.838536626853704448e-01
1.298295098636036426e+00 -9.691239714632157165e-01
2.971535396738659044e-04 3.384708808275567297e-04
1.289510505554557424e-04 1.326082480870093656e-04
7.322750858272637038e-05 8.212400661792893073e-05
2.131872611449000469e-04 1.049413588257316709e-04
1.548295284223491898e-04 1.164585498217499257e-04
1.696587485113724796e-04 1.166140738684016216e-04
1.937113625077644232e-04 2.122461713715091333e-04
8.341849011883200049e-01 -9.217362909448430230e-02
1.470893395181907841e-04 1.044666063873719007e-04
2.397608873329253932e-04 1.680209953915594680e-04
2.780609959644119128e-04 2.569598775281341056e-04
5.236826102601103809e-05 7.602351903025032494e-05
1.304855514440646402e+00 -1.237026775119869360e+00
1.738921293754250677e-04 2.141059090624155919e-04
2.343557666365235525e-04 2.031597188380164390e-04
2.568206192312903193e-04 2.180246848997850100e-04
1.092309834054282528e-04 8.264424139581535490e-05
1.347789046434417300e-04 6.660723329301879506e-05
9.879557212456035206e-05 9.117152171370678014e-05
2.237246794482794066e+00 -1.143141086939411633e+00
1.458383391522957608e-04 1.449672874455210222e-04
2.738147505277688308e-04 1.987677001572235971e-04
5.953017457205575275e-05 1.484263853757992839e-04
5.712087303695880208e-05 5.663943312510046654e-05
1.594910523545614361e-04 1.353010485492129331e-04
2.199732364496231624e-04 7.142441797987317850e-05
2.272947573970521761e-04 1.132331615654010639e-04
4.249119856521645804e-05 5.401526391692822545e-05
1.898966812156302367e-04 2.695150601935236787e-04
7.527592899570675054e-05 1.529179067687686053e-04
2.141727339762207187e-05 1.073251605817475451e-05
2.131261026353696640e-04 1.712355131767996890e-04
2.256355914219390006e-04 2.198281772291138818e-04
2.063965963725030495e+00 -1.042350316383170439e+00
1.140638963666491411e-04 8.810944918553938339e-05
2.487175172465438521e-04 1.147098018436350849e-04
2.612387429722965956e-04 2.886466491837891778e-04
2.096483525642447165e-01 1.719276838360095094e-01
-7.645760791873701411e-05 -8.317838836837005161e-05
8.669050293890386016e-05 8.358405237492869892e-05
2.591244544595496988e-04 1.551667221459399006e-04
8.298030208456430796e-05 1.106627693713941137e-04
3.262049327186896329e-04 1.719748456793516913e-04
-2.474640397390953928e-01 7.423426028817405875e-01
1.334704542424269380e-04 5.522995068128497227e-05
1.697771109729845427e-04 1.405221023624417590e-04
9.438981100156106703e-05 7.953196840659901930e-05
1.939308304516201311e-04 1.372934438856979211e-04
2.596033189301289574e-04 2.527665643704949164e-04
5.898297506133043377e-01 -1.155810033902620031e-03
6.334428791522754842e-01 2.514779121547248697e-01
9.322801348141067216e-05 1.332479163213302485e-04
1.870010205525296022e-04 1.687188387330582052e-04
1.172330490052662988e+00 -4.547036642875530998e-01
1.249214131373594522e-04 1.654865872325491348e-04
1.577527447534016192e+00 -8.464558314943644302e-01
7.522249080696662138e-05 4.869927154948780690e-05
2.326613491087767998e-04 2.260729813181120698e-04
9.395612396729577931e-01 1.310284808784758191e-02
2.362490159734678631e-04 1.471750926338091380e-04
7.086396812742363771e-01 -7.264561880046934705e-01
4.122148446304228341e-04 3.459727727525427820e-04
-1.551608743112315459e-05 3.974624466513165561e-05
1.729823075653676970e-04 1.772905914624239648e-04
5.430360214483086895e-02 1.068793994867884706e-01
3.415386838160348925e-04 2.835435161218792630e-04
9.207125941751938725e-05 4.900664403100221195e-05
3.751136922999063206e-01 1.174832534478913171e-01
1.744028956276447899e-04 8.341040123889099207e-05
2.016935681219723941e-04 1.359767771413450377e-04
1.961370782712957314e-04 1.399199153585137180e-04
6.801305620808725250e-01 -3.383292470013725683e-01
4.056484246420154286e-05 4.151234464233264227e-05
3.218677982976219493e-04 3.192953912513465183e-04
2.270347950334412977e-04 1.612389889087831936e-04
2.064137014610105782e-04 1.518587832616591945e-04
1.317721957701279713e-04 5.887352411385567884e-05
2.788725854948307823e-05 7.718863732587697606e-05
2.497416592745253729e-04 2.168437808623073070e-04
8.145567284638750849e-02 1.368170278958965036e-01
4.256939839204847381e-04 2.923364131285499526e-04
-8.105182200901773191e-05 -8.479010359813406541e-05
2.804579851486129296e-04 1.434017826185523799e-04
1.008139647142422324e-04 1.369744301353247853e-04
