0.000000000000000000e+00 0.000000000000000000e+00 2.075073309474136651e-01
0.000000000000000000e+00 1.000000000000000000e+00 1.620001482164381001e-01
0.000000000000000000e+00 2.000000000000000000e+00 1.002153829072650465e-01
0.000000000000000000e+00 3.000000000000000000e+00 1.148755561639292488e-01
0.000000000000000000e+00 4.000000000000000000e+00 1.686351160826317086e-01
1.000000000000000000e+00 0.000000000000000000e+00 1.716385931778021956e-01
1.000000000000000000e+00 1.000000000000000000e+00 1.076876527487749813e-01
1.000000000000000000e+00 2.000000000000000000e+00 1.901536108044256934e-01
1.000000000000000000e+00 3.000000000000000000e+00 1.319093423689991218e-01
1.000000000000000000e+00 4.000000000000000000e+00 1.570191546009420125e-01
2.000000000000000000e+00 0.000000000000000000e+00 1.650567561135549699e-01
2.000000000000000000e+00 1.000000000000000000e+00 1.168992365493458779e-01
2.000000000000000000e+00 2.000000000000000000e+00 1.301899692234247674e-01
2.000000000000000000e+00 3.000000000000000000e+00 1.346714750905993185e-01
2.000000000000000000e+00 4.000000000000000000e+00 2.193459268138031604e-01
3.000000000000000000e+00 0.000000000000000000e+00 1.602715268780162128e-01
3.000000000000000000e+00 1.000000000000000000e+00 1.776832872795779950e-01
3.000000000000000000e+00 2.000000000000000000e+00 1.436737731704343102e-01
3.000000000000000000e+00 3.000000000000000000e+00 1.418115027180418264e-01
3.000000000000000000e+00 4.000000000000000000e+00 1.497389278916298749e-01
4.000000000000000000e+00 0.000000000000000000e+00 1.583358829037807003e-01
4.000000000000000000e+00 1.000000000000000000e+00 1.438894599825621679e-01
4.000000000000000000e+00 2.000000000000000000e+00 1.697708172875200539e-01
4.000000000000000000e+00 3.000000000000000000e+00 1.744474975541391026e-01
4.000000000000000000e+00 4.000000000000000000e+00 1.121983329731209983e-01
5.000000000000000000e+00 0.000000000000000000e+00 1.557969753257238965e-01
5.000000000000000000e+00 1.000000000000000000e+00 1.701094407380884799e-01
5.000000000000000000e+00 2.000000000000000000e+00 1.050831755873928852e-01
5.000000000000000000e+00 3.000000000000000000e+00 1.829833829410227597e-01
5.000000000000000000e+00 4.000000000000000000e+00 1.487534898570438413e-01
6.000000000000000000e+00 0.000000000000000000e+00 1.401618763761125208e-01
6.000000000000000000e+00 1.000000000000000000e+00 1.650370274433914930e-01
6.000000000000000000e+00 2.000000000000000000e+00 1.735819515047892503e-01
6.000000000000000000e+00 3.000000000000000000e+00 1.453111516561226835e-01
6.000000000000000000e+00 4.000000000000000000e+00 1.370315943410961024e-01
7.000000000000000000e+00 0.000000000000000000e+00 1.565492613295823843e-01
7.000000000000000000e+00 1.000000000000000000e+00 1.831386646305542543e-01
7.000000000000000000e+00 2.000000000000000000e+00 1.366368645383977953e-01
7.000000000000000000e+00 3.000000000000000000e+00 1.367541035716322295e-01
7.000000000000000000e+00 4.000000000000000000e+00 1.443492338141066089e-01
8.000000000000000000e+00 0.000000000000000000e+00 1.624298797585189413e-01
8.000000000000000000e+00 1.000000000000000000e+00 2.108547299708299627e-01
8.000000000000000000e+00 2.000000000000000000e+00 1.064189439889986072e-01
8.000000000000000000e+00 3.000000000000000000e+00 1.592895874222665931e-01
8.000000000000000000e+00 4.000000000000000000e+00 1.287128385824025389e-01
9.000000000000000000e+00 0.000000000000000000e+00 1.438412749108189947e-01
9.000000000000000000e+00 1.000000000000000000e+00 1.248229103056367334e-01
9.000000000000000000e+00 2.000000000000000000e+00 1.902478595789249549e-01
9.000000000000000000e+00 3.000000000000000000e+00 1.391414971804678935e-01
9.000000000000000000e+00 4.000000000000000000e+00 1.685960000429147232e-01
1.000000000000000000e+01 0.000000000000000000e+00 1.403524175659467133e-01
1.000000000000000000e+01 1.000000000000000000e+00 1.420325023435007605e-01
1.000000000000000000e+01 2.000000000000000000e+00 1.403332743464223153e-01
1.000000000000000000e+01 3.000000000000000000e+00 1.813758622871007031e-01
1.000000000000000000e+01 4.000000000000000000e+00 1.571338747639032807e-01
1.100000000000000000e+01 0.000000000000000000e+00 1.927107992138588077e-01
1.100000000000000000e+01 1.000000000000000000e+00 1.276087339539108967e-01
1.100000000000000000e+01 2.000000000000000000e+00 1.663564020818241174e-01
1.100000000000000000e+01 3.000000000000000000e+00 1.327254672278486702e-01
1.100000000000000000e+01 4.000000000000000000e+00 1.372255823755006432e-01
1.200000000000000000e+01 0.000000000000000000e+00 1.377903197900225696e-01
1.200000000000000000e+01 1.000000000000000000e+00 1.606826990376511721e-01
1.200000000000000000e+01 2.000000000000000000e+00 1.885888260445456599e-01
1.200000000000000000e+01 3.000000000000000000e+00 1.786991560616772723e-01
1.200000000000000000e+01 4.000000000000000000e+00 9.568045346940064200e-02
1.300000000000000000e+01 0.000000000000000000e+00 1.620716140352003176e-01
1.300000000000000000e+01 1.000000000000000000e+00 1.224446930189323768e-01
1.300000000000000000e+01 2.000000000000000000e+00 1.300443409124083238e-01
1.300000000000000000e+01 3.000000000000000000e+00 1.620499796210760624e-01
1.300000000000000000e+01 4.000000000000000000e+00 1.758676593911662478e-01
1.400000000000000000e+01 0.000000000000000000e+00 1.349407457527741772e-01
1.400000000000000000e+01 1.000000000000000000e+00 1.339637662606335544e-01
1.400000000000000000e+01 2.000000000000000000e+00 1.483532001970581937e-01
1.400000000000000000e+01 3.000000000000000000e+00 1.533247961605511411e-01
1.400000000000000000e+01 4.000000000000000000e+00 1.913734179766444499e-01
1.500000000000000000e+01 0.000000000000000000e+00 2.047911290496532144e-01
1.500000000000000000e+01 1.000000000000000000e+00 1.142502465796869371e-01
1.500000000000000000e+01 2.000000000000000000e+00 1.238869043113726143e-01
1.500000000000000000e+01 3.000000000000000000e+00 1.723317927615839185e-01
1.500000000000000000e+01 4.000000000000000000e+00 1.508302691654594685e-01
1.600000000000000000e+01 0.000000000000000000e+00 1.489938119601389166e-01
1.600000000000000000e+01 1.000000000000000000e+00 1.560867934155810155e-01
1.600000000000000000e+01 2.000000000000000000e+00 1.471367210707363593e-01
1.600000000000000000e+01 3.000000000000000000e+00 1.217213438178369744e-01
1.600000000000000000e+01 4.000000000000000000e+00 2.112461673934473982e-01
1.700000000000000000e+01 0.000000000000000000e+00 1.497319609228578152e-01
1.700000000000000000e+01 1.000000000000000000e+00 1.484320760896552238e-01
1.700000000000000000e+01 2.000000000000000000e+00 1.551535785466656714e-01
1.700000000000000000e+01 3.000000000000000000e+00 1.354607708075771799e-01
1.700000000000000000e+01 4.000000000000000000e+00 1.735757272562876707e-01
1.800000000000000000e+01 0.000000000000000000e+00 1.482135075130731339e-01
1.800000000000000000e+01 1.000000000000000000e+00 1.504290098330466618e-01
1.800000000000000000e+01 2.000000000000000000e+00 1.140049806431011337e-01
1.800000000000000000e+01 3.000000000000000000e+00 1.596018669166121562e-01
1.800000000000000000e+01 4.000000000000000000e+00 1.948503704221553612e-01
1.900000000000000000e+01 0.000000000000000000e+00 2.090075285656703141e-01
1.900000000000000000e+01 1.000000000000000000e+00 1.535828866411698135e-01
1.900000000000000000e+01 2.000000000000000000e+00 9.268958031435015066e-02
1.900000000000000000e+01 3.000000000000000000e+00 1.446405607418118355e-01
1.900000000000000000e+01 4.000000000000000000e+00 1.777505983369118969e-01
2.000000000000000000e+01 0.000000000000000000e+00 1.248589742426323701e-01
2.000000000000000000e+01 1.000000000000000000e+00 1.787339784882899796e-01
2.000000000000000000e+01 2.000000000000000000e+00 1.527849670585475494e-01
2.000000000000000000e+01 3.000000000000000000e+00 1.395778350159198600e-01
2.000000000000000000e+01 4.000000000000000000e+00 1.693859145517914722e-01
2.100000000000000000e+01 0.000000000000000000e+00 1.404774240899643312e-01
2.100000000000000000e+01 1.000000000000000000e+00 1.660868198884324354e-01
2.100000000000000000e+01 2.000000000000000000e+00 1.602095433123961743e-01
2.100000000000000000e+01 3.000000000000000000e+00 1.813940135658891617e-01
2.100000000000000000e+01 4.000000000000000000e+00 1.252561775110447861e-01
2.200000000000000000e+01 0.000000000000000000e+00 1.475026782851587837e-01
2.200000000000000000e+01 1.000000000000000000e+00 1.556165066289471322e-01
2.200000000000000000e+01 2.000000000000000000e+00 1.560933143146251423e-01
2.200000000000000000e+01 3.000000000000000000e+00 1.747178261450223202e-01
2.200000000000000000e+01 4.000000000000000000e+00 1.456897278944654095e-01
2.300000000000000000e+01 0.000000000000000000e+00 1.321680261814953961e-01
2.300000000000000000e+01 1.000000000000000000e+00 1.184317944693699109e-01
2.300000000000000000e+01 2.000000000000000000e+00 1.757552011661401570e-01
2.300000000000000000e+01 3.000000000000000000e+00 1.710571238616396261e-01
2.300000000000000000e+01 4.000000000000000000e+00 1.727897182842495216e-01
2.400000000000000000e+01 0.000000000000000000e+00 1.591160456478495078e-01
2.400000000000000000e+01 1.000000000000000000e+00 1.005805180168037327e-01
2.400000000000000000e+01 2.000000000000000000e+00 1.387741921447979698e-01
2.400000000000000000e+01 3.000000000000000000e+00 1.793731210772436802e-01
2.400000000000000000e+01 4.000000000000000000e+00 1.862827056909337753e-01
2.500000000000000000e+01 0.000000000000000000e+00 1.203377829958604678e-01
2.500000000000000000e+01 1.000000000000000000e+00 1.996996652549606621e-01
2.500000000000000000e+01 2.000000000000000000e+00 1.625855132606713604e-01
2.500000000000000000e+01 3.000000000000000000e+00 1.542764127374415539e-01
2.500000000000000000e+01 4.000000000000000000e+00 1.247304131398138949e-01
2.600000000000000000e+01 0.000000000000000000e+00 1.351041079321073091e-01
2.600000000000000000e+01 1.000000000000000000e+00 1.067740376604821989e-01
2.600000000000000000e+01 2.000000000000000000e+00 1.726869335432746899e-01
2.600000000000000000e+01 3.000000000000000000e+00 2.165095427104135051e-01
2.600000000000000000e+01 4.000000000000000000e+00 1.210676874741874187e-01
2.700000000000000000e+01 0.000000000000000000e+00 2.038788283621567887e-01
2.700000000000000000e+01 1.000000000000000000e+00 1.614675529619203076e-01
2.700000000000000000e+01 2.000000000000000000e+00 1.265360664557456383e-01
2.700000000000000000e+01 3.000000000000000000e+00 1.421179415348445829e-01
2.700000000000000000e+01 4.000000000000000000e+00 1.297006069468203959e-01
2.800000000000000000e+01 0.000000000000000000e+00 1.486235916964663006e-01
2.800000000000000000e+01 1.000000000000000000e+00 1.473015006738986332e-01
2.800000000000000000e+01 2.000000000000000000e+00 1.864013156851002384e-01
2.800000000000000000e+01 3.000000000000000000e+00 1.605211768875549061e-01
2.800000000000000000e+01 4.000000000000000000e+00 1.192386104201503122e-01
2.900000000000000000e+01 0.000000000000000000e+00 1.891757370744572009e-01
2.900000000000000000e+01 1.000000000000000000e+00 1.416701181113254049e-01
2.900000000000000000e+01 2.000000000000000000e+00 1.312836318795638502e-01
2.900000000000000000e+01 3.000000000000000000e+00 1.308550309095831699e-01
2.900000000000000000e+01 4.000000000000000000e+00 1.596824292065097406e-01
3.000000000000000000e+01 0.000000000000000000e+00 1.609361775649600645e-01
3.000000000000000000e+01 1.000000000000000000e+00 1.520522175888956162e-01
3.000000000000000000e+01 2.000000000000000000e+00 1.920804647864395032e-01
3.000000000000000000e+01 3.000000000000000000e+00 1.549185334779425716e-01
3.000000000000000000e+01 4.000000000000000000e+00 1.116543586249405529e-01
3.100000000000000000e+01 0.000000000000000000e+00 1.009762103564576657e-01
3.100000000000000000e+01 1.000000000000000000e+00 1.472752374041812473e-01
3.100000000000000000e+01 2.000000000000000000e+00 1.338009208302094466e-01
3.100000000000000000e+01 3.000000000000000000e+00 2.024934429631936039e-01
3.100000000000000000e+01 4.000000000000000000e+00 1.773758849610606592e-01
3.200000000000000000e+01 0.000000000000000000e+00 1.296276342515296220e-01
3.200000000000000000e+01 1.000000000000000000e+00 1.333512372647075450e-01
3.200000000000000000e+01 2.000000000000000000e+00 1.643231387232164387e-01
3.200000000000000000e+01 3.000000000000000000e+00 1.473968332291277494e-01
3.200000000000000000e+01 4.000000000000000000e+00 1.963879438013038381e-01
3.300000000000000000e+01 0.000000000000000000e+00 1.358517008301701745e-01
3.300000000000000000e+01 1.000000000000000000e+00 1.226595762848397275e-01
3.300000000000000000e+01 2.000000000000000000e+00 2.114289818582373859e-01
3.300000000000000000e+01 3.000000000000000000e+00 1.293788637295453237e-01
3.300000000000000000e+01 4.000000000000000000e+00 1.636412185595440549e-01
3.400000000000000000e+01 0.000000000000000000e+00 2.115701074501639134e-01
3.400000000000000000e+01 1.000000000000000000e+00 1.353441496723807591e-01
3.400000000000000000e+01 2.000000000000000000e+00 1.968867927119323513e-01
3.400000000000000000e+01 3.000000000000000000e+00 1.098044250842157843e-01
3.400000000000000000e+01 4.000000000000000000e+00 1.090459349403275768e-01
3.500000000000000000e+01 0.000000000000000000e+00 1.582891334825134166e-01
3.500000000000000000e+01 1.000000000000000000e+00 1.663961010549889763e-01
3.500000000000000000e+01 2.000000000000000000e+00 1.449415208544252431e-01
3.500000000000000000e+01 3.000000000000000000e+00 1.663829734067541755e-01
3.500000000000000000e+01 4.000000000000000000e+00 1.187431294602603882e-01
3.600000000000000000e+01 0.000000000000000000e+00 1.810262356806038309e-01
3.600000000000000000e+01 1.000000000000000000e+00 2.061295742121145025e-01
3.600000000000000000e+01 2.000000000000000000e+00 8.511478235169225859e-02
3.600000000000000000e+01 3.000000000000000000e+00 1.627065205413750215e-01
3.600000000000000000e+01 4.000000000000000000e+00 1.266680721140822918e-01
3.700000000000000000e+01 0.000000000000000000e+00 1.565069604627858935e-01
3.700000000000000000e+01 1.000000000000000000e+00 1.578911400022973144e-01
3.700000000000000000e+01 2.000000000000000000e+00 1.286278029667532741e-01
3.700000000000000000e+01 3.000000000000000000e+00 1.253459739867089640e-01
3.700000000000000000e+01 4.000000000000000000e+00 1.856089436658441560e-01
3.800000000000000000e+01 0.000000000000000000e+00 1.791705767796524518e-01
3.800000000000000000e+01 1.000000000000000000e+00 1.125439645976966246e-01
3.800000000000000000e+01 2.000000000000000000e+00 1.475499617971811617e-01
3.800000000000000000e+01 3.000000000000000000e+00 1.576027165957299414e-01
3.800000000000000000e+01 4.000000000000000000e+00 1.544779594303888892e-01
3.900000000000000000e+01 0.000000000000000000e+00 1.878570624264500610e-01
3.900000000000000000e+01 1.000000000000000000e+00 1.369356960418839086e-01
3.900000000000000000e+01 2.000000000000000000e+00 1.143455283941172962e-01
3.900000000000000000e+01 3.000000000000000000e+00 1.871829955252539979e-01
3.900000000000000000e+01 4.000000000000000000e+00 1.363605112179740175e-01
4.000000000000000000e+01 0.000000000000000000e+00 1.906744744381661250e-01
4.000000000000000000e+01 1.000000000000000000e+00 1.535027739737416519e-01
4.000000000000000000e+01 2.000000000000000000e+00 1.556072830463316736e-01
4.000000000000000000e+01 3.000000000000000000e+00 1.347392794942059435e-01
4.000000000000000000e+01 4.000000000000000000e+00 1.507756921713310494e-01
4.100000000000000000e+01 0.000000000000000000e+00 1.741362746368050884e-01
4.100000000000000000e+01 1.000000000000000000e+00 1.447920636255576321e-01
4.100000000000000000e+01 2.000000000000000000e+00 1.388494016052334024e-01
4.100000000000000000e+01 3.000000000000000000e+00 1.494687760216006356e-01
4.100000000000000000e+01 4.000000000000000000e+00 1.479566756719515874e-01
4.200000000000000000e+01 0.000000000000000000e+00 1.069322098397690879e-01
4.200000000000000000e+01 1.000000000000000000e+00 1.268470412231035294e-01
4.200000000000000000e+01 2.000000000000000000e+00 2.070860509941475081e-01
4.200000000000000000e+01 3.000000000000000000e+00 1.527198402560863422e-01
4.200000000000000000e+01 4.000000000000000000e+00 1.821155489395565319e-01
4.300000000000000000e+01 0.000000000000000000e+00 1.760697327240449972e-01
4.300000000000000000e+01 1.000000000000000000e+00 1.336774129613470530e-01
4.300000000000000000e+01 2.000000000000000000e+00 1.535112561395279018e-01
4.300000000000000000e+01 3.000000000000000000e+00 1.583852286735350778e-01
4.300000000000000000e+01 4.000000000000000000e+00 1.342523653666387318e-01
4.400000000000000000e+01 0.000000000000000000e+00 1.738487294475393741e-01
4.400000000000000000e+01 1.000000000000000000e+00 1.497228862220995604e-01
4.400000000000000000e+01 2.000000000000000000e+00 1.426455341055205550e-01
4.400000000000000000e+01 3.000000000000000000e+00 1.276387064245541325e-01
4.400000000000000000e+01 4.000000000000000000e+00 1.622649279935122757e-01
4.500000000000000000e+01 0.000000000000000000e+00 1.320953927883752599e-01
4.500000000000000000e+01 1.000000000000000000e+00 1.812356481984104262e-01
4.500000000000000000e+01 2.000000000000000000e+00 1.443511806106884121e-01
4.500000000000000000e+01 3.000000000000000000e+00 9.162576111473642870e-02
4.500000000000000000e+01 4.000000000000000000e+00 2.073585321019034977e-01
4.600000000000000000e+01 0.000000000000000000e+00 1.945160061012413122e-01
4.600000000000000000e+01 1.000000000000000000e+00 1.846995965398568751e-01
4.600000000000000000e+01 2.000000000000000000e+00 1.567721196186079302e-01
4.600000000000000000e+01 3.000000000000000000e+00 9.596406693515638353e-02
4.600000000000000000e+01 4.000000000000000000e+00 1.291841877031757735e-01
4.700000000000000000e+01 0.000000000000000000e+00 1.323146964007581583e-01
4.700000000000000000e+01 1.000000000000000000e+00 1.493624447786203180e-01
4.700000000000000000e+01 2.000000000000000000e+00 1.530038595862607542e-01
4.700000000000000000e+01 3.000000000000000000e+00 1.957934201862930046e-01
4.700000000000000000e+01 4.000000000000000000e+00 1.287554870903587223e-01
4.800000000000000000e+01 0.000000000000000000e+00 1.792864569183738321e-01
4.800000000000000000e+01 1.000000000000000000e+00 1.747485184725356411e-01
4.800000000000000000e+01 2.000000000000000000e+00 1.505297654308850042e-01
4.800000000000000000e+01 3.000000000000000000e+00 9.712437914701815833e-02
4.800000000000000000e+01 4.000000000000000000e+00 1.564064148853691327e-01
4.900000000000000000e+01 0.000000000000000000e+00 1.992764635816997587e-01
4.900000000000000000e+01 1.000000000000000000e+00 1.447585861110346206e-01
4.900000000000000000e+01 2.000000000000000000e+00 1.454925053643158772e-01
4.900000000000000000e+01 3.000000000000000000e+00 1.633830644433199586e-01
4.900000000000000000e+01 4.000000000000000000e+00 1.244525980125710668e-01
5.000000000000000000e+01 0.000000000000000000e+00 1.070632254216370705e-01
5.000000000000000000e+01 1.000000000000000000e+00 1.089718106119733215e-01
5.000000000000000000e+01 2.000000000000000000e+00 2.040761125497274620e-01
5.000000000000000000e+01 3.000000000000000000e+00 2.022674009088073210e-01
5.000000000000000000e+01 4.000000000000000000e+00 1.385749024605454627e-01
5.100000000000000000e+01 0.000000000000000000e+00 1.023167129794411156e-01
5.100000000000000000e+01 1.000000000000000000e+00 1.551620131349260856e-01
5.100000000000000000e+01 2.000000000000000000e+00 1.736232544631411412e-01
5.100000000000000000e+01 3.000000000000000000e+00 1.481771691880499064e-01
5.100000000000000000e+01 4.000000000000000000e+00 1.825450111905468353e-01
5.200000000000000000e+01 0.000000000000000000e+00 1.368207318412579809e-01
5.200000000000000000e+01 1.000000000000000000e+00 1.876372983169813380e-01
5.200000000000000000e+01 2.000000000000000000e+00 1.282205108007063166e-01
5.200000000000000000e+01 3.000000000000000000e+00 1.852273452805917597e-01
5.200000000000000000e+01 4.000000000000000000e+00 1.110099066020453912e-01
5.300000000000000000e+01 0.000000000000000000e+00 1.838693598062057233e-01
5.300000000000000000e+01 1.000000000000000000e+00 1.318743900163646121e-01
5.300000000000000000e+01 2.000000000000000000e+00 1.528713692392854318e-01
5.300000000000000000e+01 3.000000000000000000e+00 1.365860914052866582e-01
5.300000000000000000e+01 4.000000000000000000e+00 1.528322103079018390e-01
5.400000000000000000e+01 0.000000000000000000e+00 1.766771875850143281e-01
5.400000000000000000e+01 1.000000000000000000e+00 1.376624314913422742e-01
5.400000000000000000e+01 2.000000000000000000e+00 1.262952991659211655e-01
5.400000000000000000e+01 3.000000000000000000e+00 1.747290316434971513e-01
5.400000000000000000e+01 4.000000000000000000e+00 1.558171603276301276e-01
5.500000000000000000e+01 0.000000000000000000e+00 1.061272671917652399e-01
5.500000000000000000e+01 1.000000000000000000e+00 1.563861291082194738e-01
5.500000000000000000e+01 2.000000000000000000e+00 1.517218944827997684e-01
5.500000000000000000e+01 3.000000000000000000e+00 1.348364144180279889e-01
5.500000000000000000e+01 4.000000000000000000e+00 2.275581870888492564e-01
5.600000000000000000e+01 0.000000000000000000e+00 1.318341487279952595e-01
5.600000000000000000e+01 1.000000000000000000e+00 1.047754550492606407e-01
5.600000000000000000e+01 2.000000000000000000e+00 1.442892115912784434e-01
5.600000000000000000e+01 3.000000000000000000e+00 1.907214297944492543e-01
5.600000000000000000e+01 4.000000000000000000e+00 1.941957583128753884e-01
5.700000000000000000e+01 0.000000000000000000e+00 1.417448494530298142e-01
5.700000000000000000e+01 1.000000000000000000e+00 1.292539636978880524e-01
5.700000000000000000e+01 2.000000000000000000e+00 1.525348646121179319e-01
5.700000000000000000e+01 3.000000000000000000e+00 1.856330472420455457e-01
5.700000000000000000e+01 4.000000000000000000e+00 1.448687463092302175e-01
5.800000000000000000e+01 0.000000000000000000e+00 1.389190985571076287e-01
5.800000000000000000e+01 1.000000000000000000e+00 1.561189923512992517e-01
5.800000000000000000e+01 2.000000000000000000e+00 2.049938662880545492e-01
5.800000000000000000e+01 3.000000000000000000e+00 7.953770984016830803e-02
5.800000000000000000e+01 4.000000000000000000e+00 1.788359897636749019e-01
5.900000000000000000e+01 0.000000000000000000e+00 1.613153903304863634e-01
5.900000000000000000e+01 1.000000000000000000e+00 1.552761261257468717e-01
5.900000000000000000e+01 2.000000000000000000e+00 1.446226956878971792e-01
5.900000000000000000e+01 3.000000000000000000e+00 1.756379837914001929e-01
5.900000000000000000e+01 4.000000000000000000e+00 1.217805482930632149e-01
6.000000000000000000e+01 0.000000000000000000e+00 8.921895147537146908e-02
6.000000000000000000e+01 1.000000000000000000e+00 1.197967914317596555e-01
6.000000000000000000e+01 2.000000000000000000e+00 1.782051805486920548e-01
6.000000000000000000e+01 3.000000000000000000e+00 2.288629814765680837e-01
6.000000000000000000e+01 4.000000000000000000e+00 1.526026540094315986e-01
6.100000000000000000e+01 0.000000000000000000e+00 9.611516674334340260e-02
6.100000000000000000e+01 1.000000000000000000e+00 1.833815474444185079e-01
6.100000000000000000e+01 2.000000000000000000e+00 1.828878533292293551e-01
6.100000000000000000e+01 3.000000000000000000e+00 1.591379870594940849e-01
6.100000000000000000e+01 4.000000000000000000e+00 1.404515649178057768e-01
6.200000000000000000e+01 0.000000000000000000e+00 1.509272794990261235e-01
6.200000000000000000e+01 1.000000000000000000e+00 1.717730311786490882e-01
6.200000000000000000e+01 2.000000000000000000e+00 1.279745936614709312e-01
6.200000000000000000e+01 3.000000000000000000e+00 1.460979486130448146e-01
6.200000000000000000e+01 4.000000000000000000e+00 1.647400772097372679e-01
6.300000000000000000e+01 0.000000000000000000e+00 1.688740782196495038e-01
6.300000000000000000e+01 1.000000000000000000e+00 1.498098198489402344e-01
6.300000000000000000e+01 2.000000000000000000e+00 1.541653636923127901e-01
6.300000000000000000e+01 3.000000000000000000e+00 1.657463627583926902e-01
6.300000000000000000e+01 4.000000000000000000e+00 1.333593642302720317e-01
6.400000000000000000e+01 0.000000000000000000e+00 1.403377604834441239e-01
6.400000000000000000e+01 1.000000000000000000e+00 1.538211587612331177e-01
6.400000000000000000e+01 2.000000000000000000e+00 1.010894131658487682e-01
6.400000000000000000e+01 3.000000000000000000e+00 1.872495676515494312e-01
6.400000000000000000e+01 4.000000000000000000e+00 1.721464901715099027e-01
6.500000000000000000e+01 0.000000000000000000e+00 1.957082716089827423e-01
6.500000000000000000e+01 1.000000000000000000e+00 1.222951379183260662e-01
6.500000000000000000e+01 2.000000000000000000e+00 1.664617770954396614e-01
6.500000000000000000e+01 3.000000000000000000e+00 1.390544215318329779e-01
6.500000000000000000e+01 4.000000000000000000e+00 1.468126747123179310e-01
6.600000000000000000e+01 0.000000000000000000e+00 1.634774544050386913e-01
6.600000000000000000e+01 1.000000000000000000e+00 1.979671793046573758e-01
6.600000000000000000e+01 2.000000000000000000e+00 1.340883299560036990e-01
6.600000000000000000e+01 3.000000000000000000e+00 1.480815889233533800e-01
6.600000000000000000e+01 4.000000000000000000e+00 1.125489255482154533e-01
6.700000000000000000e+01 0.000000000000000000e+00 7.632147854367324347e-02
6.700000000000000000e+01 1.000000000000000000e+00 1.983236838588242068e-01
6.700000000000000000e+01 2.000000000000000000e+00 1.755570948159160261e-01
6.700000000000000000e+01 3.000000000000000000e+00 1.438466971965839114e-01
6.700000000000000000e+01 4.000000000000000000e+00 1.627558535907263904e-01
6.800000000000000000e+01 0.000000000000000000e+00 1.242225494609056902e-01
6.800000000000000000e+01 1.000000000000000000e+00 1.813235622203762665e-01
6.800000000000000000e+01 2.000000000000000000e+00 1.624137235471268814e-01
6.800000000000000000e+01 3.000000000000000000e+00 1.783405028860487185e-01
6.800000000000000000e+01 4.000000000000000000e+00 1.067143221038398815e-01
6.900000000000000000e+01 0.000000000000000000e+00 1.906412123578396511e-01
6.900000000000000000e+01 1.000000000000000000e+00 1.362973149907927006e-01
6.900000000000000000e+01 2.000000000000000000e+00 1.160566272027481333e-01
6.900000000000000000e+01 3.000000000000000000e+00 1.552110035398177601e-01
6.900000000000000000e+01 4.000000000000000000e+00 1.697277785005023021e-01
7.000000000000000000e+01 0.000000000000000000e+00 1.318279365170829942e-01
7.000000000000000000e+01 1.000000000000000000e+00 1.174513174826287559e-01
7.000000000000000000e+01 2.000000000000000000e+00 1.898036995574271524e-01
7.000000000000000000e+01 3.000000000000000000e+00 1.453661861310200920e-01
7.000000000000000000e+01 4.000000000000000000e+00 1.820474850218750940e-01
7.100000000000000000e+01 0.000000000000000000e+00 1.812246944398404891e-01
7.100000000000000000e+01 1.000000000000000000e+00 6.084466563468184097e-02
7.100000000000000000e+01 2.000000000000000000e+00 1.486806010299945857e-01
7.100000000000000000e+01 3.000000000000000000e+00 1.825081904715241121e-01
7.100000000000000000e+01 4.000000000000000000e+00 1.824146669724403813e-01
7.200000000000000000e+01 0.000000000000000000e+00 1.183793734297536315e-01
7.200000000000000000e+01 1.000000000000000000e+00 1.870603088857925866e-01
7.200000000000000000e+01 2.000000000000000000e+00 1.328845731686829901e-01
7.200000000000000000e+01 3.000000000000000000e+00 1.560152273857983163e-01
7.200000000000000000e+01 4.000000000000000000e+00 1.670311155588505292e-01
7.300000000000000000e+01 0.000000000000000000e+00 1.409946793798512732e-01
7.300000000000000000e+01 1.000000000000000000e+00 1.360139537278300392e-01
7.300000000000000000e+01 2.000000000000000000e+00 1.945204559082964191e-01
7.300000000000000000e+01 3.000000000000000000e+00 1.157045160682245721e-01
7.300000000000000000e+01 4.000000000000000000e+00 1.778713915481987540e-01
7.400000000000000000e+01 0.000000000000000000e+00 1.214905650968644141e-01
7.400000000000000000e+01 1.000000000000000000e+00 1.597744564253535116e-01
7.400000000000000000e+01 2.000000000000000000e+00 1.577686112830129772e-01
7.400000000000000000e+01 3.000000000000000000e+00 1.799608545222144973e-01
7.400000000000000000e+01 4.000000000000000000e+00 1.365762709671246022e-01
7.500000000000000000e+01 0.000000000000000000e+00 9.946601175102817716e-02
7.500000000000000000e+01 1.000000000000000000e+00 2.191415117393106793e-01
7.500000000000000000e+01 2.000000000000000000e+00 1.427070896593886917e-01
7.500000000000000000e+01 3.000000000000000000e+00 1.259683922203631012e-01
7.500000000000000000e+01 4.000000000000000000e+00 1.641092862183506362e-01
7.600000000000000000e+01 0.000000000000000000e+00 1.111992159798921714e-01
7.600000000000000000e+01 1.000000000000000000e+00 1.557568347466531389e-01
7.600000000000000000e+01 2.000000000000000000e+00 1.479050997084788710e-01
7.600000000000000000e+01 3.000000000000000000e+00 1.419160249032274113e-01
7.600000000000000000e+01 4.000000000000000000e+00 2.025753660492632391e-01
7.700000000000000000e+01 0.000000000000000000e+00 1.454781830931556053e-01
7.700000000000000000e+01 1.000000000000000000e+00 2.174732283170560665e-01
7.700000000000000000e+01 2.000000000000000000e+00 1.268145234632550022e-01
7.700000000000000000e+01 3.000000000000000000e+00 9.532853053541952282e-02
7.700000000000000000e+01 4.000000000000000000e+00 1.827316897488557856e-01
7.800000000000000000e+01 0.000000000000000000e+00 1.897769499778341196e-01
7.800000000000000000e+01 1.000000000000000000e+00 1.272825152286160832e-01
7.800000000000000000e+01 2.000000000000000000e+00 1.708747190918467607e-01
7.800000000000000000e+01 3.000000000000000000e+00 1.360313512116855805e-01
7.800000000000000000e+01 4.000000000000000000e+00 1.365674302555396347e-01
7.900000000000000000e+01 0.000000000000000000e+00 1.502835897024400735e-01
7.900000000000000000e+01 1.000000000000000000e+00 1.612669800655947006e-01
7.900000000000000000e+01 2.000000000000000000e+00 1.404904203545184471e-01
7.900000000000000000e+01 3.000000000000000000e+00 1.674338007857108235e-01
7.900000000000000000e+01 4.000000000000000000e+00 1.358978960901854605e-01
8.000000000000000000e+01 0.000000000000000000e+00 1.121394472322222308e-01
8.000000000000000000e+01 1.000000000000000000e+00 1.823398762401826634e-01
8.000000000000000000e+01 2.000000000000000000e+00 1.445430042504746715e-01
8.000000000000000000e+01 3.000000000000000000e+00 1.177353561116915581e-01
8.000000000000000000e+01 4.000000000000000000e+00 2.086114740131910783e-01
8.100000000000000000e+01 0.000000000000000000e+00 1.237710472857001115e-01
8.100000000000000000e+01 1.000000000000000000e+00 1.172341465708335029e-01
8.100000000000000000e+01 2.000000000000000000e+00 1.877562432775538581e-01
8.100000000000000000e+01 3.000000000000000000e+00 1.426954620617741365e-01
8.100000000000000000e+01 4.000000000000000000e+00 1.824208164720687309e-01
8.200000000000000000e+01 0.000000000000000000e+00 1.647136332066706510e-01
8.200000000000000000e+01 1.000000000000000000e+00 1.390144775655436371e-01
8.200000000000000000e+01 2.000000000000000000e+00 1.495608056820114662e-01
8.200000000000000000e+01 3.000000000000000000e+00 1.343633513167868387e-01
8.200000000000000000e+01 4.000000000000000000e+00 1.753560111952266187e-01
8.300000000000000000e+01 0.000000000000000000e+00 1.088539189032756843e-01
8.300000000000000000e+01 1.000000000000000000e+00 1.894212013187949462e-01
8.300000000000000000e+01 2.000000000000000000e+00 2.022331190274271884e-01
8.300000000000000000e+01 3.000000000000000000e+00 1.117386813220595659e-01
8.300000000000000000e+01 4.000000000000000000e+00 1.455665146483503258e-01
8.400000000000000000e+01 0.000000000000000000e+00 1.229966673701552576e-01
8.400000000000000000e+01 1.000000000000000000e+00 1.452252963768448923e-01
8.400000000000000000e+01 2.000000000000000000e+00 2.023076613277305369e-01
8.400000000000000000e+01 3.000000000000000000e+00 1.294429173162333913e-01
8.400000000000000000e+01 4.000000000000000000e+00 1.637409711426946191e-01
8.500000000000000000e+01 0.000000000000000000e+00 1.634321493355057608e-01
8.500000000000000000e+01 1.000000000000000000e+00 1.748504292055833853e-01
8.500000000000000000e+01 2.000000000000000000e+00 9.647534493868011041e-02
8.500000000000000000e+01 3.000000000000000000e+00 1.201886222284143935e-01
8.500000000000000000e+01 4.000000000000000000e+00 2.040488518655061423e-01
8.600000000000000000e+01 0.000000000000000000e+00 1.724407688165339181e-01
8.600000000000000000e+01 1.000000000000000000e+00 1.913629976470281879e-01
8.600000000000000000e+01 2.000000000000000000e+00 1.522969749743115497e-01
8.600000000000000000e+01 3.000000000000000000e+00 1.139060615023562290e-01
8.600000000000000000e+01 4.000000000000000000e+00 1.401320960700515039e-01
8.700000000000000000e+01 0.000000000000000000e+00 1.166355377631187878e-01
8.700000000000000000e+01 1.000000000000000000e+00 1.617903516620781135e-01
8.700000000000000000e+01 2.000000000000000000e+00 1.879647288801426230e-01
8.700000000000000000e+01 3.000000000000000000e+00 1.478990928932213400e-01
8.700000000000000000e+01 4.000000000000000000e+00 1.480845899856473302e-01
8.800000000000000000e+01 0.000000000000000000e+00 1.409813961867687204e-01
8.800000000000000000e+01 1.000000000000000000e+00 1.758533790714770229e-01
8.800000000000000000e+01 2.000000000000000000e+00 1.864936874225092689e-01
8.800000000000000000e+01 3.000000000000000000e+00 1.131797038501877600e-01
8.800000000000000000e+01 4.000000000000000000e+00 1.389945607761067792e-01
8.900000000000000000e+01 0.000000000000000000e+00 1.424747371086485248e-01
8.900000000000000000e+01 1.000000000000000000e+00 1.010496877868394400e-01
8.900000000000000000e+01 2.000000000000000000e+00 1.646092366821826081e-01
8.900000000000000000e+01 3.000000000000000000e+00 1.966037688978021780e-01
8.900000000000000000e+01 4.000000000000000000e+00 1.524034795442915646e-01
9.000000000000000000e+01 0.000000000000000000e+00 1.469332569550592660e-01
9.000000000000000000e+01 1.000000000000000000e+00 1.424040099359883682e-01
9.000000000000000000e+01 2.000000000000000000e+00 1.579640146422354452e-01
9.000000000000000000e+01 3.000000000000000000e+00 1.785840862550073238e-01
9.000000000000000000e+01 4.000000000000000000e+00 1.350893765315414330e-01
9.100000000000000000e+01 0.000000000000000000e+00 1.422491489582156099e-01
9.100000000000000000e+01 1.000000000000000000e+00 1.601185362906822895e-01
9.100000000000000000e+01 2.000000000000000000e+00 1.698730380893749559e-01
9.100000000000000000e+01 3.000000000000000000e+00 1.513584309876628287e-01
9.100000000000000000e+01 4.000000000000000000e+00 1.359314222096310865e-01
9.200000000000000000e+01 0.000000000000000000e+00 1.484206209805836174e-01
9.200000000000000000e+01 1.000000000000000000e+00 1.049176069947744400e-01
9.200000000000000000e+01 2.000000000000000000e+00 2.014279464043153556e-01
9.200000000000000000e+01 3.000000000000000000e+00 1.326842400893915030e-01
9.200000000000000000e+01 4.000000000000000000e+00 1.792414553275669675e-01
9.300000000000000000e+01 0.000000000000000000e+00 1.287351740981938775e-01
9.300000000000000000e+01 1.000000000000000000e+00 1.667290060359681303e-01
9.300000000000000000e+01 2.000000000000000000e+00 1.336319044724853800e-01
9.300000000000000000e+01 3.000000000000000000e+00 1.766105397818540645e-01
9.300000000000000000e+01 4.000000000000000000e+00 1.537502779425238553e-01
9.400000000000000000e+01 0.000000000000000000e+00 1.649772221069638889e-01
9.400000000000000000e+01 1.000000000000000000e+00 1.546256588034375656e-01
9.400000000000000000e+01 2.000000000000000000e+00 1.195318385751905771e-01
9.400000000000000000e+01 3.000000000000000000e+00 1.758733189471429759e-01
9.400000000000000000e+01 4.000000000000000000e+00 1.463271705234089892e-01
9.500000000000000000e+01 0.000000000000000000e+00 1.767719244757311459e-01
9.500000000000000000e+01 1.000000000000000000e+00 7.277108010371344249e-02
9.500000000000000000e+01 2.000000000000000000e+00 2.326411353580876140e-01
9.500000000000000000e+01 3.000000000000000000e+00 1.306251317130195655e-01
9.500000000000000000e+01 4.000000000000000000e+00 1.561374556624454679e-01
9.600000000000000000e+01 0.000000000000000000e+00 1.567016510182208389e-01
9.600000000000000000e+01 1.000000000000000000e+00 2.091212908638384604e-01
9.600000000000000000e+01 2.000000000000000000e+00 1.496381151341297511e-01
9.600000000000000000e+01 3.000000000000000000e+00 1.081025881885788187e-01
9.600000000000000000e+01 4.000000000000000000e+00 1.323295801774471425e-01
9.700000000000000000e+01 0.000000000000000000e+00 1.738258561614835773e-01
9.700000000000000000e+01 1.000000000000000000e+00 1.236498926843200424e-01
9.700000000000000000e+01 2.000000000000000000e+00 1.683598009625996428e-01
9.700000000000000000e+01 3.000000000000000000e+00 1.344277836097879097e-01
9.700000000000000000e+01 4.000000000000000000e+00 1.782892244151458305e-01
9.800000000000000000e+01 0.000000000000000000e+00 1.563190926136791281e-01
9.800000000000000000e+01 1.000000000000000000e+00 1.595386271746932483e-01
9.800000000000000000e+01 2.000000000000000000e+00 1.184103658321851021e-01
9.800000000000000000e+01 3.000000000000000000e+00 1.403484093518317932e-01
9.800000000000000000e+01 4.000000000000000000e+00 1.881546070575682572e-01
9.900000000000000000e+01 0.000000000000000000e+00 1.486370985624080321e-01
9.900000000000000000e+01 1.000000000000000000e+00 1.757377035542657673e-01
9.900000000000000000e+01 2.000000000000000000e+00 8.244631505082274103e-02
9.900000000000000000e+01 3.000000000000000000e+00 1.958927077257497651e-01
9.900000000000000000e+01 4.000000000000000000e+00 1.564148939039126662e-01
