-1.012416096200642740e-01 1.493651544631967865e-01 6.357304448642301375e-01 -1.265020071219713271e+00
8.962975125090478778e-01 -9.905928079137088504e-01 1.065150640505878321e-01 -9.438153045290812448e-01
1.231416295920928721e-05 -1.794934667945083991e-05 -8.253787039047032269e-05 -1.588896938601425763e-04
-6.123275803183666349e-02 -6.926560571456052973e-02 -1.182529261533570158e-01 -7.420781616130790459e-01
-1.223816765863521422e-01 -1.742308163921108544e-01 3.775217480186344732e-01 -8.641330543814421672e-01
2.191887132490753787e-01 2.568063255413061130e-02 -9.151699800829850295e-02 -7.770730930540522552e-01
4.697291776638697347e-01 -7.961701445888103024e-01 4.876152560963806781e-01 -1.091600743427770803e+00
4.509368105493885559e-01 -6.996049146409657471e-01 -5.373795754350488285e-02 -5.373089398782738835e-01
-3.289087862654745953e-01 1.949715307181164314e-01 3.188362554633445423e-01 -9.822973337134864869e-01
-1.013601988707089202e-01 -3.076901452466071496e-01 3.079654330469354107e-01 -1.213319725073451538e+00
1.038480743400267686e-04 6.030405043085806807e-05 -3.670361276758560536e-05 -1.515884610250408152e-04
-2.981859767792496285e-01 3.767729762445860830e-02 2.985085495167545400e-01 -1.236652977681856225e+00
2.409650524702631469e-01 -5.203624500118564367e-01 2.821521851261443170e-01 -1.139954278174087232e+00
9.421229058061894579e-05 4.950488530793178737e-05 -8.322047538309830311e-05 -1.964301557389190090e-04
-1.369522568295975518e-01 -2.980540240885468095e-01 5.310952442019577224e-02 -4.749297279879661771e-01
3.816783104136271489e-05 1.406214292795657631e-05 -1.218650492511982900e-05 -1.548278201306371900e-04
-3.495180254205011439e-01 -1.154635487024870677e-01 1.028203979360099302e-01 -8.964096173449509486e-01
1.549387840317102139e-01 1.436216174889016484e-01 -6.203400549795675539e-02 -6.742514082026702660e-01
9.036724192651762744e-01 -1.236037401466728802e+00 7.877474310272077063e-02 -8.677848665843519438e-01
2.511397513362685258e-05 -2.250836272082450591e-06 -5.469874689888370095e-05 -1.912988068966674129e-04
6.725085483399651149e-05 1.273017175389975823e-05 -3.301241915285587183e-05 -1.591522950734661191e-04
-2.257569756849859416e-02 -1.004952577565808441e-01 -5.174562374150754041e-02 -6.108010329754641754e-01
8.075557544986688399e-05 6.131074200235373233e-05 -1.012612443320686070e-04 -2.568712164689213344e-04
-4.036020776962773865e-02 -4.184893218116939040e-01 3.291058066144850192e-01 -9.894861558979025640e-01
3.093989668514122808e-05 -2.729769356834323970e-06 -3.876513842923686305e-05 -1.327450454240114528e-04
4.070810473872044088e-02 -2.420060858755282984e-01 -9.737280772786033323e-02 -5.525496947734666042e-01
3.098601691289725180e-01 -4.696630094774383313e-01 5.133299114939556679e-02 -1.081157414289901197e+00
4.087460199928911186e-01 -5.405532394258218964e-01 1.555626967990694776e-01 -7.185718564013391374e-01
4.074740608015627817e-05 6.246271027553333439e-05 -3.399555957557596868e-05 -1.588121206057654835e-04
3.118696985597533151e-05 1.397883838432437572e-05 -4.279264777202541789e-05 -2.039516296991547030e-04
2.501164330144334813e-01 -8.156309014802284318e-01 3.934836640600161140e-01 -1.158072122671091497e+00
1.223090590513031123e-01 -8.631253495440217860e-02 3.370476872745087338e-02 -6.682404259396662605e-01
5.751804862808059383e-05 5.594688412478524703e-05 -5.892864097384899858e-05 -1.366077004099036749e-04
1.124117732532897051e-05 2.070840474120305154e-06 -1.116607113674485878e-04 -1.737315483444446060e-04
1.163750413003601103e-01 -9.470894680321841064e-02 1.716403879627305673e-01 -7.289676873184154360e-01
7.240839156802799659e-01 -6.189995879388984212e-01 1.544310896441808585e-02 -1.040726946436020928e+00
3.292949543304787147e-02 1.434249662014732730e-02 -6.269024636616253587e-02 -1.568975612639315897e-01
3.224331687506825435e-05 2.932548025369538451e-05 -4.812223621066476806e-05 -1.403416905370001295e-04
5.410787908453916176e-06 2.262623656551928273e-05 -5.676769352933490667e-05 -1.229701721046545532e-04
1.621150612528560186e-02 -7.957971945379107570e-01 8.841916937580386326e-01 -1.732434212420328690e+00
4.642047345219855417e-05 3.538853302903233075e-05 -7.396708827798989018e-05 -1.865725029515570045e-04
1.702274369250872735e-02 -5.431356429394847835e-02 1.029931824549938923e-01 -8.300039116749385881e-01
5.219590020452888890e-01 -7.124801495093726622e-01 1.726004341534777276e-02 -5.227924240463344141e-01
9.282214415923848805e-05 5.016689956712354370e-05 -7.745127536716040352e-05 -2.269805692034904652e-04
-1.386432614253788331e-01 -1.143161054395152310e-01 4.887714938844433393e-02 -4.763078522154770011e-01
9.539338410079600816e-02 -5.228470858329402338e-02 -9.059291433275463979e-05 -5.885761646481721954e-01
3.293553322803673966e-01 -4.462008390193418772e-01 4.126790553332764233e-01 -9.227084106292493537e-01
3.288774065758868516e-05 1.322253976077368779e-05 -4.522217772177960956e-05 -1.579719291548333372e-04
-1.204211413316928440e-06 -6.238738415654465294e-06 -9.565413893978554202e-05 -2.018769430103217971e-04
9.089678365872469468e-02 -1.652802455068378418e-01 -2.642934335651324004e-02 -5.960368678091592098e-01
1.911259271401126725e-01 -4.411665316886813071e-01 3.999358731469495609e-01 -9.510776769608186854e-01
-4.698652128645278703e-01 -8.289681482624393360e-02 3.406736970878188053e-01 -1.068000294646375359e+00
4.131613857485085251e-01 -4.091121264965861259e-01 1.610635420617162750e-01 -1.023246885623273927e+00
1.774569496891794797e-05 -1.338842784339054984e-06 -3.531433763146497602e-05 -1.715457696464455591e-04
9.738793100945311934e-05 5.350461720376262101e-05 -1.277127172436394670e-04 -2.064614539907558917e-04
2.678829024211867757e-05 -8.651462015628995705e-06 -1.222494894367814964e-04 -1.727995477889632345e-04
2.788968243236079092e-05 3.904426194601443567e-06 -3.761806801079335189e-05 -1.703432006506022179e-04
1.701144914453345813e-01 -2.548075132388731845e-01 4.564666590966758308e-01 -1.459723899361926591e+00
1.619570724790095895e-01 -3.770111999359351818e-01 3.915559480349553589e-01 -9.459907573933089564e-01
-1.365963646740879223e-01 6.696991671692548165e-03 3.826568677087254788e-01 -9.813414984658747064e-01
-8.153982342785795479e-02 -1.353993177739106768e-01 1.817655915779406439e-01 -6.854546434379223951e-01
1.291314115606454760e-01 -5.900568213580215798e-02 -1.711138081238362113e-02 -6.420947254826795403e-01
2.333027260497177061e-05 1.089089403054744156e-05 -6.012704519515083305e-05 -1.548080031988331652e-04
3.174440487007038070e-01 -6.183724734879963991e-01 1.964825074927513959e-01 -1.038281015059272727e+00
7.850176339644628987e-05 3.702712588472891359e-05 -7.257865090598104656e-05 -1.687516631559509133e-04
1.485031451181725816e-03 2.263561477212401411e-03 -4.904555617523623928e-03 -1.295212400594895723e-02
2.167738505704387003e-02 3.638055669000878067e-02 -1.513940128162035922e-02 -1.371655315422800059e-01
9.334370130531399637e-05 5.005348978434172915e-05 -8.076189884289729660e-05 -2.140864045903376829e-04
6.961599425298360400e-01 -1.106876059178228955e+00 2.203632292660094305e-01 -1.284479542891224568e+00
-7.781575680923037697e-02 -3.325562430559439453e-01 2.191039277674348418e-01 -8.922002883290358621e-01
3.236504759364320499e-02 -2.052812167288669276e-01 5.142196450740611421e-03 -7.349950174378958589e-01
-2.748837990659135921e-01 -3.510652521776306267e-01 3.338234229881149040e-01 -1.001782725001839847e+00
1.613487332922010364e-05 3.947681051236561032e-05 -1.065071230243757228e-04 -1.955558014011855189e-04
1.065759393804833956e-04 7.885788555262872486e-05 -3.711380183948923087e-05 -2.341126364279710848e-04
9.182564966881545665e-01 -7.440164961315806069e-01 -1.157983938407934621e-01 -3.425721619466836620e-01
-7.122534029127918637e-03 -1.442972928734931604e-01 4.082028912621342431e-02 -5.015343995892884710e-01
-1.344702310520062560e-01 -3.529410142046007781e-01 4.778842446049390569e-01 -1.149582106911693158e+00
9.537574799984792351e-02 -2.103541467409127952e-01 -2.763207866435917620e-02 -7.627425747519460675e-01
6.213660747954698801e-05 4.227963646658157280e-05 -1.075019669804278314e-04 -1.721600891134654184e-04
7.859216002577428320e-03 4.792411400119513804e-03 -2.699219587015266354e-03 -1.884072764417723742e-02
2.734829911582961626e-01 -6.260601821294206060e-01 3.877858097545446303e-01 -1.245711692397192705e+00
1.805622621345883971e-01 -4.220278452462165597e-01 9.591426035786415616e-02 -9.727078109371511960e-01
-1.395346841172222588e-03 1.597344489306207584e-04 -6.589908909610270142e-03 -1.149131806443721808e-02
4.884432961685710589e-02 2.590900163789713190e-02 -2.233169904994682098e-02 -1.637405743973147643e-01
1.127378440071250820e-01 -1.388109804599782227e-01 -5.348967639682835826e-03 -5.809297620775017990e-01
1.306882818781853195e-01 -5.061978543601394209e-01 6.301525183459599777e-01 -1.241006342623778513e+00
7.476193629820852837e-02 -3.692116458944929014e-01 1.109793605755309970e-01 -9.615212086395552582e-01
3.293389739449354532e-05 2.636766681981484654e-05 -7.065255312177314267e-05 -1.487906215261582208e-04
1.851888723511826151e-01 -4.178505969307995671e-01 -2.841836154947147142e-02 -1.055926168079323046e+00
1.812752399513152257e-01 -1.024423946870560570e-01 4.794728163657542286e-01 -1.073101764087489585e+00
3.470219031037991009e-01 -7.042939812848146852e-01 2.404628346794366114e-02 -8.044400089868122272e-01
6.866457217917265902e-05 4.759773024058996650e-05 -6.765003182057112560e-05 -2.157795929649215577e-04
-4.792027064106766515e-02 6.036163541123148665e-03 3.298005799177841646e-01 -1.007354161147078653e+00
5.066725769943777324e-01 -8.193108737332679414e-01 1.609385513220061015e-01 -1.185429938662523996e+00
-5.962604379614790269e-06 2.293404056542694422e-05 -5.086647914986801354e-05 -1.424130022098618034e-04
-3.924190338846601095e-02 -1.451382333705944216e-01 -1.413074012051108476e-02 -6.926385138607374925e-01
1.280703969834066089e-04 1.012236489058810718e-04 -8.085253451851335843e-05 -2.076533107838435374e-04
-1.792350150320806690e-01 -1.758003423281582212e-01 4.697511663047503894e-01 -9.849716361128250108e-01
2.006256364811097315e-01 -2.437135648546538413e-01 1.738974185768368541e-01 -5.334495797499351211e-01
1.075518767339248283e-01 -5.061256636371004314e-01 -5.728325199097512865e-02 -1.033313433394425607e+00
5.760865288774524168e-02 9.024455663425509644e-03 -6.346124128297245259e-02 -1.560988797401113848e-01
6.894127729105930039e-03 -4.388786044936681535e-03 -5.699886156456016040e-02 -1.448043015348497720e-01
7.324871895803934663e-03 -3.161867681036156230e-01 3.978002115257382454e-01 -1.014335962883599285e+00
7.122934161701292204e-05 5.141300131532959019e-05 -3.715245164819379900e-05 -1.830526939498890973e-04
1.792032126440369980e-02 -2.416866152074654550e-01 6.326013784731139566e-02 -6.103741433673253169e-01
1.490678282589003867e-01 -1.217901159931948918e-01 1.010966161127074686e-01 -6.031103177025496365e-01
-1.168845635551621007e-02 -2.226864827410630909e-01 9.639197265850071861e-02 -6.596590623928932917e-01
3.641460913734864135e-01 -7.046673579364867157e-01 -1.379145881674058161e-01 -7.110447962844644865e-01
6.892971242145473230e-05 9.885655515773785851e-05 -9.446522636226371557e-05 -2.236037544772857214e-04
2.079666784438113647e-01 -3.883271847499466523e-01 2.229009060214300064e-01 -8.863442333956517150e-01
5.423398125971543048e-05 1.171473248429256215e-05 -4.751973410110636362e-05 -1.188767107096604396e-04
-1.192716397714818910e-01 -4.677888408426718048e-01 6.147292368975119103e-01 -1.190535987230341819e+00
7.180281287961628122e-05 4.843838170343582605e-05 -8.775509238956450732e-05 -2.759889383294930588e-04
5.969316787222068987e-02 -1.438762660237706548e-01 -9.628311353795881988e-02 -5.026860810721922590e-01
5.963074127656675064e-05 4.807815595364414620e-05 -6.809498924381640877e-05 -1.862872073944993746e-04
-1.761874037753049724e-02 -6.387227052206118083e-02 -1.938131165166285651e-03 -6.977560402064183487e-01
-2.478436803929429944e-01 -2.129889425230531985e-01 5.179229055492309275e-01 -1.062728488726119691e+00
1.127366208308873088e-04 7.766945320681848677e-05 -5.219362649593511293e-05 -1.741075303222328562e-04
3.773564531120088885e-05 2.277724169712436663e-05 -2.466463259106503719e-05 -1.205029500783838645e-04
3.879005532863525341e-01 -8.764919113134731488e-01 -9.879264950280830168e-03 -1.289869056800613922e+00
8.597964997099219394e-06 -1.052320159817961288e-05 -7.633606489483384626e-05 -1.546660616474200241e-04
2.046672011008585645e-01 -6.561870799321356529e-01 4.470103954128818446e-01 -1.259534744036667542e+00
5.168706892405763859e-05 9.175848413846927551e-06 -5.371735224909842093e-05 -1.532125423419475655e-04
9.169249847393861491e-05 7.445022763749197978e-05 -2.076002567522643175e-05 -1.498498715603163983e-04
-7.268719394291009439e-02 -1.036019355744954018e-01 -1.050597362268625989e-01 -8.115470772715448478e-01
1.227308649477248104e-01 -2.786522746585217147e-01 3.765733345701723078e-02 -7.062935278683969420e-01
-4.593245786283071258e-02 -5.562089592485409684e-01 5.664883166961423022e-01 -1.267993189793024333e+00
1.528056164162211739e-01 1.438502969336911408e-01 7.580734429442591293e-02 -7.829659787098047774e-01
7.010027182471239345e-05 4.140772790885344413e-05 -1.169886820237465595e-04 -1.591266431678542014e-04
8.829090189241692310e-02 -3.820785600072853505e-01 9.425006577921142548e-02 -6.183084306198687319e-01
-3.401770594091275274e-02 -2.675040619953124588e-01 8.608403008462853778e-01 -1.728034545680964484e+00
1.263462632905170194e-04 9.870966933767542028e-05 -1.564773561410737711e-04 -2.549900170468592819e-04
-1.412877990074718606e-05 -3.465524088580485305e-05 -6.636254227215217575e-05 -1.578383398801822283e-04
-2.295409723602630792e-01 -7.048721282072580030e-02 2.195199774076742327e-01 -6.868994301150199711e-01
3.660297079717234059e-01 -4.671087213295986307e-01 3.166496203511769969e-01 -7.985248058677798522e-01
9.077304048697075684e-05 5.894166380705771920e-05 -7.198413511951803944e-05 -2.235256198401335914e-04
1.607687361698962859e-05 1.141150763749433308e-05 -3.654470871712358325e-05 -1.845353555430565787e-04
3.411666275582028729e-01 -7.073799240739868655e-01 2.218014318778123994e-01 -9.709879165856236671e-01
3.485095291915124016e-01 -5.861992396645524517e-01 2.302180670922700581e-02 -8.953858728319723514e-01
1.927970451422617590e-05 2.644511827919007694e-05 -6.687906054698426370e-05 -1.699895547170595603e-04
2.463711155816235735e-05 1.056801395583632326e-05 -2.712486752866996416e-05 -1.494910847559828538e-04
7.372106877536201142e-02 -2.641673512990357908e-01 2.831672950272502987e-01 -1.112670642575003477e+00
6.342027079772484652e-05 3.034790606279335538e-06 -8.918026840681436262e-05 -1.820115169765150530e-04
-1.568147257027661112e-01 -1.110674440476372704e-01 2.922749440046276126e-01 -1.275758952058958284e+00
3.479772815837900435e-01 -5.118845387576089756e-01 3.012113270417671740e-01 -8.932511532932493337e-01
1.839128917641811252e-05 2.572052175968788510e-05 -1.359582870776569362e-04 -2.082410279946192509e-04
3.543619222282147763e-01 -8.479861990435549890e-01 3.103117316598202335e-01 -9.966684472585529697e-01
1.407956970732549969e-05 -1.357504551000135755e-06 -4.666539005914144105e-05 -1.059713596167483865e-04
2.238313658627439362e-01 -3.161152537655970707e-01 5.826034317649743111e-01 -1.586565446121113387e+00
5.396366666590918845e-05 4.429491029467107574e-05 -3.716584900452475160e-05 -1.596489465289263371e-04
-7.825788907540362493e-02 -3.719128497051411575e-01 1.184051600248100522e-01 -1.025560548029560648e+00
3.191453979601441837e-01 -4.315341066297939676e-02 -5.593135272805025912e-03 -6.709797175244650580e-01
2.256126722331775192e-01 -3.556153520646426203e-01 4.085979891836139521e-01 -1.038963419292496582e+00
9.808905784831165042e-02 -8.473341927121996742e-02 7.998023818549634956e-02 -5.313598293671191186e-01
-1.058223735420336931e-01 -3.608466320022176710e-01 1.289291862899381857e-01 -9.671591878838051715e-01
9.017759706937622521e-02 -6.139855313115775148e-01 9.253716827371653852e-02 -7.952659121260695629e-01
-3.478625785692099903e-01 -7.181611399684716124e-02 4.557880993305314377e-01 -1.311371859563571718e+00
1.292896909822602636e+00 -1.093438641154268032e+00 -1.955634570488790636e-01 -6.310759979251063800e-01
-2.344717275959960212e-01 3.203200935259317012e-02 6.359918622457271242e-01 -1.075468436681840778e+00
1.143274193557221874e-01 6.056583130808840948e-02 -7.608999638633073825e-02 -7.532976877687800332e-01
2.994857856336404292e-02 1.085966928558807637e-02 -7.935655187103991814e-03 -1.579731704259224601e-01
4.306389647202354520e-05 1.528383418224850740e-05 -9.325821735367458964e-05 -1.283151046280844290e-04
6.388388615178837437e-02 2.601689929304377980e-02 -3.923120541422382701e-02 -1.649766674626389207e-01
1.540765311215374668e-02 -1.839899060414093845e-01 5.939150958945640241e-02 -4.640653667249394210e-01
-1.732499176222468667e-03 -4.383034310410331424e-01 2.764870989742631568e-01 -1.220515089872275194e+00
6.303226776884934574e-05 5.766374566098025418e-05 -5.733585953702798456e-05 -1.954543130225110581e-04
9.460760044789422955e-05 9.269598142422897356e-05 -1.031893311450764926e-04 -2.186926854458209652e-04
1.292508464681728486e-05 -3.570614706710688535e-05 -2.595908131535412528e-05 -1.927367491121363826e-04
1.136752585829369465e-02 -3.288594799723927875e-01 1.690183294450527673e-01 -4.830429790184467276e-01
2.725614137360603330e-05 9.863406047889924046e-06 -1.074292223038424799e-04 -1.709812145006615446e-04
9.864123042462163700e-05 6.406874960022637027e-05 -6.771838338254536002e-05 -2.140220161749188449e-04
1.915011830844865447e-05 1.733253257548750110e-05 -6.539302027077205587e-05 -1.427898862408152631e-04
-5.360930123503437200e-02 -4.443683254588330356e-01 4.386962408104332356e-01 -1.128773445369720241e+00
1.043537281946882861e-01 -8.866211668426523529e-01 2.484313253809798672e-01 -1.125969897451487123e+00
1.300776046302095420e-04 1.116582187652537359e-04 -7.751419210335159452e-05 -2.055259145390238512e-04
-2.521724731074744940e-03 -6.001708753710995221e-03 -1.086153683063373517e-02 -1.658202482072676162e-02
2.892062023927330954e-05 2.303339784893898199e-05 -1.000046081672216339e-04 -2.052357731924014711e-04
5.167690514663093870e-02 -3.902441423732766479e-01 3.801285416468170308e-01 -1.006038523273685259e+00
9.995188209058134259e-05 5.749205969518847382e-05 -1.626081554073857235e-05 -1.730311945956592248e-04
7.095610586753163605e-05 4.956064214706432959e-05 -4.205243831595415307e-05 -1.860765740990410913e-04
1.073699092718823105e-04 5.346219549541951911e-05 -4.316094704955013718e-05 -2.019434928308628987e-04
7.995507603930708290e-05 4.776939633045817411e-05 -6.354378751875559524e-05 -1.318193862636201621e-04
2.187486953855272420e-01 -5.542081362340474104e-01 3.975160194392461377e-01 -1.249756715542127639e+00
1.252954075506822022e-02 -2.717615707285923610e-01 1.433792036151740681e-02 -5.095073318923832861e-01
-1.567912076708007918e-01 -4.564618142854688643e-02 -6.662817573211629596e-02 -6.422134265546817211e-01
-8.726322810826631082e-02 -3.625059414897432442e-01 -8.429922494667967114e-02 -8.867399876154855587e-01
1.618862150661215804e-01 3.180554101325235722e-02 2.699979163309496055e-01 -6.472090249012840690e-01
3.277535418943797554e-05 -1.996735031258024446e-05 -9.877285927000772230e-05 -1.188264206981243308e-04
1.435573707466528126e-01 -2.802160531075088001e-01 1.378274918234165536e-01 -8.472345718931052483e-01
-2.025707097858024663e-01 8.364756053750618814e-02 4.150595562497301771e-01 -1.044897891969351011e+00
7.715206860631736163e-02 -3.525842422418217215e-01 -1.242176441554951050e-01 -7.493253490485733970e-01
1.589657312661298303e-05 6.211565151478357053e-06 -6.190143429706700725e-05 -1.553656607815639609e-04
6.003064524670355406e-05 5.025012805409280996e-05 -8.750754514514323418e-05 -1.765021248707314969e-04
8.262132805965328921e-05 6.899237453760892751e-05 -1.574136035523184736e-05 -1.650252080717587021e-04
1.923455898441655265e-01 -5.503487881485039646e-01 4.697402245936738163e-01 -1.114180293984421422e+00
7.227972394560715219e-02 -9.988833999582256984e-02 3.816088172437909209e-02 -6.935088747478671545e-01
-5.646864048149945470e-01 1.912274388872926278e-01 3.228755565308627506e-01 -8.300606633309952631e-01
3.600270668580083933e-01 -5.141800261237917669e-01 8.029145084045562208e-02 -8.765130561411935695e-01
7.850347873267762844e-02 2.844660612605733399e-02 -3.280595653463833777e-02 -1.901363686019088561e-01
1.535239831779041872e-02 -4.512822487337535965e-02 -2.799336706001483155e-02 -1.284851731244256445e-01
2.258750578467804814e-05 -3.237518288996204534e-06 -6.835793234460403730e-05 -1.619915567073868694e-04
4.100607589241153095e-01 -6.378607187896675468e-01 4.549130304002083763e-02 -1.092702737998396012e+00
-5.486808547254919954e-01 2.868361542117493501e-01 7.786465018870925014e-01 -1.304027177779955027e+00
3.226378518555749516e-05 1.780238586239014906e-05 -7.799449841325867554e-05 -1.867103069836262427e-04
6.027914604672419686e-05 -1.098532585740296298e-05 -3.642565156390521714e-05 -1.597075132950068481e-04
-1.619709655824664862e-01 -2.517116829759009078e-01 6.017872306430273044e-01 -1.136948586006067963e+00
1.858173453885910570e-02 9.085814063557377460e-03 -5.701313084584078150e-02 -1.709399382837460679e-01
6.145793310611676052e-02 2.644997778254496498e-03 -5.829390338552256634e-02 -1.437897186354992196e-01
9.199946706443190916e-03 -1.065532132219622619e-01 3.252689694463480885e-01 -9.547546547202260259e-01
1.819347018272817265e-02 -2.242387451943403040e-02 -4.115379222866337450e-02 -1.383527388627029675e-01
8.366895050278418643e-05 8.984405020150904920e-05 -8.213762625173141115e-05 -2.177564085643473864e-04
3.421363329505815454e-01 -6.234190180571722584e-01 3.764126410342300555e-01 -1.240265238684896687e+00
5.453954767389498914e-02 -2.407166594682054184e-01 2.184370122980785756e-01 -7.964527225461583981e-01
-3.645162275347519909e-01 2.932698859918071721e-02 2.545377524973170269e-01 -8.430497285821312303e-01
7.477081778105276744e-01 -7.179938718367185890e-01 -4.222352525796084222e-01 -3.794482697341753363e-01
4.452571324597971822e-05 2.378220897427573005e-05 -8.114277706882247270e-05 -1.766108187181105100e-04
2.854140674187016183e-05 2.210465620695349487e-05 -9.045794161067947459e-05 -1.491229559618423598e-04
2.639947233039329766e-01 -8.310163846551529843e-02 2.187340155237658262e-02 -6.894674108090222964e-01
-7.364626251832294412e-02 -2.801726371129640292e-01 3.838261437036313839e-02 -6.741809167401240366e-01
8.102529251179547976e-02 -2.602737226203181153e-01 5.999219939113662470e-01 -1.096582950768235420e+00
4.759266490648000197e-02 -1.342340328081698120e-01 -3.099235093630188856e-02 -7.004483806857184636e-01
3.117457535904257782e-01 -5.255473017608683906e-01 4.449993969600868349e-02 -7.084579002175227513e-01
1.507757592024753512e-01 -4.315138089554602097e-01 4.134929505827939500e-01 -9.915928594510259320e-01
7.341840106058733603e-05 3.917717686619460375e-05 -9.602513821295655854e-05 -2.194233217783911805e-04
-1.763176920053061980e-01 1.288532342939680692e-02 5.549968698775723519e-01 -1.166788382023111525e+00
-3.867709541077656715e-02 -2.150185163951949807e-01 -3.498710507278428306e-02 -6.760933937370916524e-01
1.146526099905169904e-01 -4.333888305056880497e-01 -1.223632053020777682e-01 -5.953217422150716143e-01
8.242501305239110197e-05 5.924883172737811099e-05 -8.117093328165761413e-05 -1.900922526373318940e-04
3.540545675486030108e-02 -1.789503167478553869e-01 2.266868234198274046e-01 -8.411820677960347714e-01
7.691805235006288102e-05 3.707304720703754350e-05 -2.740852668751171819e-05 -1.489118687881865993e-04
7.735911260442801529e-02 5.124119673503121919e-02 -4.103511538014613380e-02 -1.768045335549784380e-01
-1.237347725992602038e-01 -4.029164127570970533e-01 2.759905958788221869e-01 -9.145895552199667655e-01
3.418088102751544732e-01 -5.664347754581683381e-01 4.277760201827154884e-01 -1.217494559142466626e+00
7.380901553346103029e-05 6.060585796157697312e-05 -6.120221856199166703e-05 -1.637610733337431913e-04
-4.495608805071138470e-02 -2.555142187090243544e-01 -1.333481058258352281e-01 -5.421465703458597796e-01
3.976654195013702431e-01 -6.463939461353268578e-01 4.950484642012029646e-01 -1.174725873398444920e+00
-2.521742648191634406e-01 -2.332372347209201169e-01 9.625963559440953166e-02 -6.011289626521496565e-01
3.657382443046647150e-05 1.202755635279388915e-05 -7.086026275735710079e-05 -1.548172214374873975e-04
1.493908825214394223e-04 9.465164781180277561e-05 -1.244976163069601077e-04 -2.675125960660336855e-04
-2.711802747964589509e-07 2.177127715659119423e-05 -5.914333081346609758e-05 -1.432885711489324441e-04
6.403017378751894029e-01 -8.293465884338132588e-01 2.338010775430345300e-01 -1.054322993317346358e+00
4.179200377666746069e-02 -1.759273792435452621e-01 -5.438150527832501940e-02 -5.563120218346663259e-01
3.481384086658574541e-05 -1.658018031190694563e-06 -2.162884470076888258e-05 -1.177811610487150432e-04
1.132807456725614011e-02 1.045099001720302574e-02 -2.661434555951645853e-02 -1.504057486098383800e-01
2.823628090439683191e-05 2.898087655864982302e-05 -9.989575240320051235e-05 -2.341913406193828998e-04
-8.961065974898987929e-02 -9.851412788205801338e-03 5.182524685708579659e-02 -6.432178313348799747e-01
7.931473054049614530e-05 5.318322356289216610e-05 -7.042327394982864205e-05 -1.586202859256000326e-04
2.983278308218019204e-01 -8.764272525401217706e-01 2.141543756730968917e-01 -1.035801561422163175e+00
3.766240286537836934e-01 -4.983704518793184435e-01 -1.177634717708146150e-01 -7.575706563967047336e-01
1.101499146963477033e-01 -1.389368936320769521e-01 5.637458961961808734e-01 -1.266318252306580350e+00
5.024792079117348101e-05 5.288748337739802830e-05 -8.029196108605733077e-05 -1.147198529945771364e-04
1.685795645536702914e-01 -1.445072195505215512e-02 -4.374731123856491488e-02 -7.637506746994403573e-01
-3.481426886283021938e-02 -3.673382036592536815e-01 2.196365575430054840e-01 -1.026412379542233078e+00
3.927863436244032058e-02 -3.202111184727816640e-01 7.039983791058265772e-02 -6.633738846877845763e-01
2.357668779342485532e-01 -4.483078131130366906e-01 6.157277673094573300e-01 -1.273696308702475744e+00
2.759618587684446456e-01 -4.563679499535809869e-01 3.190990880021817716e-02 -1.057443146454155380e+00
1.791377971916997824e-01 -5.061282000801959891e-01 3.619056735707883998e-01 -1.140747823642065173e+00
2.454458539472888093e-05 2.007937158445072807e-05 2.458454115275004856e-06 -1.135423421557560982e-04
2.644114502753879270e-01 -5.456408054756991532e-01 1.647475987896649119e-01 -9.696539803712483918e-01
6.116476830611534228e-05 5.178936307286433012e-05 -9.848570195663188952e-05 -2.068101239949497044e-04
1.404986761105117463e-05 2.022196053518092982e-05 -6.328200024218940138e-05 -1.922162030862778199e-04
1.548172236107912087e-03 2.305047132615982170e-03 -6.556837293047949877e-03 -1.638242595654012396e-02
5.166307854039712266e-01 -7.263640968175711921e-01 1.314731219246069970e-02 -9.288116880142111009e-01
2.088306805413352174e-01 -1.916410710701384745e-01 1.826215765474920594e-01 -6.668084072971113274e-01
9.820993936383127926e-06 2.015496522571910292e-07 -7.634603297375499665e-05 -1.568512408816467212e-04
1.761716165283764855e-05 5.684870617378694684e-07 -8.273114924842850772e-05 -1.646540425409649178e-04
7.003947071693524982e-05 6.450065043008682063e-05 -6.983332335117169176e-05 -1.316270884603735938e-04
-1.231498230781280702e-05 -2.193658682061909999e-05 -3.788161238255323470e-05 -1.956159373440100849e-04
9.051620384477010960e-05 5.299604846903805381e-05 -8.456334152569864161e-05 -2.131158828964590352e-04
2.899556486336019034e-01 -7.689131907995468973e-01 5.278660594404716022e-01 -1.320040903881893657e+00
4.736610466158585053e-01 -5.889497564925296746e-01 2.667790935206501568e-01 -9.501820648354042387e-01
6.870417852977219483e-05 4.236571570687812664e-05 -7.877246938433757480e-05 -1.645848071189716009e-04
-8.309402603210343241e-02 -1.360424120237724299e-02 -5.705754366192422600e-02 -5.281126437780745420e-01
-5.560290291567702298e-02 -2.993924796599766736e-01 2.761706603831818319e-01 -9.617182980848547613e-01
1.962334286970647823e-01 -4.197931457736522320e-01 4.294262442685189418e-01 -1.253999736863147474e+00
2.107417860390175743e-02 -1.950119762859995054e-01 -1.116700687900843841e-01 -7.857865644322064025e-01
4.392126857122330419e-01 -7.178544921204861318e-01 -5.388391831878690946e-02 -5.839973378412237626e-01
1.890511935997863865e-02 1.593853915524931844e-02 -1.812457492155207517e-02 -1.735504888932785372e-01
4.324007842818896608e-01 -5.458797256922650609e-01 2.015724764012608305e-01 -7.045770492359213488e-01
8.711990272032221760e-02 -1.622522657497135756e-02 7.303557707309338287e-02 -6.681840118059632072e-01
1.488638289493584427e-02 -3.098282545806167396e-02 -3.088464853352567915e-02 -1.406280028185200592e-01
3.427164499372613749e-05 9.257863245711364834e-06 -2.231228489842349263e-05 -1.174909892629353648e-04
-1.468579438283880434e-02 -2.200301784406613337e-01 -6.632322306241802967e-02 -7.033826946945189729e-01
5.573391782981788889e-02 8.729131718631509551e-02 -8.078167057983240418e-02 -2.251136151728093115e-01
4.539984190510252260e-01 -7.406726061297984609e-01 2.600079464853707334e-01 -6.901007758104339418e-01
1.223829457092471141e-04 9.553369724450142865e-05 -6.573438054432328460e-05 -1.810922456854032489e-04
4.891362288932809302e-05 1.843367596865846337e-05 -5.822238277441334751e-05 -1.909331234382477516e-04
7.432703646511014117e-01 -8.844240104312364181e-01 7.894013244547651298e-02 -7.136405582056150054e-01
-1.004684775573556343e-01 -2.974677084206235333e-01 -3.833890362483120817e-02 -8.590828817422638819e-01
-4.707358873922349862e-01 1.643036345960776357e-01 3.585676552408925133e-01 -9.460464105190793394e-01
-1.556573739059152472e-01 -3.509965759056805218e-02 -1.036412846976891289e-01 -5.460272920770278260e-01
2.192134684020060620e-01 -4.942580191320257166e-01 4.400627192358814166e-01 -1.038930812176603879e+00
1.937844255625579271e-01 -2.832432494389664490e-01 -1.159250376368169411e-01 -6.526700555276320204e-01
6.109781605967357294e-05 3.677758250548860460e-05 -5.592200814035919995e-05 -1.840695431595571830e-04
6.430941873108478280e-05 4.105008604126718456e-05 -3.213554506476661992e-05 -1.712113609182449410e-04
2.435817264150881201e-05 2.942267688534013398e-05 -3.712436417485320242e-05 -1.828024998095350705e-04
5.724547081635324683e-06 1.135323434250327082e-05 -6.427464359742649381e-05 -1.304297125164832543e-04
1.137112867426255300e-04 7.483223564197091988e-05 -1.001324556095798177e-04 -1.922552015994587063e-04
-3.995394084457130901e-02 -6.487724772859700118e-02 -1.184425953214524041e-02 -9.231267533938639080e-02
4.303936930853177190e-01 -6.851216003437406998e-01 4.187807732794103233e-01 -1.559369316441193476e+00
7.527654672668831115e-05 3.707901505201565253e-05 -1.675857987389214009e-05 -1.393060005456431586e-04
-1.376420515807518993e-02 -1.110702463173227211e-01 -8.608940150996333140e-02 -7.115050094127522984e-01
5.841956610005387407e-02 -5.344905609481298558e-01 7.137969255948981573e-01 -1.511287787397006310e+00
1.099658002417319377e-04 5.991350272623570199e-05 -1.097603595246012312e-04 -1.671921122946819433e-04
-1.223902762642248010e-01 -1.706592386642176717e-01 2.233379220655097586e-02 -5.601003499640645478e-01
-1.371872363453699728e-01 -1.741693547075272852e-01 4.946030267012305193e-01 -1.108021432098796888e+00
8.895887197856992726e-05 4.702384914616849397e-05 -7.747704798458683454e-05 -1.695644492084058021e-04
1.270880845785907209e-01 -3.637572918468258698e-01 4.420345408721759184e-01 -1.220707718152084231e+00
4.639448612515593984e-02 -7.607593570118441340e-02 -7.406224961375749982e-02 -6.545681273042880388e-01
2.240675683655921901e-01 -6.086560550932169633e-01 1.145176916344860379e-01 -9.048497939255225608e-01
-4.721492390676933389e-03 -3.581672901981485663e-02 -1.039395109863885946e-02 -6.103844296706180395e-02
2.761387758663369496e-02 1.051060912505021733e-02 -8.234542713448399220e-02 -1.602473032688224719e-01
1.192228796143880581e-01 -4.332769102675030348e-01 8.029888694318880471e-02 -6.776800056804261896e-01
2.419194397272059552e-02 -7.535031278711906699e-02 9.123340150366904266e-02 -6.727695081942712818e-01
2.078319506545235063e-01 -1.658917364132144745e-01 5.500383618126142293e-01 -1.597567542997762935e+00
1.674512586120110308e-02 -1.440369387910798125e-02 -2.237334986730021846e-02 -1.059463972741045840e-01
1.336554359965547722e-01 -1.703997502063694380e-01 3.455470521273742990e-02 -5.172505771312821965e-01
-2.842167475684664324e-01 -4.321417747851350605e-02 6.529434884398191974e-01 -1.299344524653491595e+00
1.212589716063184470e-01 -1.215761211879714948e-01 -6.735690631279199481e-02 -6.827064974452434765e-01
4.125282785707997741e-05 1.802727209553172606e-05 -8.670682986726552927e-05 -1.940330059750315086e-04
9.457048610203167146e-05 8.695191321566259686e-05 -7.313801438847342129e-05 -2.176560441863503975e-04
3.973016751363165591e-05 -1.881534074492797931e-05 -6.661898317912660471e-05 -1.686320027157720729e-04
1.270283963168269137e-01 -3.592229381237824759e-01 3.567495061301904635e-01 -1.348532057243573723e+00
3.451375501533457440e-05 3.245689703801890716e-05 -2.642684046019761680e-05 -1.647661813642220356e-04
-2.194523033227096728e-02 -6.477873118742533132e-02 -2.985141951079121891e-02 -8.528472521018587438e-02
1.702338541608283407e-01 -5.657943026733784908e-01 3.781579847832887142e-01 -1.090343416795715115e+00
7.145005814196848937e-02 5.286882463278486793e-02 4.299505744048245925e-02 -7.997130001778715025e-01
3.835404227013849282e-02 -2.181399373143516618e-01 1.209662593115717368e-02 -7.887051401330390510e-01
-6.057098038064496343e-06 2.069602029705151482e-05 -6.465664946389612763e-05 -9.157348554389503322e-05
9.123229378525721299e-05 2.967197502168088803e-06 -2.993720281392338217e-05 -1.517017708088004037e-04
-1.428449165860088688e-01 5.046412398304630370e-02 2.074228632048719934e-01 -9.465673561525252966e-01
-2.653935685738922912e-01 5.970852422828089312e-02 4.205039254173622010e-01 -1.126710307877573092e+00
5.330524474786165756e-01 -9.515226147466321338e-01 3.424920127064050301e-02 -8.516343676383899552e-01
3.653746011721847320e-01 -5.989910684367261151e-01 4.205678487200418814e-01 -1.183302820677141209e+00
6.939776685609911548e-05 4.290532841798085643e-05 -1.029172904910148596e-04 -2.003303812212893194e-04
6.603088004568656855e-01 -1.061795079002451292e+00 -1.600114297106442485e-01 -8.496210535761884453e-01
-1.396306756296564755e-01 3.463005981444916559e-02 4.626037642058075661e-01 -1.468001048506405004e+00
3.204959239343303838e-05 -2.862724452450269484e-06 -3.020352835731637613e-05 -1.562703731228288779e-04
9.818669706449145699e-06 1.220590675062225203e-05 -5.239981571962616837e-05 -1.218928603367197035e-04
1.350484468064465371e-01 -1.496533923131030674e-01 1.137245464021825608e-01 -6.552755006674406690e-01
6.876377187442518082e-05 5.632637200108479852e-05 -5.786977453050476644e-05 -2.144547483559145265e-04
3.917706481779906214e-02 -6.167425627432517876e-01 3.427317794170546827e-01 -9.653058009536032991e-01
5.182062589037691563e-05 3.473703356895551357e-05 -4.183052882707675139e-05 -1.646391435001870278e-04
1.168399270607464457e-01 -1.083765080346580090e-01 1.369107381646542110e-02 -6.665210919389045197e-01
3.639909364030934150e-05 8.990671727091856266e-06 -1.032552564023821954e-04 -1.633276553610657933e-04
3.200891644265575764e-02 -3.089062861486900347e-01 5.449185549284611962e-01 -1.123867760227578394e+00
2.879638921973087240e-01 -4.400964131265415191e-01 1.478806132732130851e-01 -5.026668180089857163e-01
6.764196448972060473e-05 3.884493943423065240e-05 -7.629257916344118497e-05 -2.231210807418928610e-04
5.645915524802883815e-05 3.779855478324044477e-05 -1.147451584592181590e-04 -2.147866285720048977e-04
-4.220922585446148373e-02 -1.252990777452965554e-01 2.645189494962113530e-02 -7.269588497106439506e-01
4.223091041735780194e-05 3.107002813468674512e-05 -6.853514586452368659e-05 -1.946121854641597222e-04
6.753030899424741218e-01 -8.215905401565044563e-01 -3.681619192853877870e-02 -7.999125740747925484e-01
1.213761931816580055e-04 5.321184918328434173e-05 -4.408325369635704470e-05 -1.898064002569129459e-04
-1.684736110202784409e-01 -3.861799187757054552e-01 3.912928256141508521e-01 -8.891657893315552119e-01
-3.943321356951414169e-01 1.417573733360692478e-01 2.046728024844036986e-01 -1.207153343912167331e+00
7.984438820445134905e-05 6.556159704567840420e-05 -1.290092504797586226e-04 -2.265280935577894828e-04
6.227253142061614510e-03 -1.727330584515247500e-02 -1.227763714562758041e-02 -1.170727936230560734e-01
2.993632139037180270e-02 -2.728307424636519096e-01 4.672646982888550293e-01 -1.218139109765954853e+00
-2.279741488026641172e-01 1.004622084899948337e-01 3.082774177920469261e-01 -8.639841832013490652e-01
5.008161842449997403e-01 -8.088538111542556974e-01 2.153864632750771002e-01 -1.062940351940717232e+00
1.410847183632564505e-01 -3.323909920261322037e-01 4.263244777136498964e-01 -1.458239944904379026e+00
9.994742071313460208e-02 -4.797869396671833320e-01 2.661058909511940795e-01 -8.134255651808776078e-01
2.312643324389325361e-05 2.168026186452103995e-05 -8.191321184340574595e-05 -1.706936384719152304e-04
2.553081884558554560e-01 -4.483004975439321971e-01 2.232052643654505175e-01 -8.306369393728201267e-01
1.646665567285719167e-01 -3.671440234318511936e-02 -4.127923941048947110e-02 -6.408931476334959187e-01
9.013579909861601667e-05 7.527616836082986422e-05 -7.244759532629209430e-05 -1.701991374887139915e-04
-9.447323316066694177e-02 -2.384739828970305620e-01 -1.302712411799287484e-01 -5.077208156961544594e-01
2.346629574299493870e-01 -4.076952907033169482e-01 6.391043479468038191e-01 -1.118608706926956575e+00
-3.662064728240957412e-02 -2.213707361709209634e-02 3.973022984388676626e-01 -1.337830926338114956e+00
1.072974114848694116e-05 -2.410326673254239429e-05 -7.690954761040941592e-05 -1.579618912587401236e-04
6.379653393941376871e-01 -7.752246616457353356e-01 -1.602179128427828891e-01 -4.098176924451013559e-01
9.457624528359595471e-07 1.943236885195272429e-05 -9.786901277649274859e-05 -1.993284731138248909e-04
-3.591168743741981334e-02 -1.213053969476056704e-01 6.369350465204060008e-02 -6.363139392857432020e-01
9.029302977681999409e-02 1.937902017545160491e-02 1.974949696188221526e-01 -1.124745155048246126e+00
3.090181072619725411e-01 -5.777157131289465397e-01 5.666179834539805116e-01 -1.180140000855439908e+00
7.767289559815475797e-05 1.840239873772904058e-05 -8.822375635704390309e-05 -2.202823308613002199e-04
7.522652029500064008e-02 -3.654648646328138573e-01 7.629081932444773395e-01 -1.288885770147118137e+00
4.821635342774611516e-05 2.728875414838882502e-05 -9.684608131000328681e-05 -1.872221000208602914e-04
-2.403202340297566283e-02 -2.220661799486612492e-02 -4.678376717348419617e-02 -1.314263827332211587e-01
5.492016862429108064e-05 4.096395084259069926e-05 -4.299080701244148515e-05 -1.543177059936067896e-04
-3.380802330457401139e-02 -7.902158038203934698e-01 3.398297479862149029e-01 -1.210821454958006527e+00
-6.699977050151512473e-03 1.485664048091124012e-01 2.525005764987638211e-03 -6.389635610730414195e-01
2.918611050775738458e-01 -2.297514081450441059e-01 7.769403989972011038e-02 -7.127657462031310454e-01
4.572893886594489495e-05 4.099621997122970634e-05 -6.108176515663262733e-05 -1.402728875976105784e-04
3.109994503126628995e-05 9.343409123845751744e-06 -5.660090969413356636e-05 -1.605941140709969933e-04
-7.437423004362173073e-02 1.717176215265183575e-02 4.695101774011845586e-01 -1.257688099838801588e+00
4.982583368330385787e-02 -2.361415074820232551e-01 1.417550858876247266e-01 -4.778855564272787571e-01
6.575031125723734978e-05 4.613623818823058665e-05 -3.854189202024301935e-05 -1.485262363402069610e-04
1.758913338343686197e-02 -4.346851520649623879e-01 -2.988413088820006391e-02 -7.502493314958316173e-01
6.542122788168519749e-05 6.284824458498940636e-05 -9.827188135175495953e-05 -1.942992029273133173e-04
-1.619375737818244676e-02 -4.817264922558229384e-02 -1.698067529357262517e-02 -1.118240650448878021e-01
2.041281583843594890e-06 4.076587794646711991e-05 -8.774322567113584806e-05 -1.614034312676988932e-04
5.756572825410840588e-01 -3.919643211213603151e-01 3.877129920797249274e-01 -1.292012132300770944e+00
1.108512624285320908e-01 -3.343719929017059944e-01 4.960104357539360520e-01 -1.069836213940483116e+00
1.196783459183635157e-01 -1.788536533362931891e-01 -1.052431771891265688e-01 -5.959066834376599564e-01
7.032325072228998630e-05 8.030954875883808658e-05 -6.178563634777944815e-05 -2.059653570794968142e-04
-1.422031614285523479e-02 -5.203648509111958864e-01 -1.063981001068054766e-01 -7.395220678405263204e-01
1.059571784235075652e-04 4.778773812765393719e-05 -1.123692826763980981e-04 -1.816751063773881379e-04
1.240944200071056741e-01 -9.848163227972350775e-02 6.284441891566531213e-01 -1.055602132795140813e+00
-2.318082510462964596e-01 -9.696391283257980998e-02 4.847757022322531362e-01 -9.948131037479500671e-01
-5.691476952302183291e-03 -1.917279762169513402e-01 2.767455995851842432e-01 -1.353480215306259504e+00
9.515681337438155335e-03 1.097108159414642188e-02 -3.146490703517398901e-02 -1.410040810441327008e-01
1.333577264133279372e-01 -2.111993807873147611e-01 1.092201043886864148e-01 -3.824266959591333115e-01
6.027973374881695132e-05 4.613140066871646922e-05 -7.983027086104172527e-05 -1.903597929067073853e-04
4.546386799239677812e-01 -7.555554903860135507e-01 1.573763011745771268e-01 -9.711439764694216326e-01
2.528032924720424388e-02 -1.573781379350431414e-02 -9.623134705994823568e-02 -1.862142356618164130e-01
4.548954322605380796e-01 -6.569613188609353394e-01 1.987698643640929685e-01 -7.793827394567811595e-01
5.988596150314187683e-02 5.404868561328192433e-02 -6.308291869427415377e-02 -1.863876266572984386e-01
1.206401898767002351e-01 -3.439215608267810476e-01 1.338147669254598493e-01 -9.268274931471780498e-01
-2.926099043963582558e-01 -1.785977157857978476e-02 8.165430433474220040e-01 -1.107765255165454654e+00
-6.224505264772760766e-06 -9.220228347950270868e-06 -9.780035298893706300e-05 -1.614854384548784999e-04
6.282613491926829219e-02 -1.548826611056824676e-01 -9.404406821146191198e-02 -5.086567508861505882e-01
1.128384159416436964e-04 9.324902384924369382e-05 -5.424605423217315021e-05 -2.459713845923707475e-04
5.665172157075736015e-02 -4.047328027029395425e-01 5.399314748412326059e-01 -1.100613649221926282e+00
2.092185483840253157e-02 -1.959007759696159562e-02 -2.843445028148339562e-02 -1.309990995712732587e-01
7.264160213463167690e-03 -1.298014286319306432e-01 7.621348035645744701e-02 -5.301549395071715187e-01
3.317890754865712027e-02 7.668496720562142932e-02 1.634763270588061035e-01 -7.011136039070531289e-01
1.241790818072015885e-04 6.636291767605335089e-05 -8.856374714466049719e-05 -1.723344270813558020e-04
2.171891011646606348e-02 -6.583211072315793277e-01 3.767363298264753690e-01 -1.377668506171973117e+00
4.901683088986854425e-02 -2.287614337766349371e-01 -9.130835231545247899e-02 -4.695286808212785212e-01
7.681439539977095166e-01 -6.468240605992556791e-01 3.050156522636093270e-01 -1.348087451273306980e+00
1.730855312011243003e-05 2.652492578446535341e-05 -9.666660311411405602e-05 -1.829279486015868129e-04
2.342670347653487972e-01 -7.626817497973927829e-01 7.211294532592472661e-01 -1.208582759692000019e+00
-1.949676611433443993e-02 -1.472693044877217659e-02 -4.433307345728382948e-02 -1.144966552759337924e-01
2.859638688033327292e-05 5.565011741358127608e-05 -1.032837758891939244e-04 -1.728599152336435447e-04
-2.694709654481220948e-02 -3.153368163086809339e-01 5.536621130597752655e-02 -8.665668243937463266e-01
-4.362809328511320639e-01 3.038035139279116614e-01 4.343492503578548769e-01 -1.078770666619890406e+00
6.235593679164269361e-05 6.446801179361121980e-05 -1.009531083052799943e-04 -1.533855346776963737e-04
6.051279485231555455e-01 -6.176615243531854427e-01 3.504128687166515599e-01 -1.160889814271907738e+00
3.934531918616381296e-01 -6.975476029731413341e-01 8.662739891589270325e-02 -6.231269822674355696e-01
1.233973006226861263e-01 -1.639366802985338378e-01 1.160053964291638678e-01 -8.128609037826899364e-01
-3.820819107530681880e-01 8.566719417439920548e-02 4.093905673523987043e-01 -9.539319774793619811e-01
5.247514694165396874e-05 1.902109377169915565e-05 -3.613636753273015564e-05 -1.364485391446192814e-04
1.893990213170415604e-02 -4.464620846846455160e-02 -5.513412659237933861e-02 -1.253247736574851223e-01
9.978259577608609987e-02 -8.822559746522916357e-02 1.657303805931555907e-01 -1.037462904621099913e+00
-1.828715953572270306e-02 -2.890836629360953383e-02 3.683185785205077001e-01 -9.154321176993647224e-01
7.644274093219962513e-05 6.158064935524512878e-05 -1.133298084949776709e-04 -2.178832073685178252e-04
1.357870215396678737e-01 -3.378866724162198909e-01 1.987209373901310805e-01 -5.958160138842465425e-01
1.670070138481434818e-01 -6.488650294805342611e-01 8.356245185144686727e-02 -1.276466994488495654e+00
4.145804945582324793e-05 5.691449874079867285e-06 -2.226322720444219751e-05 -1.864892012581854334e-04
9.909183758112068141e-03 -1.105437102141317192e-02 -2.792119783408362685e-02 -7.375968244878916558e-01
2.465769610115377416e-05 3.317564074539390372e-05 -1.220800872953760297e-04 -2.251411408981194163e-04
1.076588870127707376e-01 -3.850921949156561053e-01 2.900032435514574014e-01 -7.639039448291535805e-01
-1.401253837308254202e-01 -2.796615379179432370e-01 1.533691545246070320e-01 -5.188305975583843432e-01
1.052405558625129078e+00 -7.925331151154680898e-01 1.610793734152432821e-01 -1.005234072509398668e+00
1.451535861379151492e-02 -1.656094468227203853e-01 8.389425427665796187e-02 -6.768277626219987297e-01
6.206289457517386911e-05 7.972324343243231560e-05 -1.085510811200235247e-04 -2.396293222584526083e-04
1.974194502955650687e-01 -1.389804038559103450e-01 -6.373046132968820943e-02 -5.541461771430992167e-01
1.489841803487273464e-01 -4.588141134848448544e-01 2.921667814927190188e-01 -9.645682262461232614e-01
1.448890590694219271e-01 -4.044860844116032195e-01 2.748797636763976038e-01 -7.961656533291339155e-01
3.279752260733113656e-01 -4.801941848928890089e-01 3.411125763300477676e-01 -1.265837417069214821e+00
-3.750518009496701249e-02 -2.454222735400979349e-02 -2.521228067897352335e-02 -1.011934786396079394e-01
2.917044479910932409e-01 -3.920697399726886245e-01 3.131930577633693091e-01 -1.135539717800450488e+00
4.848786418196451287e-01 -4.890392668708091750e-01 9.428930488439114799e-02 -6.947945381654198060e-01
3.315701620856780076e-05 3.135469595703283978e-05 -9.681880848997812504e-05 -2.052625106690233450e-04
5.949327406926976369e-01 -8.481131084319788460e-01 6.218386591274874808e-01 -1.061407011402329070e+00
1.339885589885906336e-01 -1.060084497221147337e-01 7.041710620707102020e-02 -5.359293049758511174e-01
-4.218368038311474943e-02 -5.857419690655116945e-02 -6.238748986171943622e-02 -9.974124451829889659e-02
1.903354520788296255e-05 3.317519113915769695e-05 -1.102813904949575061e-04 -2.104335503199544787e-04
9.817731340539513369e-05 1.096551142666258444e-04 -9.699028018974556898e-05 -2.607375667962251150e-04
1.004575406757458600e+00 -1.013559585273204444e+00 -1.490166236918137044e-01 -6.157278795367444602e-01
8.563633915776790141e-05 5.127589297715155287e-05 -2.568711159039456827e-05 -1.926977545602040346e-04
7.249927427256956571e-05 6.696169250457328242e-05 -6.940361978001277925e-05 -2.158980206351217431e-04
-7.746562328918965568e-02 -5.091762284745789957e-01 1.055908068287001733e-01 -1.248416435467994523e+00
-2.324296676808891848e-01 -3.608686123620665626e-02 5.216169366964971965e-02 -4.143030261708148809e-01
9.495764832426888287e-05 6.033963364430848389e-05 -8.754418142629742086e-05 -2.359585880164741147e-04
1.982649549404868483e-01 -3.995071316458235766e-01 2.293001080868089722e-02 -5.678835414524474601e-01
-5.946276464500666243e-06 -3.864538357885756719e-05 -5.601565230640982685e-05 -1.649327395272534125e-04
3.161981596378227177e-01 -6.154144828125825972e-01 4.738950296327390510e-01 -1.226254085251388570e+00
3.225722705603470631e-05 6.552410983573794887e-05 -7.964159868480227302e-05 -2.028072154058798446e-04
1.426503814271410362e-04 1.115768110866725604e-04 -1.163473811126354037e-04 -2.651984574961460195e-04
3.945202271974491623e-03 -3.357887258645481099e-02 -2.969070463802897866e-02 -1.113244743810748449e-01
-1.699894960625499690e-02 -2.138548792447296509e-01 4.503302924550016684e-01 -9.598992724556456579e-01
-9.628616137799840546e-02 -1.974911293113713884e-01 -1.145307005597283045e-01 -4.191444911148917152e-01
2.155539755078899888e-01 -4.013302792204613278e-01 4.104998244901563176e-01 -1.263986161079058812e+00
3.128039949819206855e-01 -8.313063711157812063e-01 -1.414064842005125222e-01 -8.083095339287030834e-01
2.825840640386832140e-05 3.135087586164296786e-05 -6.956570416582984174e-05 -1.656903763169667587e-04
2.116284507343422355e-02 -1.007453564860003904e-02 -6.003755707819478926e-02 -1.636423413573959151e-01
1.110151076197480324e-01 -1.387392537172860985e-01 4.709830067702685530e-01 -1.283509827789222957e+00
1.489325438284932468e-01 -1.520776836422351730e-01 6.295528271227505135e-01 -1.030679973529415205e+00
-1.274247346276939467e-02 -4.799933207754881331e-02 1.912509814329974855e-01 -7.784990120968192651e-01
3.703754961319171701e-01 -8.190888924544922345e-01 -5.795798676520676901e-02 -1.088271773859759817e+00
2.174010624935506661e-05 -9.810871647375098075e-06 -8.632384899652597481e-05 -1.325513942237339373e-04
1.973739207205533683e-02 -2.372360645977741045e-01 4.949288220228783564e-01 -1.024726818258480998e+00
8.127178741402218411e-05 6.170979971677803045e-05 -5.595115479542893004e-05 -1.932631826387003562e-04
1.130250369280515060e-01 -1.514897948170241537e-01 6.023243281554528927e-01 -1.308671776940780518e+00
1.551333645350433110e-01 -2.279297037291941053e-01 -1.778208201669624622e-02 -7.505672414854763774e-01
2.544978084470533812e-05 1.395279636638828435e-05 -4.143162102609693160e-05 -1.656227444268751315e-04
1.867606392352395839e-01 -5.756840890778177622e-01 6.635665039739781224e-02 -8.997172861956276302e-01
2.767286779287849233e-02 -3.943604915085893031e-02 -1.196498424633601482e-01 -3.123165900928097649e-01
-9.728178389701926110e-02 2.327737777541199760e-01 3.454990131609183557e-01 -1.147894696393799263e+00
5.576747977570336579e-01 -7.520468966772126951e-01 4.115439368255006669e-01 -1.024479119061973753e+00
-4.496835441522202548e-02 -5.214001640246567204e-01 1.099639109462734604e-01 -1.012800799538724705e+00
2.696144694441823808e-01 -4.391280574433241157e-01 2.649212160116616241e-02 -7.862662746259594382e-01
4.592412575873459197e-05 1.989991636364630393e-05 -5.314769847507614222e-05 -1.911519897833185652e-04
3.547131843143683794e-01 -4.221698659494064754e-01 4.624696867289642688e-01 -9.312177350173183044e-01
4.288585138708827821e-05 2.919900395417890948e-05 -7.972027949519649341e-05 -2.059178508998216455e-04
-4.860308676907232339e-03 1.565187148363049799e-02 -8.314128991239380650e-02 -1.695787427239376366e-01
6.186256591557960064e-05 6.559273428715318088e-05 -7.908382282026140385e-05 -2.172471589635526640e-04
5.465015013795810894e-01 -1.096332844607801782e+00 2.187156723731660535e-01 -9.080703471706935703e-01
