0.0 0.0 30.966213765956382531
0.0 1.0 30.790679651005767425
0.0 2.0 30.984093552091966473
0.0 3.0 31.021290055784291440
0.0 4.0 30.912037538005208148
1.0 0.0 30.916296175720752615
1.0 1.0 30.948899956880982387
1.0 2.0 30.914910226263746296
1.0 3.0 30.930225033281132596
1.0 4.0 30.972215013248355575
2.0 0.0 30.882558819139809714
2.0 1.0 30.847693128140726060
2.0 2.0 30.962802144020930228
2.0 3.0 31.055004957238097063
2.0 4.0 30.951493768124720418
3.0 0.0 30.940424955810335916
3.0 1.0 30.874518342727874654
3.0 2.0 31.038772244637328868
3.0 3.0 30.858082501795109920
3.0 4.0 30.935190636547080345
4.0 0.0 30.893023228684889148
4.0 1.0 30.932674525368032192
4.0 2.0 30.930229886184189780
4.0 3.0 30.940508524690081060
4.0 4.0 30.958351758861109460
5.0 0.0 30.970017711378769576
5.0 1.0 30.876090265606833896
5.0 2.0 31.009287933822729855
5.0 3.0 30.968921342572713229
5.0 4.0 30.914441473139362415
6.0 0.0 30.910994188525656057
6.0 1.0 30.847314680076710403
6.0 2.0 30.994145862079058418
6.0 3.0 30.999998968390187315
6.0 4.0 30.943100138799344734
7.0 0.0 30.941158049869748936
7.0 1.0 30.837057340864973298
7.0 2.0 31.013112431069011166
7.0 3.0 30.985696361338515459
7.0 4.0 30.957010420598695788
8.0 0.0 31.004653465924601363
8.0 1.0 30.984968478413712489
8.0 2.0 30.940869443210853973
8.0 3.0 30.888364960908219814
8.0 4.0 30.928865919235349224
9.0 0.0 30.968903134342248507
9.0 1.0 30.941029096134663234
9.0 2.0 30.958559078020329025
9.0 3.0 30.981398864979549757
9.0 4.0 30.937095404040682922
10.0 0.0 30.867867062926087840
10.0 1.0 30.874473290334503162
10.0 2.0 30.959708097568398699
10.0 3.0 31.046510157753047565
10.0 4.0 30.958489668130852124
11.0 0.0 30.922065969487576353
11.0 1.0 30.879062235303781137
11.0 2.0 30.986872422941857508
11.0 3.0 30.888371753240527084
11.0 4.0 30.959289753991743765
12.0 0.0 30.874523472626105303
12.0 1.0 30.930220137572344896
12.0 2.0 31.044147214765892784
12.0 3.0 30.916322026936391865
12.0 4.0 31.027703721343868892
13.0 0.0 30.823252100799560793
13.0 1.0 30.876109808467582241
13.0 2.0 30.972099615127817174
13.0 3.0 31.002825681130470770
13.0 4.0 31.037040860778706275
14.0 0.0 30.930372223794673658
14.0 1.0 30.911637276398749918
14.0 2.0 30.967445532796965324
14.0 3.0 30.792396141154252831
14.0 4.0 30.999995527108559656
15.0 0.0 30.999096743362336781
15.0 1.0 30.822456042589330139
15.0 2.0 31.018852085104839489
15.0 3.0 30.916278218129608746
15.0 4.0 30.958678757010421378
16.0 0.0 30.841844887158849531
16.0 1.0 30.846517502942742084
16.0 2.0 30.925572544685934417
16.0 3.0 31.055818612945227386
16.0 4.0 31.012825445505644240
17.0 0.0 30.950948632413464168
17.0 1.0 30.902332064723740501
17.0 2.0 30.954257248956078996
17.0 3.0 30.871727528851192091
17.0 4.0 30.999997882030225327
18.0 0.0 31.049526636955917525
18.0 1.0 30.869773163077017131
18.0 2.0 30.900814616029180115
18.0 3.0 30.925581355499069502
18.0 4.0 30.920253531435719196
19.0 0.0 30.907052895042319562
19.0 1.0 30.869767354024258310
19.0 2.0 30.958130676699028072
19.0 3.0 30.999999675802083487
19.0 4.0 30.922971913905495711
20.0 0.0 30.930225039312816193
20.0 1.0 30.922833027895517688
20.0 2.0 31.018600724705557070
20.0 3.0 30.918630025274111972
20.0 4.0 30.937097485665898233
21.0 0.0 30.921734267544021435
21.0 1.0 30.834472700942622936
21.0 2.0 31.042015281980098962
21.0 3.0 31.003527860548548034
21.0 4.0 30.879329830948840652
22.0 0.0 30.808791647335159070
22.0 1.0 30.861863913213888111
22.0 2.0 30.967441909172176651
22.0 3.0 31.029810553528591299
22.0 4.0 31.008293530966408724
23.0 0.0 30.895239340142797602
23.0 1.0 30.976739949006073971
23.0 2.0 30.897771907825720916
23.0 3.0 31.005435305182917460
23.0 4.0 30.907421963765219886
24.0 0.0 30.939864817250512630
24.0 1.0 30.869769825347290748
24.0 2.0 30.949020090550629192
24.0 3.0 30.969700166041356226
24.0 4.0 30.976851993590187817
25.0 0.0 30.910476343753138906
25.0 1.0 30.902316909001580569
25.0 2.0 30.916278701867192069
25.0 3.0 30.944026682673420936
25.0 4.0 30.994999234911219332
26.0 0.0 30.890717397421369128
26.0 1.0 30.879072337229704459
26.0 2.0 30.920931565485783921
26.0 3.0 30.906980498995807238
26.0 4.0 31.076970970491164081
27.0 0.0 30.957552519270976177
27.0 1.0 30.883708487954976363
27.0 2.0 30.990696703540361767
27.0 3.0 31.014524833852259889
27.0 4.0 30.833824084501220142
28.0 0.0 30.939238474563900638
28.0 1.0 30.920931779800017836
28.0 2.0 30.908901061961547185
28.0 3.0 30.921446517213915683
28.0 4.0 30.982984998002915944
29.0 0.0 30.987596660412485505
29.0 1.0 30.872865771981249594
29.0 2.0 31.023288017083213930
29.0 3.0 30.981730966006210792
29.0 4.0 30.990741625361366118
30.0 0.0 30.976782706425957770
30.0 1.0 30.894995669204138977
30.0 2.0 30.990420554978236112
30.0 3.0 30.967437959769167577
30.0 4.0 30.944052650366231205
31.0 0.0 30.898237667904925985
31.0 1.0 30.939322640681822918
31.0 2.0 30.941844550916453471
31.0 3.0 30.985877579924814285
31.0 4.0 30.912037712725638272
32.0 0.0 30.930235480302535223
32.0 1.0 30.857671267437812190
32.0 2.0 30.933036615978231509
32.0 3.0 30.980829221881858615
32.0 4.0 31.004625728279737729
33.0 0.0 30.911629564952367133
33.0 1.0 30.855814453470657099
33.0 2.0 30.962798741040664652
33.0 3.0 30.994091534214316397
33.0 4.0 30.979221849931576571
34.0 0.0 30.944179984844428333
34.0 1.0 30.874419219238202317
34.0 2.0 31.061703591604832297
34.0 3.0 31.031993588433707032
34.0 4.0 30.897589019910629560
35.0 0.0 30.914184527473711483
35.0 1.0 30.964214730255228858
35.0 2.0 30.906884710685176287
35.0 3.0 30.865121563912534697
35.0 4.0 30.986122413606008053
36.0 0.0 30.893013883573466671
36.0 1.0 30.819270015906536031
36.0 2.0 30.982493321905732131
36.0 3.0 30.982316897963467994
36.0 4.0 31.003466281119720804
37.0 0.0 31.034106396821790952
37.0 1.0 30.870784165711988578
37.0 2.0 30.944189845571003161
37.0 3.0 30.967008956348077930
37.0 4.0 30.837959777088563840
38.0 0.0 30.925328753673003490
38.0 1.0 30.936315281522780651
38.0 2.0 30.967443779839239681
38.0 3.0 30.991253552571674135
38.0 4.0 30.915565920117003884
39.0 0.0 30.918027064731777642
39.0 1.0 30.865109200689488489
39.0 2.0 30.976737353903796901
39.0 3.0 31.001230718282595689
39.0 4.0 30.932797945640704285
40.0 0.0 30.871580907182664788
40.0 1.0 30.945694285981463878
40.0 2.0 30.879083994926251222
40.0 3.0 30.916757336679882684
40.0 4.0 31.018518410602691660
41.0 0.0 30.897690585314830258
41.0 1.0 30.907981512839157290
41.0 2.0 30.887970259737539180
41.0 3.0 30.912049574253664730
41.0 4.0 31.079506411886509198
42.0 0.0 30.958067782365642273
42.0 1.0 30.811441926843464501
42.0 2.0 30.976745174529707327
42.0 3.0 30.905829176186568219
42.0 4.0 31.024340404152844997
43.0 0.0 30.987684651238399880
43.0 1.0 30.913475178439995261
43.0 2.0 30.911629355178778411
43.0 3.0 30.981398529091784155
43.0 4.0 30.912718279667043220
44.0 0.0 30.995349818619253313
44.0 1.0 30.918164894560540290
44.0 2.0 30.879085499219382172
44.0 3.0 30.981389661140013914
44.0 4.0 30.888891428363582037
45.0 0.0 30.966352952545506128
45.0 1.0 30.877802979815328399
45.0 2.0 31.041872038855444771
45.0 3.0 30.947536932043497870
45.0 4.0 30.893541864580182477
46.0 0.0 30.897464730922301612
46.0 1.0 30.865115133101213019
46.0 2.0 31.057903479423458748
46.0 3.0 30.905687097967064147
46.0 4.0 30.937041039304581602
47.0 0.0 30.946018502670302297
47.0 1.0 30.897669859968150519
47.0 2.0 30.944320859099111232
47.0 3.0 30.922959105597342955
47.0 4.0 30.912042805476179552
48.0 0.0 30.962812844880708951
48.0 1.0 30.922305378093092543
48.0 2.0 30.930017887130571097
48.0 3.0 31.038216283821892461
48.0 4.0 30.907127209880155050
49.0 0.0 31.057876194174426132
49.0 1.0 30.848509441102773820
49.0 2.0 30.883725761514646990
49.0 3.0 30.966676469682386852
49.0 4.0 30.879205848212674113
50.0 0.0 30.996400716862499536
50.0 1.0 30.813925719563780348
50.0 2.0 30.976740421091172095
50.0 3.0 30.955107440252355389
50.0 4.0 31.014193636170251267
51.0 0.0 30.887489908930241711
51.0 1.0 30.881175269254011795
51.0 2.0 30.930231807513276721
51.0 3.0 30.954097780008645202
51.0 4.0 31.016453620950169778
52.0 0.0 30.962797231165641421
52.0 1.0 30.860468671949899289
52.0 2.0 30.876405199645088118
52.0 3.0 30.972094210594129038
52.0 4.0 30.990947860428249783
53.0 0.0 30.905036981927118234
53.0 1.0 30.916725062110948841
53.0 2.0 30.945242696938393578
53.0 3.0 30.972094586042608455
53.0 4.0 30.933795183560889086
54.0 0.0 30.874417079805816400
54.0 1.0 30.808798493260237450
54.0 2.0 30.962685412626274939
54.0 3.0 31.038635523900047986
54.0 4.0 31.055805307576491714
55.0 0.0 30.939531664451010329
55.0 1.0 30.969173594330797528
55.0 2.0 30.897686354178642176
55.0 3.0 30.939563065762964555
55.0 4.0 30.924541177856315954
56.0 0.0 30.893038402119113783
56.0 1.0 30.879072112054242183
56.0 2.0 30.973748276762620435
56.0 3.0 30.980034382772746682
56.0 4.0 30.912042276454872791
57.0 0.0 30.897672720589774542
57.0 1.0 30.869762490994741455
57.0 2.0 30.981393991886811534
57.0 3.0 30.975709297645231288
57.0 4.0 30.997783880762323605
58.0 0.0 30.925573058678502036
58.0 1.0 30.868969348843325662
58.0 2.0 30.997571951418038338
58.0 3.0 30.939846833868479337
58.0 4.0 30.939812571285905562
59.0 0.0 30.919208167142571142
59.0 1.0 30.906976355615629615
59.0 2.0 30.911630262116705836
59.0 3.0 30.944101834689149655
59.0 4.0 31.055183580705801205
60.0 0.0 30.939590154385253840
60.0 1.0 30.908375917782404230
60.0 2.0 30.994092736097790919
60.0 3.0 30.990698362906311303
60.0 4.0 30.898149057735754042
61.0 0.0 30.838159003856102203
61.0 1.0 30.925949600045090193
61.0 2.0 30.964375097419338800
61.0 3.0 30.987231578406522203
61.0 4.0 30.962951152939975685
62.0 0.0 30.902314956862742434
62.0 1.0 30.867125113705149886
62.0 2.0 30.985758039829796928
62.0 3.0 31.019112060025182842
62.0 4.0 30.935179157649372428
63.0 0.0 30.966104706575514172
63.0 1.0 30.869762502876774590
63.0 2.0 30.916268527941671351
63.0 3.0 31.003539030615272054
63.0 4.0 30.980932108874750242
64.0 0.0 31.007312850806073357
64.0 1.0 30.911620850684407458
64.0 2.0 30.934890095412832522
64.0 3.0 30.953488079701998004
64.0 4.0 30.890844759820851095
65.0 0.0 30.892283377272629963
65.0 1.0 30.934886231149022251
65.0 2.0 30.924390890517351238
65.0 3.0 30.944187704968889818
65.0 4.0 30.998822639727407591
66.0 0.0 30.944182482008567803
66.0 1.0 30.893019350906346432
66.0 2.0 30.948841786563008327
66.0 3.0 30.896702001341157739
66.0 4.0 31.059316843215302839
67.0 0.0 30.985958919723245231
67.0 1.0 30.944182975801048485
67.0 2.0 30.869764782113257695
67.0 3.0 30.945305650688283094
67.0 4.0 30.998362601880781853
68.0 0.0 30.902479997192202177
68.0 1.0 30.975773520448605325
68.0 2.0 30.930232027795177885
68.0 3.0 30.887456747240385369
68.0 4.0 30.984748960372815674
69.0 0.0 31.047361152828603537
69.0 1.0 30.942684052258954353
69.0 2.0 30.925581280205516777
69.0 3.0 30.897966703062039073
69.0 4.0 30.985304544125270354
70.0 0.0 30.932629068867381505
70.0 1.0 30.902319553026909915
70.0 2.0 30.973692021181548739
70.0 3.0 30.967442466164182946
70.0 4.0 30.882244255743071193
71.0 0.0 30.865114818038399847
71.0 1.0 30.955365502926159849
71.0 2.0 30.895050334478828091
71.0 3.0 30.926162846118732119
71.0 4.0 30.995372166667735314
72.0 0.0 30.837212855129408240
72.0 1.0 30.944010664792081400
72.0 2.0 31.078424686787982978
72.0 3.0 31.002237781929633087
72.0 4.0 30.869065088416451914
73.0 0.0 30.895980339875386278
73.0 1.0 30.912565805599125923
73.0 2.0 30.995351205970372632
73.0 3.0 30.939530118424244165
73.0 4.0 30.976719616300066207
74.0 0.0 30.944185231165182159
74.0 1.0 30.855407650904922434
74.0 2.0 30.911622553474799702
74.0 3.0 30.865517800392147763
74.0 4.0 30.962979110334984512
75.0 0.0 30.939552119257392349
75.0 1.0 30.891603692315666052
75.0 2.0 30.955888993085793004
75.0 3.0 30.995361797706991069
75.0 4.0 30.965776210004150926
76.0 0.0 30.944085867194353057
76.0 1.0 30.896029073579981628
76.0 2.0 30.954614723110626784
76.0 3.0 30.963362832118544787
76.0 4.0 30.954378035878875153
77.0 0.0 30.827217289613095375
77.0 1.0 30.953492879645487790
77.0 2.0 31.023313546798714668
77.0 3.0 30.911448614220333297
77.0 4.0 30.921113969970846824
78.0 0.0 30.855816542305845473
78.0 1.0 30.828839263539116189
78.0 2.0 30.958416088183188464
78.0 3.0 31.030569170713636851
78.0 4.0 30.980255970217449146
79.0 0.0 30.868707479376883640
79.0 1.0 30.883723662719447134
79.0 2.0 30.990696912450399481
79.0 3.0 31.016725614783705822
79.0 4.0 31.064273972452337347
80.0 0.0 30.938708471279802836
80.0 1.0 30.953181015560982559
80.0 2.0 30.967450746641816295
80.0 3.0 30.972109609844451938
80.0 4.0 30.898293537604399006
81.0 0.0 30.893698072350517236
81.0 1.0 30.988198834374461654
81.0 2.0 30.918432656205077080
81.0 3.0 31.078935378936566991
81.0 4.0 30.893519818523142106
82.0 0.0 30.957648282705832798
82.0 1.0 30.886505244222544064
82.0 2.0 30.977045553568874681
82.0 3.0 30.948836256044401694
82.0 4.0 30.949790379606032076
83.0 0.0 30.968106586682164760
83.0 1.0 30.819976131126903596
83.0 2.0 30.893026034474374342
83.0 3.0 31.035674139257434234
83.0 4.0 30.971327431789710261
84.0 0.0 30.904650784323116852
84.0 1.0 30.813956022245701405
84.0 2.0 30.959239084567915512
84.0 3.0 31.017291752934305293
84.0 4.0 30.947894948139335725
85.0 0.0 30.905116091188400418
85.0 1.0 30.960108743265596587
85.0 2.0 30.986016467060537138
85.0 3.0 30.916280838225961958
85.0 4.0 30.912040051148714781
86.0 0.0 30.916272167746409849
86.0 1.0 30.914532118161236696
86.0 2.0 30.957014615279380365
86.0 3.0 31.037205886664828824
86.0 4.0 30.849991006510357749
87.0 0.0 30.855822815471910303
87.0 1.0 30.886887285461181563
87.0 2.0 30.991064975806722259
87.0 3.0 31.013497232891072741
87.0 4.0 31.013897997017402020
88.0 0.0 30.903592249356233168
88.0 1.0 30.879239712450107902
88.0 2.0 30.846472265318467976
88.0 3.0 30.976683516038683308
88.0 4.0 30.949091062321517853
89.0 0.0 30.963556463820463449
89.0 1.0 30.902332326799065498
89.0 2.0 30.937129341432733298
89.0 3.0 30.948849099191697576
89.0 4.0 30.928962711018783693
90.0 0.0 30.979469171564570473
90.0 1.0 30.883870893190181306
90.0 2.0 30.916293961733845919
90.0 3.0 31.019657051538288783
90.0 4.0 30.939817348262035779
91.0 0.0 30.838665701963272170
91.0 1.0 30.918201157060508422
91.0 2.0 30.978656179984923824
91.0 3.0 30.879704410457229358
91.0 4.0 31.046298512789192614
92.0 0.0 30.909735398077877733
92.0 1.0 30.826605550970175074
92.0 2.0 30.953491201461574178
92.0 3.0 31.051333201386167815
92.0 4.0 31.029775863135327540
93.0 0.0 30.860426395318476978
93.0 1.0 30.925584551926903032
93.0 2.0 31.023948661779709113
93.0 3.0 30.876739743160470653
93.0 4.0 30.894497797859635568
94.0 0.0 30.848747010960547499
94.0 1.0 30.897676327127332030
94.0 2.0 31.027919623811598626
94.0 3.0 30.961488751946291131
94.0 4.0 30.908666819290022687
95.0 0.0 30.925581510436089161
95.0 1.0 30.965419208582964927
95.0 2.0 30.905616652646173748
95.0 3.0 30.912240672617425474
95.0 4.0 31.044127672455029909
96.0 0.0 31.024349607062148948
96.0 1.0 30.948839003063998376
96.0 2.0 30.916284169332556075
96.0 3.0 30.924593180729921471
96.0 4.0 30.850052244606978036
97.0 0.0 30.911629166283475456
97.0 1.0 30.996577993126543049
97.0 2.0 30.905148075099223348
97.0 3.0 30.979554143287685974
97.0 4.0 30.980986216905254338
98.0 0.0 30.897679905647770227
98.0 1.0 30.918839448490743393
98.0 2.0 30.997561302081326318
98.0 3.0 30.880686959159135085
98.0 4.0 31.009267008543606181
99.0 0.0 30.858806751283104575
99.0 1.0 31.000244647267745535
99.0 2.0 30.948424740138658962
99.0 3.0 30.944186356610998700
99.0 4.0 30.972912595775866862
