7.618689605901079629e-05 7.778470417833962093e-05
9.619286155049098230e-01 -7.664390830703442514e-01
2.309150763388275185e-01 -2.463071736901750186e-01
8.685305681967320359e-06 1.837159402716885182e-05
-1.239584552239639504e-05 -1.740199581683552141e-05
1.089594705117840056e-04 9.887700715255056056e-05
7.033852229028469960e-01 -7.399150818570894295e-01
1.405942196229972296e-01 -1.923945479438778083e-01
-1.443275686170549799e-01 3.081157343198152598e-01
-5.108107227810723522e-06 -1.155961072031136779e-05
1.038576478705066240e-04 6.031723335925729762e-05
-2.672264035567832874e-01 4.168929109153716728e-01
4.274466008418592589e-01 -3.861588983284233167e-01
9.422026572148964124e-05 4.952058870517944716e-05
-9.509009751204844374e-02 -2.296141311385201667e-01
2.836374046988035524e-01 -1.429391528158724944e-01
-3.962701912341089509e-05 -1.794670441454443611e-05
1.063417269769485735e-04 1.170655595484502764e-04
9.537588679807956771e-01 -1.014085655252388474e+00
2.512240165997239340e-05 -2.234729402581292985e-06
6.726071229538881254e-05 1.274438760669623614e-05
1.364548159928317402e-05 1.495453668312334823e-05
8.076716240842104295e-05 6.133244760265336190e-05
9.310914839928073616e-02 -3.012626218314221616e-01
3.555980761481182806e-01 -2.807151878759683861e-01
1.705183538758580919e-01 -2.806312691649596180e-01
4.294058077802068718e-01 -2.470896923844128901e-01
6.059960383788902671e-01 -4.907034021406940782e-01
4.075777874806447705e-05 6.247800083120606937e-05
3.119770216530381931e-05 1.399485659371285025e-05
4.315007740127105862e-01 -6.782886363983766653e-01
5.779467474840184878e-05 3.432662422394167068e-05
5.752748498760257507e-05 5.596224719665109201e-05
9.141805583562531701e-02 -5.490287590493189707e-02
5.686646014978795691e-05 2.968580651381628378e-05
1.077049370434927911e-04 4.350563289558397441e-05
5.037458166869924564e-05 3.526135662933043704e-05
3.225007945361463134e-05 2.933797473661832133e-05
-1.144915733705891420e-01 1.900571391741509852e-01
3.838911132991703612e-01 -6.650052587822283812e-01
4.643450353093210868e-05 3.540774456668178944e-05
3.361482879996587292e-05 3.006246595824584890e-05
6.411939399048185440e-01 -6.600132925298278774e-01
9.283307268389064148e-05 5.018685338453833181e-05
-3.833155865271806228e-05 -2.672801074912530293e-05
5.228696481127878277e-05 4.289844974054896244e-05
5.590144267079132367e-01 -4.590005392710032051e-01
3.289926388923915978e-05 1.323674114984299336e-05
-1.191353950423979978e-06 -6.217542089457207926e-06
2.568642522543314599e-01 -1.626093985604772918e-01
4.472213903150411562e-01 -4.029359973013359464e-01
-6.422342308525314989e-05 -3.878671520219504530e-05
8.123542830224420659e-05 3.984258246526628825e-05
1.775333459541794570e-05 -1.325743570767305910e-06
5.824883889278865690e-01 -1.768772471206329633e-01
3.317060657069050844e-01 -2.826286817119800232e-01
2.420013017235972952e-01 -1.554316114137012372e-01
6.614257524859786560e-05 4.353914160703550282e-05
4.163439876098885550e-01 -3.626924742171592220e-01
1.648258976810089825e-05 1.859033869510133986e-05
-1.005629040841013389e-05 -1.572356053126871081e-05
3.117639629233300846e-01 -7.160660248751700777e-04
2.333773345879346003e-05 1.090461532483081974e-05
4.428247866708559521e-01 -4.830486119398748612e-01
7.851278066878170428e-05 3.704593789821517571e-05
1.619225544302500887e-05 2.448214202226337553e-05
4.015125202768065552e-05 6.017582951882735853e-05
9.335959015428885286e-05 5.007630064846503983e-05
8.542914912816611528e-01 -8.545362167987115010e-01
-1.653167859343655788e-02 -2.122229948228597785e-01
2.577651250879786637e-01 -2.379122642701667345e-01
-7.090749186564713363e-05 -7.981563788393013258e-05
1.614598646839678805e-05 3.949830403050248842e-05
1.065890861234369466e-04 7.887885900567996828e-05
8.883254519195517007e-01 -5.738909656080021238e-01
2.050407914272435447e-06 -1.054041500923791677e-05
1.225244540976445778e-01 -2.559740150899328381e-01
3.582989336331174335e-01 -2.724630007428712197e-01
4.745217182347063328e-02 2.863456324633920080e-02
4.354239231133439358e-01 -7.305733897289956591e-02
5.344783772808028299e-01 -5.048343735049725112e-01
2.897256800465204951e-01 -1.681033596460244917e-01
-1.378945262530506766e-05 2.431146980787658120e-06
7.310749273282639966e-05 5.193330431874792103e-05
3.867593588279321721e-05 1.239831316789961629e-05
3.667697144265307796e-01 -3.758593275277297141e-01
3.011615335924677228e-01 -2.998740089118695495e-01
1.269288479895546995e-01 2.875749991122368565e-02
4.545975282860274704e-05 1.736155527945803308e-05
6.280188576153243683e-05 4.106451631514545548e-05
4.327542811049865934e-01 -5.164845199820361499e-01
6.867602515907231264e-05 4.761639363459321605e-05
4.530181752741550041e-05 4.288773490612211376e-05
6.397619926204692886e-01 -5.775396143139125416e-01
-5.955274315891482349e-06 2.294720630928534527e-05
3.459256776398207102e-06 -4.436759105746571149e-07
1.280799442573252894e-04 1.012423000311519182e-04
-1.357095992841611899e-05 -2.175577314313452643e-05
5.569539752789101072e-01 -4.675396439674976978e-01
1.307640774638803571e-01 -1.611365237906968728e-01
5.257156914574085960e-01 -2.262308634804076346e-01
8.475504081154958125e-02 -3.498802585329562759e-02
1.813346288046970567e-01 -2.161861849883638664e-01
7.124159111691883198e-05 5.142992238322992022e-05
6.444415280872774307e-06 -2.764247800283085681e-05
4.040099875058050238e-01 -1.691019296245903358e-01
-2.921131558969337933e-06 -3.299574569639185400e-05
3.258650455388150680e-01 -4.030192857849800303e-01
6.894090633497647097e-05 9.887731017453856909e-05
3.304061870382169125e-05 -9.455710705610370382e-06
4.368821710975657191e-01 -2.569356650230462114e-01
-3.935522373853912129e-05 -6.968610524912570903e-05
2.014425352512570766e-01 5.592324424786010439e-02
2.656124542020823619e-05 1.370288820343836009e-05
5.964145401604716349e-05 4.809575966384600830e-05
1.830397443954998583e-05 2.156382434277133754e-05
-2.491925853453351656e-05 -3.375442915242811480e-05
1.127460688080781802e-04 7.768483961167523954e-05
3.774079945897358467e-05 2.278581152022880635e-05
5.213524842197457820e-01 -5.353684201923275543e-01
8.605608372522399643e-06 -1.050881516805545444e-05
4.275732925810850071e-01 -4.777001552312694632e-01
4.500537760838194123e-01 -2.855313821429911192e-01
9.169797190583735844e-05 7.445928404177833821e-05
5.235875450471204233e-06 1.559893417475677517e-05
4.859610985914167847e-01 -4.496419578258611938e-01
1.980621238364750625e-01 -4.446326631737751445e-01
1.028738761255169323e-04 1.159706009669515798e-04
4.113804863709092374e-01 -1.124297735904807444e-01
1.528504524233046946e-01 -2.534848127285178609e-01
4.051289225052265852e-01 -2.700737616807494801e-01
1.263631736362261888e-04 9.873865958455704567e-05
-1.412004702240481993e-05 -3.463968305911888806e-05
-1.490155906372042371e-01 3.929624043936382621e-02
4.730572949470776556e-01 -3.555515964367734760e-01
9.078637250614797873e-05 5.895991765112053280e-05
1.608553261821018946e-05 1.142572963371800184e-05
4.296476583336458765e-01 -5.139231786066369434e-01
3.847659557025351895e-01 -2.806159719646144080e-01
1.928780288742420871e-05 2.646026540474818761e-05
2.464640165699158941e-05 1.058049883320467965e-05
1.651988278037350433e-01 -1.246514356417788467e-02
5.728887727873590574e-01 -3.908536850996477963e-01
1.226001075765939089e-05 2.037131040909134324e-05
4.603500533439495723e-01 -3.820999529333692357e-01
1.840195333694403038e-05 2.574179373360430443e-05
6.060336074938416084e-01 -8.001695206253326420e-01
1.408489418749927236e-05 -1.347085605908462496e-06
7.614675484853068613e-05 4.561599129356482153e-05
5.397320370713005533e-05 4.430892171649355153e-05
-1.856240912067153067e-05 -2.387608288696251482e-05
1.311725654202849846e-04 8.111592293186813574e-05
3.601799347168003762e-01 -2.359458839454669221e-01
4.419287822791480227e-05 2.367607124363264146e-05
-2.428413097839621964e-05 -3.707841775037872282e-05
1.083088888965499930e-01 -4.112180837092512253e-01
-1.124896376325971570e-05 2.866483673775828776e-06
1.283834340719795630e+00 -8.229392701134660149e-01
5.050622656319236128e-06 -1.542456110879929040e-06
8.183204675363739129e-05 9.583790093972759062e-05
4.765581222876792369e-05 3.145636839715596639e-05
1.521599120209695954e-01 -2.918953698270147085e-02
8.892071746922270055e-05 5.465623889327953422e-05
2.205827962077942517e-01 -2.992804231825346162e-01
1.296126922612765020e-01 -2.331142547692131306e-01
1.456573757465112473e-01 1.120007656980801514e-01
9.461722090952807561e-05 9.271628241886979596e-05
3.795005209266891777e-01 -4.412420602024204608e-01
-2.266738901356374434e-05 -7.803578690347896286e-05
2.726938558692994157e-05 9.884753465187621891e-06
9.865436389944002161e-05 6.408769506888679012e-05
1.915653085480338089e-05 1.734495066518259408e-05
1.171768357133958216e-01 -3.308601845931037899e-01
-5.277821156050124975e-05 -1.117299185939153841e-04
1.300915841296565489e-04 1.116801399972728226e-04
-2.579551701597468608e-05 -5.980920960657712697e-05
2.893357405917396476e-05 2.305468955510620100e-05
1.675412646342780421e-01 -2.539537347777738319e-01
5.536152103146374515e-01 -1.222510711999629796e-01
5.404929115982415322e-02 3.382571386637117650e-02
1.073817932099519254e-04 5.347862064930738459e-05
7.996262192696421069e-05 4.778240142330716282e-05
4.067336008665751734e-01 -3.760762040526405836e-01
-1.327492639750588586e-05 -4.966928762532646439e-05
-2.730588703490068325e-01 2.308985798687881452e-01
-2.438781944249300251e-05 -2.764977030767461677e-05
8.512919955225613916e-05 6.198221360085804721e-05
4.671011129946184282e-01 -4.323617629742645407e-01
5.015315429480601273e-01 -3.875171361056129471e-01
3.063285408108467196e-05 3.580562600985051137e-05
6.653436890973025175e-06 -3.760057231369475281e-05
1.590550390285624399e-05 6.224455029310692214e-06
4.489628541947373458e-02 3.566027276653094963e-02
8.263099599861391991e-05 6.900565913083788968e-05
3.663877305686813468e-01 -4.758075288947172243e-01
4.763751665744046793e-05 2.816681868805968476e-05
-4.308190289857216637e-01 2.987641926035478068e-01
4.149367619108312311e-01 -2.906687965649971672e-01
1.092862778291466621e-04 6.094200735728980616e-05
4.611238923905006670e-01 -5.313878961162458170e-01
2.557449883485409248e-01 -2.036109343863293508e-01
4.812800482545966374e-01 -2.894461004340888599e-01
-2.369886007108021331e-01 3.119456013714643761e-01
3.227408142637428612e-05 1.781846866237120434e-05
6.757415017090641074e-01 -5.429609852219265953e-01
1.303403684494811032e-01 -2.166492490952728611e-01
3.323616212120172902e-05 2.974086351283630519e-05
8.548964818186338818e-05 2.858301381390318085e-05
3.069698173430641014e-05 2.135933712774959567e-05
3.544984842869200459e-01 -3.231224133879450067e-01
8.367891955241238563e-05 8.986482654879978705e-05
5.380225027054315046e-01 -4.326030087940808122e-01
3.664151009589929897e-01 -3.779586562296110008e-01
-3.413385342957391119e-05 -9.509867662817631591e-06
6.014230069915424970e-01 -3.991642937021785409e-01
4.453660093246538466e-05 2.379925252535203598e-05
2.854956502836981287e-05 2.212025783798001971e-05
9.745011478404394750e-05 5.277743026887602926e-05
-3.114772876014773280e-05 -5.078295007798376342e-05
3.460412341551800843e-05 -3.595185790731538121e-06
2.794733315351452969e-05 9.237901910680855713e-06
4.193292575052862126e-01 -4.227136907406206512e-01
1.776121553436518482e-05 -2.049485547066190003e-05
7.343283789054110011e-05 3.919779572201307195e-05
2.959421441534586199e-05 4.319821703828371644e-05
6.363967442323500978e-02 -1.213003629857167531e-01
2.080356687911781762e-07 -2.019430119215330366e-05
8.243672709006180492e-05 5.926690211865952301e-05
1.329292655580284420e-05 -1.326437923721620386e-05
4.851897988913334570e-01 -1.767868237363631467e-01
1.131640390373194816e-04 9.044738220380461251e-05
4.311725291811963762e-02 -2.937177632660962767e-01
5.533658536122947336e-01 -4.738716242861817363e-01
7.381737823320675990e-05 6.062011301918110320e-05
-2.568296874748597988e-05 -3.703921732141097090e-05
6.585938936033980395e-01 -5.492193525008375321e-01
-8.160434766948281623e-05 -7.551905045331710857e-05
2.625573219391426627e-01 -1.294383842507853544e-01
1.494047509970107350e-04 9.467564762972686206e-05
-1.646235083465337756e-01 2.223305746971737940e-01
7.790319191331980253e-01 -6.296854020390524331e-01
2.305747470873633076e-01 -1.821438589218025705e-01
3.626302681967845110e-01 -2.731012625655068748e-01
2.177256098055428400e-05 2.490939430127914593e-05
2.824799099181958276e-05 2.900294583133959466e-05
7.445669315191912570e-06 2.260244633206742355e-05
7.932121756724993687e-05 5.319707342611676188e-05
3.810772564216485803e-01 -6.740714030781578270e-01
4.519083202809071054e-01 -2.839006134335327891e-01
3.054386457825211121e-01 -2.150681030509842689e-02
5.025578816153998578e-05 5.290105927845666236e-05
8.232628459727971376e-05 6.890197079073346915e-05
8.147760673461837411e-02 -1.385276331847775932e-01
-3.000947711139342740e-06 -5.568854241130477464e-05
4.326040279562125474e-05 -7.345802592529038269e-06
3.524632704770814806e-01 -1.703296866334298720e-01
4.152256322443939052e-01 -4.178187178417314129e-01
2.455074278522493292e-05 2.008680688251775808e-05
2.848587383021169983e-01 -3.094946458909924591e-01
6.117864377141112812e-05 5.181068579437406846e-05
1.406023943692912482e-05 2.023807348936437252e-05
1.684510455185825865e-05 2.518869322611202912e-05
7.131313037098236940e-01 -5.511202815271163402e-01
5.875264884284591149e-01 -3.905410608106575365e-01
9.831977454705856915e-06 2.177818764418318251e-07
1.762516305817627335e-05 5.836120821953321551e-07
7.004770418921390043e-05 6.451394872668393492e-05
-1.230458660542690663e-05 -2.192196808491898011e-05
9.053004618023077071e-05 5.301953096592368255e-05
4.364697581489442313e-01 -5.563578905253193652e-01
7.869617637191261839e-01 -6.101034188337574049e-01
6.871415383678871897e-05 4.238228983335961186e-05
-3.070396567500912633e-06 2.502001750910973316e-05
-1.564169278104976960e-05 -3.150007530542182395e-05
4.340941901005310552e-05 1.762039945114089177e-06
1.123416240174122394e-01 -4.501145139022668523e-02
4.226803611185597220e-01 -4.896676972784876347e-01
3.448689634478636630e-05 3.445277514930590959e-05
5.386005923868050216e-01 -4.707611488916196851e-01
6.513864965938356605e-05 5.777710073123211128e-05
3.637230405104069919e-01 -3.754507566248592165e-01
3.427758025476843929e-05 9.267569663254633951e-06
2.715859875728314018e-07 -1.876544537414925355e-05
9.234209597888933733e-05 1.337978395608453307e-04
6.167738159162909906e-01 -6.963205307961607415e-01
1.223945356234317102e-04 9.555061055012909540e-05
4.892457691084526884e-05 1.845152512843224426e-05
7.923572088671264613e-01 -6.861423318422253947e-01
-3.494738893187241508e-05 -5.060808945629289202e-05
-3.505213929552402075e-01 2.894576642426689439e-01
-3.402621552773804625e-01 2.972454877629246428e-01
3.994908058238177406e-01 -4.244365067531680746e-01
5.737341390538813757e-01 -4.236352511423204792e-01
6.110819475798367800e-05 3.679344057910160826e-05
6.431882735887213076e-05 4.106490503111690811e-05
2.436569449305233875e-05 2.943563640548540377e-05
5.733731117601090109e-06 1.136869771995778163e-05
1.137223360874519562e-04 7.484982693989480299e-05
-5.425357573621787991e-05 -7.806115204249125126e-05
7.224735857924963200e-01 -4.902100663909362832e-01
7.528335398763265395e-05 3.708904413133328230e-05
1.804987597626577677e-05 1.426954508257400054e-05
2.654348577573594214e-01 -3.209454404556371099e-01
1.099747409827330993e-04 5.993202980174235387e-05
-3.322018156486401813e-05 -3.464451269352234348e-05
5.579720844424201653e-06 3.687790585791760574e-07
8.896558564064006760e-05 4.703722757037354649e-05
3.567179504175736825e-05 5.502160282581890612e-06
4.279940552551610920e-05 3.120855201751323292e-05
2.665538214130142025e-01 -3.408777647084693663e-01
-8.175828992810902610e-06 -3.911941210427263881e-05
4.303953726416018223e-05 3.210539861172958701e-05
2.428110797422548817e-01 -3.211996580978255245e-01
2.760854173705080516e-05 1.836178589010287846e-05
1.073877803672427698e-04 7.045286566822489712e-05
2.277741605023911000e-05 -5.622607130174552730e-06
4.734786763079802359e-05 3.717197041026384573e-06
2.070477124756632871e-06 2.676896091999605236e-06
5.495779586015147222e-05 2.817973479761950176e-05
4.126379169434661701e-05 1.804438981870400095e-05
9.458250675634834724e-05 8.697270217539566169e-05
4.979481637394435611e-01 -4.406436678686493358e-01
1.827750674485228988e-01 -5.099804725877271627e-02
3.452144756800403115e-05 3.246818832771381072e-05
-3.191511465418779103e-05 -7.436636998956901081e-05
3.473720983233108406e-01 -4.458673674115326002e-01
6.946321905730271529e-05 7.500475146560107846e-05
1.847266212694965884e-05 -8.883836521766477778e-06
-2.401301480972128366e-01 2.790700651186542869e-01
8.537394121036848693e-01 -5.984490446798543806e-01
-1.155900397775777404e-02 2.017859969572604606e-01
-1.043382588248908532e-01 1.983268092099153834e-01
5.522090698839736689e-01 -6.761004065146760666e-01
5.938662011541655517e-01 -4.536149610231774432e-01
6.940543092739664824e-05 4.292076395940354615e-05
6.490704813084628988e-01 -6.518524698630121517e-01
3.647289368970866810e-05 5.613320012156900769e-05
3.205830746333588905e-05 -2.849938856635109057e-06
9.824483296070408016e-06 1.221546135097790034e-05
4.444401596700531809e-01 -2.600667054211845408e-01
6.877909657264075335e-05 5.634741712526204619e-05
-3.705399433058789087e-05 -8.089531850332746230e-05
5.182931800192564252e-05 3.475089297363109911e-05
5.223556613803956224e-05 2.844606849902185899e-05
3.640630376136574827e-05 9.006421490833881592e-06
3.211647413117223460e-01 -3.072978743960019243e-01
3.554199621465643499e-01 -3.590153645157330153e-01
3.862149890695380505e-01 -9.700078700531108988e-02
5.647160600917247196e-05 3.782149903427920069e-05
7.728593913258626524e-06 7.467998077111461934e-06
4.224114225286397940e-05 3.108677815518778116e-05
6.631183164501698313e-01 -5.205520432948125276e-01
1.213866337756163989e-04 5.322838139193367943e-05
-4.461558547046714991e-05 -6.649375339614957262e-05
-3.526701015204852796e-01 4.257167111808320970e-01
7.985520588097986725e-05 6.558393692330410267e-05
2.054485420708115628e-01 -2.006949470970419147e-01
2.856941813390117546e-01 -1.968073221650524784e-01
-1.235626324399560078e-01 2.376078691451488090e-01
7.172684240104761910e-01 -7.143336102724682224e-01
5.163514987670278045e-05 2.725550002808096859e-05
2.113807789746867394e-01 -3.595628330703483644e-01
2.313682017935449320e-05 2.169614233238049432e-05
3.595363939915455220e-01 -3.360340732092199634e-01
8.322258325554355034e-05 6.405392976550787541e-05
9.014700155082013043e-05 7.529506606386172766e-05
-3.780354208388993274e-05 -4.906637093042809069e-05
5.727338384094825541e-01 -4.662405557864088279e-01
5.442263835401788138e-05 5.063117231277993374e-05
1.073718723150409158e-05 -2.408763639236808862e-05
5.752688505810351627e-01 -5.439326933893124938e-01
9.569865769257944271e-07 1.945122525331553610e-05
-1.318068459430631727e-06 -7.981396329572900116e-06
9.356507819597130742e-05 9.649111511667153400e-05
5.810711153793985950e-01 -5.858750656571247717e-01
6.309916590409078707e-02 7.210763830594336607e-03
3.829136492253514268e-01 -3.649449336872646055e-01
4.822524160020774209e-05 2.730344206570030883e-05
-2.563593181631073134e-05 -1.867418030659232696e-05
5.492758726371597321e-05 4.097706746697274085e-05
1.688907250006274063e-01 -6.484035520488592441e-01
5.134520208199786786e-05 8.818865543561702543e-05
9.112916345396451659e-05 1.679253389348413499e-05
4.573686336428944095e-05 4.101049614210488679e-05
2.361265146657290925e-01 -1.267217659400571295e-01
1.138704906501969150e-01 1.805533288038542183e-01
3.112470416095481363e-01 -4.226635320003349072e-01
3.239219465946415188e-01 -2.249644889466355033e-02
-2.623896053797452257e-05 -8.796167614771077171e-05
6.543373425258597331e-05 6.286833923682456666e-05
-2.053995050369262772e-05 -5.148371501648515590e-05
2.047680618454385843e-06 4.078225513704532409e-05
7.083637840986638512e-01 -2.286022901120977335e-01
3.593797341008467234e-05 -8.166800657877848477e-06
1.720554001951526413e-01 -4.976679457867539541e-02
7.033602594967536357e-05 8.032855377505716289e-05
-4.885700276063024907e-05 -1.086139777219402325e-04
1.059660354231573628e-04 4.780697866157813074e-05
5.790198734340596775e-05 3.327477956360898532e-05
-1.293052527481223101e-05 -1.485561488773981638e-05
4.316775844740907965e-05 3.484209280935258611e-05
2.235147186932934644e-05 2.932253180735740292e-05
3.053244961995073243e-05 -2.440459148485125637e-05
6.028809926685480295e-05 4.614682500309713712e-05
4.703491350050502673e-01 -5.204441902186343061e-01
4.088196758195434821e-01 -2.841758807243360274e-01
5.189175286150451427e-01 -4.596091459340874152e-01
8.837731830727251891e-05 8.978588062387974798e-05
1.624455866373930216e-05 -4.259173078566437809e-06
-1.283002488438870430e-05 -2.385938708813762884e-05
-6.214040078819931322e-06 -9.202164979707512093e-06
2.524849759077743561e-01 -1.940165294376593741e-01
1.128510262381152038e-04 9.326785696536599266e-05
2.981323576523813856e-01 -3.754182818027335666e-01
3.665852898368106572e-01 -3.099903603190704016e-01
5.064890315187093601e-06 -7.204256917575824106e-06
5.577181115938999488e-05 6.745139954656160911e-05
9.685102244430211782e-02 4.210471300392748528e-02
-2.359626101431773303e-05 -6.295724366433243170e-05
2.441662209074193235e-01 -2.797315405564294588e-01
1.443141775695255856e-04 4.907551587424595661e-05
1.731950848512546010e-05 2.654435334964862521e-05
5.972315208899215966e-01 -7.870572511917081071e-01
-1.964126999493137423e-05 -1.131716004228866156e-05
2.860416469568373264e-05 5.566827146200322243e-05
-8.766003932942883071e-06 -3.814667128872270568e-05
-2.857081997375995330e-01 4.161214332145591888e-01
6.236551716496969294e-05 6.448386421395758419e-05
8.545199113957724357e-01 -5.420352869559644793e-01
4.867618030413145003e-01 -5.708902599044388682e-01
5.965856922184342465e-05 1.704956795011237098e-05
-1.770970368164665644e-05 5.188075564544936332e-06
5.248161003094731415e-05 1.903211317977142924e-05
5.318515027436039322e-01 -5.692778730760743588e-01
5.804261950096852008e-05 5.113147892000454743e-05
3.720884586750434277e-05 2.550502461595206228e-05
7.645304051919126832e-05 6.160011446379633085e-05
1.950898734894875586e-01 -2.648724393986882086e-01
2.814106869731904936e-01 -3.100953358322096065e-01
4.146996586367316561e-05 5.708740015859511509e-06
3.923673579905275817e-05 5.405578580447218171e-05
2.466802767385149330e-05 3.319551143121417453e-05
2.185152816691421085e-01 -2.999158282922708696e-01
-5.398593318503140426e-05 -7.842166049360544701e-05
1.002506675065161668e+00 -4.357999552693712642e-01
2.148454882656153177e-05 -1.912843075376479257e-06
6.207345629270648627e-05 7.974515681031347581e-05
6.718469957325757158e-05 2.524034973194948462e-05
3.486776698515706152e-01 -3.696731728183210164e-01
2.958855999090719835e-01 -3.594221988574122784e-01
5.058595624749506747e-01 -2.960503563604748867e-01
-4.379419347060821470e-05 -2.652078837653755550e-05
3.627563680137506075e-01 -1.854400572941258540e-01
6.939088184108278545e-01 -4.676262983210476842e-01
3.317015936074563763e-05 3.137620527164444186e-05
9.841720967673843745e-01 -1.007931233775857471e+00
3.788973656643117027e-01 -1.661707597953372695e-01
-5.530099473996332896e-05 -6.759179066991260988e-05
1.904849051391993922e-05 3.319931853849327646e-05
9.818941486195202021e-05 1.096762011095428897e-04
9.907565512596010482e-01 -7.491960560242710843e-01
8.564830732986867059e-05 5.129371878586110441e-05
7.250896772129782097e-05 6.697626781867881834e-05
-2.713367645542435902e-05 -4.550656512302060538e-05
-3.969030318259205159e-01 1.747079672672912087e-01
9.497207435613634488e-05 6.036254331514698463e-05
1.038621208505205555e-05 -1.700942883064700010e-05
-5.939005333472492751e-06 -3.863261661981989348e-05
5.376900106560928982e-01 -4.894699038431467031e-01
3.226996948899482035e-05 6.554295562222776982e-05
1.426615715444233697e-04 1.115993439995159793e-04
6.615502348386232690e-06 -3.012843102192257390e-05
1.946045820161829698e-01 -1.898033221028322670e-01
-3.240466986733365052e-05 -3.326112064305528451e-05
4.131700108681727879e-01 -2.578679995069216302e-01
2.947703038875114090e-01 -5.023940842561239739e-01
2.826624070688389217e-05 3.136623480896759593e-05
3.296085294478890467e-05 5.739088882750464351e-06
6.449759396687568648e-05 4.932677066623984436e-05
4.842620917424400595e-01 -2.309967004730128781e-01
1.844597540111362483e-02 1.880245548861564017e-02
4.789362907581771744e-01 -4.612093561014981580e-01
2.927413296849854518e-01 -2.605119748798492285e-01
1.823707965240706774e-01 -1.567089803268803261e-01
8.128109863294589630e-05 6.172490664987680521e-05
6.707119458515547897e-05 4.682945637932843421e-05
5.094961050933881630e-01 -3.759663512705015420e-01
2.546097712897114687e-05 1.396807203450314956e-05
3.554954537033904183e-01 -4.189262179324870772e-01
1.492629421914357804e-05 1.879048898863949483e-05
7.166874715915559581e-05 9.776230044697710171e-05
6.629105868336917506e-01 -5.789804110638577805e-01
-3.011106885104093391e-05 -5.332215697142421006e-05
3.318571181778844914e-01 -2.713653568267166971e-01
4.593584740392201652e-05 1.991655530583779182e-05
5.316359029659805113e-01 -3.788267784477876154e-01
4.289519473191055721e-05 2.921566167402155716e-05
7.357099882221428426e-06 3.789385433563644689e-05
6.187345427551653172e-05 6.561133295229707298e-05
6.826109382966563111e-01 -9.362196877174544518e-01
