1.351572179392928675e-04 7.733050452406448722e-05 1.460978415983409547e-05 -4.665676369793175251e-05
1.788279892727242040e-02 -2.204824822475333693e-02 6.522446600989838250e-02 2.658005257010477226e-02
7.137875477691465445e-05 5.827394373560607017e-05 1.555727152016130147e-05 -7.907807084545656704e-05
1.184499036943766450e-04 8.277513853247411325e-05 -5.721794271798932228e-05 -1.545075786352183701e-04
4.665350178315546105e-05 8.413216040323515522e-05 -4.928289731886279559e-05 -7.744331371570494069e-05
4.066531752446135231e-05 1.014556641512720374e-05 -3.102877707061450817e-05 -5.544322743459571053e-05
1.044609794643223087e-02 7.158617757723487185e-03 9.807097427557991045e-04 -8.988211082028397386e-03
7.181690116386230094e-05 6.345875280712948770e-05 4.882370206615360887e-05 -4.606170490535171192e-05
5.842022352407737342e-05 5.893832145769771768e-05 -1.266393783871082013e-05 -5.173699243305805679e-05
1.205118935372275786e-04 7.349608064604435612e-05 -1.205733374710854587e-05 -7.181741447933836348e-05
6.865726418817718409e-05 2.904473819882856403e-05 5.763592822774506023e-05 -1.009039533757051090e-05
1.126775922818259795e-04 7.991294800632315839e-05 6.444273377808123385e-06 -1.069511593885288914e-04
8.760890653483434701e-05 1.096474612154205126e-04 -4.909907053198933922e-05 -7.920114673510035086e-05
9.263188101741531377e-05 3.521796123171316812e-05 4.512539477323537306e-06 -5.913124794250616004e-05
1.303430304908461401e-01 -8.626981904841697635e-02 1.362325157341046089e-01 -3.333381629895854070e-01
5.144259387393306238e-01 -1.433766146622266757e-01 6.626485354930098000e-03 1.147168166838504061e-01
1.229750504050194536e-04 9.130140202682033451e-05 7.048210193315982828e-06 -3.856022117446587794e-05
3.707149605920182500e-01 -4.133408175235021575e-01 2.602505073323624352e-01 -5.102963071686177354e-01
1.251060814953912099e-04 1.106176636467171584e-04 -2.672260026662376658e-05 -1.433318586075365642e-04
2.293072777833814939e-05 3.820976181142419847e-05 -8.483034458329134330e-06 -7.345824474308666437e-05
6.456678831890908410e-05 8.031393425874292055e-05 -4.356863911849425276e-05 -1.064410195740648010e-04
1.919656325373544636e-01 -7.599425346890995893e-03 2.556360265241078289e-01 -7.932740713609315319e-02
3.725261202162569564e-05 4.521024936233762533e-05 -2.418825969309801901e-05 -2.792987933771782054e-05
2.896155021745326352e-01 -1.034040919954691551e-01 5.115659459896259031e-01 -3.370956126539042530e-01
1.552701588683454224e-04 1.011248736193120400e-04 -4.868729708887428384e-05 -1.463637876251612123e-04
6.098340811265119237e-05 2.785889561885913215e-05 3.975450261450093510e-05 1.549458323984399308e-06
7.482788660640852282e-05 3.043602176056477341e-05 -1.180039666763962974e-05 -6.133705834894675351e-05
6.384482779862093115e-05 9.115178340352051648e-05 -6.461509384649795947e-05 -8.035137420875156805e-05
2.672167108614114106e-01 8.259556388975113073e-02 1.947246465921839420e-01 -4.013467983357572599e-01
8.268530120722666682e-05 4.365048147972173747e-05 3.873712000986913345e-05 -5.288163051479876210e-05
5.570714240047715260e-05 6.677761642166365975e-05 1.614510565646677274e-05 -3.912777033298103817e-05
1.607500604020870093e-04 1.036852225489024912e-04 2.563861309190990968e-05 -5.906685142299470932e-05
2.164990789877375144e-01 -1.760144078974114346e-01 1.274399088373675826e-01 -2.849598430455709264e-01
4.317241205439702477e-05 3.181175572304497881e-05 -2.593831572924063878e-05 -7.509084657242526750e-05
9.215141602442707201e-05 5.872524554924754510e-05 -4.477732630829603040e-06 -8.877438700623151917e-05
4.150601896165642175e-05 5.407656918690168749e-05 -6.615141842898167334e-05 -1.005941596871171191e-04
2.078976078575731634e-01 -5.259685141666956693e-02 2.964181834772833812e-01 -4.211311952314738538e-01
9.120158991302470240e-05 5.166831023450405502e-05 -3.946832758016664193e-06 -1.010443173323173009e-04
1.176005588237657708e-04 8.074379947308350162e-05 3.831395093112584564e-05 -4.450886996718973288e-05
9.385893346136519265e-05 5.949622052789217908e-05 2.201074426443935225e-05 -9.045099124759960305e-06
3.596679148050256468e-05 1.092734863835381160e-05 -9.776543780355043502e-06 -5.178203100872153035e-05
7.972541538469529526e-05 6.797090571571915438e-05 1.158056274795329810e-06 -8.163711958553315805e-05
1.026929149771399624e-01 6.812628811673170082e-02 5.117013847296628809e-02 -2.414472031758097686e-02
6.928819729443760076e-05 5.920023905597110653e-05 -3.088238296193302591e-05 -8.629567460173596320e-05
7.396406769559115606e-05 4.073435928250408402e-05 -1.582919023294636972e-05 -6.580873797509344638e-05
6.520457655133734707e-05 5.035227394367253049e-05 -2.179484393838561856e-06 -9.684368940694936879e-05
1.886707592022691070e-04 1.735370618296348116e-04 -2.910998611545443794e-06 -5.818067420199941338e-05
7.014402532591866857e-01 -6.659253692380828760e-01 -1.576957863339449931e-04 -3.320078172340595879e-01
4.235904300771376282e-06 1.095732344564075790e-05 -3.030860851469777641e-05 -8.244850181396979325e-05
7.986415104539124825e-05 5.483545457002976276e-05 4.195800009168313804e-05 -2.107183319860683128e-05
8.399664953842421325e-05 4.007515764891910457e-05 -2.047610754566071289e-05 -9.221419211422927789e-05
-2.038248264695349254e-01 1.420275388105067260e-01 3.885015181173613330e-01 -4.067203268258159921e-01
8.719075756999731793e-05 5.178093851732876895e-05 -4.826190247306662539e-05 -1.220301406430367630e-04
7.416837846594502418e-05 5.845086716456839428e-05 2.110776498425766465e-05 -1.747589053008858058e-06
1.499723154177526503e-02 1.126175418404160022e-02 3.009723732103345133e-03 -5.508517915568420659e-03
1.308685033148810869e-04 7.582122912671513727e-05 3.121082796329889520e-05 -9.139613448907538411e-05
-1.224993667143931542e-01 1.628131825361367746e-01 1.600646968804087522e-01 1.259919747584982153e-01
7.985383257616475872e-05 7.010835896753383936e-05 -1.648740606852189288e-05 -7.778406493598651885e-05
5.771766077816449498e-05 7.936652798687286270e-05 -7.485571870943761338e-05 -1.110449613546317138e-04
1.301785109844734293e-04 4.890726146442770262e-05 2.780227821736570970e-05 -7.204656589988787084e-05
1.019801560803572799e-04 8.797222783366913054e-05 6.559615025405371787e-06 -5.629860039215328643e-05
3.181917709168464764e-05 5.425135915827112318e-05 -2.597224299055374567e-05 -8.511208741700128485e-05
7.890283199675584387e-05 5.666701245751795929e-05 -1.163626550219647468e-05 -7.933022717363667406e-05
8.000671566916143229e-01 -6.010616043711635159e-01 2.182371467144717525e-01 -1.334249688517591959e-01
1.031785524041454641e-04 8.809681089845074122e-05 -1.949910069139698345e-05 -8.260745712097542122e-05
1.052751822202301269e-04 9.760578478603776191e-05 -1.620949245507160799e-05 -6.974395584920002882e-05
6.493733655198492155e-05 3.824851002244692078e-05 2.645118354328235697e-05 -5.707787344759916254e-05
4.739000504386906855e-05 4.686933026834016718e-06 -4.272965772333855847e-06 -7.161287573358663132e-05
8.051936702434279514e-05 8.762511149972136389e-05 -7.747383459362020149e-06 -5.934530153226470121e-05
1.019375682610744097e-04 5.257905176812784249e-05 -5.419519451844917237e-08 -6.066614744790029603e-05
9.404249253318350070e-05 6.431174808458755025e-05 7.288882997155057689e-05 -2.255525891913782795e-06
3.492144007083032841e-05 6.391245815684795737e-05 -1.300515788513360507e-05 -5.879611268025480662e-05
9.730256659527548304e-05 5.690243596318290422e-05 -5.379153114277869220e-05 -1.189066217044996792e-04
6.538545742141625380e-05 3.546679958781632304e-05 2.145470967147009969e-05 -8.121920275116066459e-05
1.050627910154647770e-04 5.950320673672187415e-05 -2.775705914138700393e-05 -5.217213184076115574e-05
5.366406350467208827e-05 3.640017859779591899e-05 8.243165732407581995e-06 -3.502607030331391074e-05
1.449092077599146370e-04 1.439793958155505542e-04 -2.199389846892492650e-06 -8.480695340357763087e-05
5.091657097282639155e-01 -5.198049295172116890e-01 3.547355592584011119e-01 -6.595560281597816488e-01
6.089751676444958768e-05 7.841628250401267168e-05 -4.470096815007977456e-05 -6.997312353043120723e-05
7.683097512381854616e-05 2.640235591373403398e-05 1.228356277894966188e-05 -3.729533497747475551e-05
1.068498728100556681e-04 1.131635505360876250e-04 -4.722937298501552465e-05 -9.140313871874481636e-05
7.345203329545750559e-02 -2.576756074812310005e-02 7.919569999752880396e-02 -2.716767745652021171e-01
1.371690867055307226e-04 4.635603544090323138e-05 5.490457469925331632e-05 -6.272589676062449151e-05
7.322555724156539544e-05 4.339943121760780030e-05 -1.499628441820830987e-05 -7.155064180697841714e-05
4.160706572697707439e-02 4.441177216444626430e-02 1.882064071308600650e-02 -9.078784585236246082e-03
1.164430851177921105e-04 5.492422198336629758e-05 2.260170452925729364e-05 -4.320721240353702784e-05
9.013653652288123631e-05 8.582761027725001660e-05 -5.798127837482247376e-05 -1.203666426098410236e-04
3.390947207307974387e-01 -4.395137575918157263e-02 7.295383851850051338e-01 -6.144503199125109782e-01
-4.872580011169425074e-02 -1.448286048025171184e-02 2.465286627303656386e-01 -2.975740369998959300e-01
9.185371011977755873e-05 9.370920981760506960e-05 -5.459642980381452490e-05 -8.525562078282673730e-05
4.881415941615271370e-01 -1.412607021442080502e-01 2.547279065314037028e-01 -3.043136313325908726e-01
5.860764787397505240e-05 5.055690334576771100e-05 -1.534342335627089632e-05 -4.582478212713255692e-05
8.671293694404511433e-05 9.461569010705415852e-05 -1.547679424379073339e-05 -9.200273136475726685e-05
1.189174508393148010e-04 4.760664296109956144e-05 -3.351319102588839479e-05 -6.510938066418714572e-05
-4.847745493089064550e-02 1.246633321806593780e-01 5.858626892514251505e-01 -5.814015665797398480e-01
5.084913753210922732e-02 3.257412272351642869e-03 8.930503485776436490e-02 -8.076156588470001160e-03
1.043997792722831916e-04 1.058780672480688265e-04 -7.658535849714168066e-05 -5.460230018636778453e-05
7.346953062140336747e-05 1.015275297921077591e-04 -1.387370745418140733e-05 -9.479943398802665269e-05
6.414796830328356426e-05 4.431221327912043736e-05 -3.961114356222115643e-05 -9.058083527434832114e-05
6.084802437391253482e-01 -4.681550725884507935e-01 3.221501812794241859e-01 -5.377105678802642785e-01
4.787676162452194777e-05 7.774485240572004408e-05 -7.535179144273005520e-06 -8.913461543473799294e-05
1.040278312479669422e-04 9.395727026527482236e-05 -7.883340447578133499e-07 -7.760328102549284316e-05
9.226142157838627153e-05 3.747631346624488924e-05 -2.170708793178295959e-05 -7.997144157925350670e-05
3.924468030669325813e-01 -3.367508788030090100e-02 6.205572990987662935e-02 1.136112661889482865e-02
5.465956291823276941e-02 1.657477944658095059e-02 2.860549977780109665e-01 -4.418378907295322788e-01
-1.575324233940980645e-01 4.724443770544155263e-02 2.323533957073615763e-01 -1.940672667494530990e-01
3.882102118668832885e-05 5.292794074861995127e-05 -7.844647513313602889e-05 -9.305309568819646656e-05
1.211331008158840770e-04 7.858676753432197043e-05 4.940598376548279141e-06 -5.254267710712569816e-05
6.284023615416396424e-01 -2.795904475662833177e-01 3.490270336867136169e-01 -4.156147732983156984e-01
3.230242488739573647e-01 1.750400816150372851e-01 2.003522933425038455e-01 -3.446839491658716947e-01
1.142547613870632112e-02 5.561476904776122172e-03 4.087853291108931031e-03 -6.275299556440541021e-03
1.522196165684529105e-04 1.102149997410911128e-04 3.428052064626897403e-05 -5.393890734337261362e-05
-1.838913745545497344e-05 1.350690390290516078e-05 -8.051802184287080489e-05 -9.093017931788433797e-05
2.614196470087434832e-01 -1.182786547036565328e-01 1.425045997054880664e-01 -1.261070241785340051e-01
7.962925870570520712e-05 9.132952336598964475e-05 -1.904720869255255021e-05 -7.829844088895942990e-05
1.801492080398525968e-05 1.493660812697429150e-05 5.587192384776595508e-05 1.948292256261303221e-05
4.390786974398707483e-05 3.345025110662923031e-05 -2.113245335595858210e-05 -1.798756101905338986e-05
9.724005694285265213e-05 7.486877870827913541e-05 8.189804932879814417e-06 -1.228757600430334927e-04
1.329835469541936713e-04 9.731584671202811313e-05 1.767983438463253870e-06 -7.035838366932286735e-05
1.043316624606546115e-04 5.417993132630399735e-05 -3.894360592671518447e-05 -1.214010888507745554e-04
1.647642872415772000e-04 1.254764087893526180e-04 2.213469263894203256e-05 -7.899668179955888180e-05
-1.857868325443963225e-06 -4.373402781514199135e-06 -9.343901721970543283e-06 -5.120726600531969264e-05
1.041614946016860719e-04 6.805118645837313128e-05 -6.255416161991986473e-06 -1.084156268454273289e-04
1.152155505744720140e-04 8.516866155378029831e-05 -5.522597415147252350e-06 -6.741955394661694272e-05
3.856809835735368873e-06 -8.057698810498336244e-06 8.810170377342014495e-06 -2.793959652119729610e-07
-3.803680680233482714e-01 3.015038025815086620e-01 4.616458868100850044e-01 -7.337472733668214397e-01
1.480224612209148809e-04 1.237326318181188067e-04 -4.096118148639293357e-05 -7.270763449738176624e-05
6.115912158621218306e-05 4.939006075713190319e-05 -2.560807696585738270e-05 -7.529027632370243720e-05
6.862324006168957213e-05 4.254427128256393594e-05 3.168843052087858269e-05 -4.822798881930720775e-05
1.134233750755291628e-04 3.776919310931786043e-05 4.576491437422909467e-05 -2.284320384176895933e-05
1.406477685103122560e-04 1.018093594504139871e-04 2.938281383571395944e-05 -5.690177290344047075e-05
9.853923371041256748e-05 1.333072411989479295e-04 -4.533934565329439230e-05 -8.680572277923786150e-05
1.120547877895166905e-05 -8.682053929329303874e-06 -1.749556338847719507e-05 -8.016435107230301059e-06
4.253335690104747397e-05 4.535406055421515215e-05 -1.112016519419451393e-05 -9.047413857100836132e-05
7.941432850137075672e-01 -6.390621769906019711e-01 3.044239329908576264e-01 -4.513267482592621116e-01
1.086930381871560310e-04 9.417814592398153527e-05 -4.977639872863723944e-06 -8.390741236137556349e-05
5.226689650393268559e-05 3.855224716376503343e-05 -5.388033024014551793e-05 -9.720330190948783160e-05
5.985951064737464293e-05 5.335190961909189308e-05 -2.119526982393309369e-05 -5.011824136213159902e-05
8.659455023955003883e-02 6.081118486201144563e-02 8.616502857019685269e-02 2.843384850886318885e-02
3.713557014707250525e-01 -3.960058861869429903e-01 2.556052857874066553e-01 -7.041438884848847390e-01
8.297766420024101964e-05 6.305313741508086810e-05 -7.346198923499173961e-05 -1.393808341781670364e-04
4.257524123391497745e-02 6.238344968537695018e-02 3.461832631440336927e-01 -2.770543807189165125e-02
4.121484969637279616e-01 -1.461107943576163692e-01 6.191515480573705349e-02 -4.722336099659341646e-01
8.984386959410832377e-05 4.169416258202907495e-05 -7.559475565846879619e-07 -5.040348592604021488e-05
1.107651372687408898e-04 9.576533142484790868e-05 9.665638024570538648e-06 -5.089514735754461648e-05
7.565460985863922000e-05 5.057629302077987281e-05 1.964884014590138119e-05 -2.927937616417438283e-05
6.695155724456551712e-05 4.717026482986681442e-05 4.091183949953360155e-06 -6.609224174521365373e-05
1.488063309205632750e-04 9.453769651138023487e-05 -3.586196377030607911e-06 -1.116316626515603621e-04
4.947113679678264976e-05 4.905391802789779308e-05 -1.035846510296442732e-05 -9.875787780942325692e-05
5.870902488208675743e-05 3.247552960776706172e-05 -2.507526766311739494e-06 -8.289822125804892553e-06
8.511167790060485117e-05 6.852315729152544757e-05 4.909729612414891171e-05 -2.812611868491745904e-05
1.477785419928518513e-04 1.094319588604873917e-04 1.612834449068657573e-05 -7.144354879466257311e-05
2.306767993474567735e-01 -2.583553376107624033e-01 1.269265928694122691e-01 -2.824856748346942226e-01
6.822276646347066582e-05 2.705508655893503554e-05 -5.356815263847714063e-05 -8.562274531196603503e-05
7.148949759530475606e-05 8.209554606291686815e-05 -6.864643783186820313e-06 -8.676110753317251630e-05
9.388557992503873586e-05 9.339303744985299766e-05 2.930022711146829407e-05 -5.281486597436065331e-05
-9.127378726472915038e-02 1.060426483235889505e-01 4.471175419254844741e-01 -4.504823633028331997e-01
1.437373758063844209e-04 1.073875268854529040e-04 -1.177944093511169250e-05 -8.068861650111262222e-05
7.939861989071133053e-01 -6.444778438746330274e-01 -8.580682713692662500e-02 -2.286939150240469565e-01
6.337369727712443125e-05 6.222001290842318823e-05 -4.419404222249516439e-05 -7.903153917294967795e-05
6.824774162519524623e-01 -6.264536784138252656e-01 -7.914115812654758109e-02 -2.237053005087985269e-01
5.383430732322805698e-05 4.724395415138224789e-05 1.309168913448263696e-06 -1.212730522308633002e-04
1.420990085593002372e-04 1.655490272101209262e-04 1.372937580121893175e-05 -5.430925154559986548e-05
2.145412433075227499e-01 -3.097304574917180559e-02 1.855534452421409575e-01 -8.736339507321098929e-02
6.645471738417982213e-05 5.154637476277154000e-05 -5.134920050837582528e-05 -7.655848933848913003e-05
8.941271207270963832e-05 6.480029754029565455e-05 -1.336869915859923359e-05 -7.280560299843847228e-05
7.628117602941201225e-01 -4.221889867539494468e-01 3.132624110534020234e-01 -1.190563687238514606e-01
8.141608915598228739e-05 7.277491983597662493e-05 -5.679530645467229487e-05 -1.454144052083861463e-04
6.013134264464328071e-05 5.358043887167822139e-05 1.342870579009526146e-05 -4.035039738081749286e-05
6.280284780559710147e-05 6.085255910981640735e-05 -1.834942583371515249e-05 -5.229633653658978965e-05
3.996563315419713637e-05 3.183826687747084929e-05 -4.131258711352028996e-05 -5.896535241986165348e-05
6.615669631558138814e-05 7.623403859770154815e-05 -1.955454588011258605e-05 -4.833644581372862481e-05
9.505044739689861482e-05 3.362494939738701620e-05 -2.393494344946934404e-07 -5.784844198903776890e-05
1.193326796811552590e-04 7.409483883344276922e-05 -1.611012192187421459e-05 -1.527994665012988925e-04
1.652638221455558776e-01 1.600693162674812209e-01 2.922944720303747301e-01 -7.014726515206577695e-02
7.227220674216693064e-02 2.275277667852653452e-01 4.298696409671953766e-01 -3.058863539781240815e-01
-2.844021202212823298e-05 -3.898468477913177334e-05 3.041971251493799557e-05 3.266037497454073731e-06
1.049909232136055488e-04 8.842413445599319301e-05 -2.400700270086135704e-05 -1.012084278437126039e-04
1.359484223223139676e-04 6.891193073676350333e-05 -1.560773307753217821e-05 -5.621507822986077053e-05
1.185833735710303919e-04 9.772071761772310446e-05 -3.054216439326798714e-05 -1.302928732416230330e-04
6.235620159481320064e-05 8.872764916899680311e-05 -9.356439902363076111e-05 -1.579495153137429320e-04
4.357406282625828631e-01 -3.676355750408042966e-01 3.453313739078184841e-01 -5.759699752714135812e-01
1.230284623342508957e-04 7.881893816706302797e-05 2.267725789476681433e-05 -3.209905642946187106e-05
7.331817782408582443e-05 3.875565402819535491e-05 2.563725667277884140e-05 -7.707274978934144740e-06
6.907022577950734166e-05 6.105431141875427073e-05 2.118567864614740080e-05 -3.620310923539601629e-05
1.041879131751991509e-04 1.088184752394183349e-04 -3.148473881511740909e-06 -8.596796644261088787e-05
6.501860390110252572e-05 1.527014943263879697e-05 5.638015773821831257e-05 -1.398152738935291461e-05
4.912944542124759155e-05 1.744697751732207037e-05 -4.395894997835374132e-05 -1.108774484005502675e-04
1.021556619477532709e-04 3.535041291115612543e-05 1.997314484080074033e-05 -5.542724505993065060e-05
7.541165873976244521e-05 1.009858765283500748e-04 -2.901138073129951535e-05 -4.986263348475567116e-05
4.613408459715185872e-01 -2.730263468951764638e-01 1.064846339094880842e-02 -6.280533819216475508e-03
1.034293979779054613e-04 5.986033548524554722e-05 6.458640593355787358e-06 -5.551069023260516398e-05
4.997958443283914991e-05 5.043300633196485605e-05 -2.760672207684241019e-05 -7.701003921086281079e-05
9.187427054814489011e-05 7.417509882230822007e-05 4.049706159044383380e-05 -7.626994421342447265e-05
9.056011979755407921e-05 7.256763448636761860e-05 -2.251451266544757460e-05 -9.904566351739631138e-05
6.717716006772257720e-02 3.071554108164723657e-02 5.048386160357049013e-02 -2.361607813441178247e-02
1.136491960228757156e-04 1.019579793895538451e-04 -5.607280983531977671e-05 -1.149966946448501129e-04
4.029153938549239763e-05 2.106067141089588987e-05 -4.506596074945431415e-07 -5.982709340026710247e-05
8.036787117501959974e-05 5.561072005392490321e-05 -7.978987050941290562e-07 -9.562670450272511445e-05
7.084866814703679892e-05 5.185454124770113308e-05 7.165106935810984576e-06 -9.374801997882743805e-06
6.581921086458599303e-05 4.287842670407643585e-05 6.015218702811791185e-06 -4.918027906765215892e-05
2.033701558426634637e-01 -8.663447020787315780e-03 1.878114666770801244e-01 -1.983117137006286113e-01
1.149524510297989378e-04 1.248364017283597205e-04 -6.989142664054190433e-05 -1.402180362410201454e-04
1.379431969234418175e-04 8.089085296726849182e-05 4.748553090466617354e-05 -4.793109869794267387e-05
2.727025841829226127e-06 -6.388630837664463537e-06 -1.578749603103707266e-05 -3.696022288936192713e-05
7.073877053808136502e-05 8.366043827212854512e-05 -6.334831816853405794e-05 -8.725098638359854539e-05
5.283886852287859037e-01 -2.685072446686873615e-01 4.003440179893035800e-01 -5.237879982421210778e-01
8.440678509209767412e-05 4.763321843563600314e-05 2.748912792559126661e-05 -2.189576427314595983e-05
1.157243203375347695e-01 -5.704374493419667874e-02 1.324472647250103385e-01 -2.189911368856162777e-01
1.099631315309078193e-04 9.579903048588040348e-05 -5.357343982526951928e-06 -7.183158488296653254e-05
9.108221055032360183e-05 1.073541475874351412e-04 -4.602483201682777087e-06 -5.195632981442601609e-05
3.624749723778743493e-01 -2.662294028402065749e-01 2.896545222515511386e-01 -5.088316750509481734e-01
3.924014132893135652e-05 3.798787506595079257e-05 -2.379904119581706317e-06 -3.924955328980091424e-05
8.344657059626163775e-01 -6.275021703962191388e-01 2.633541922227633503e-01 -5.396035419902102115e-01
1.001567813754624016e-04 9.660302993067928297e-05 -2.582803124861656263e-05 -6.806362101998394748e-05
3.490339431219575690e-05 4.718586340076661584e-05 -2.772535312248660064e-05 -7.442033402822372326e-05
1.529791849938818670e-04 1.169086718862652111e-04 -2.556140049083731626e-05 -1.474028935211003531e-04
7.350607235712003514e-05 5.203689794443045532e-05 -4.733743935144305525e-05 -6.198625521937105385e-05
5.255760260762011999e-05 2.988712450291543070e-05 -2.358913688532238316e-05 -5.897300376700630528e-05
2.644784243106504396e-01 6.887873605686825607e-02 6.540500514593118320e-01 -1.171655738763582311e-01
3.296538739188080165e-05 -1.697405824950086190e-05 4.294702143304620896e-05 -1.182728942466606944e-05
1.107594552475842467e-04 8.609382010981151323e-05 3.079580935019643988e-05 -4.852958312120766071e-05
4.503162393450200196e-01 -3.779201333557519749e-01 3.053627696328046759e-01 -3.944913358282301497e-01
1.062681834216256050e-04 8.233206518354472972e-05 -6.041507492181051933e-05 -9.987182637734539812e-05
8.546389237541973877e-05 1.190517373223072632e-04 -4.508219578148822974e-05 -1.027380356604650098e-04
9.985981187324195762e-02 -1.183090576771528291e-01 1.099253587055944864e-01 -2.481075115895901850e-01
6.350827668857834951e-02 2.268107673894876122e-02 4.836075848349110501e-02 -2.051092932871190211e-02
6.458295979471373059e-05 7.189927885760327914e-05 -3.447680893032292705e-05 -9.303741987034103405e-05
9.513939265739870007e-05 8.234930903830309321e-05 3.065354079945807115e-05 -1.616640189267807656e-05
1.412770470568962581e-04 8.664542699536100661e-05 -4.243691646755714939e-05 -1.403665691216015481e-04
4.800867358830456788e-01 -1.655599318310500834e-01 3.444822260432875982e-01 -5.252372092793955449e-01
7.158928998519112829e-05 7.762040113565353517e-05 -1.807743627429784982e-05 -1.742095436832582500e-05
4.941207761910505259e-05 3.128550801603841209e-05 5.737825506440907250e-06 -3.420823533106130747e-05
2.546669614373564539e-01 -1.302448938673930190e-01 3.991009621689201592e-01 -4.710921389596577358e-01
1.102009622413553300e-04 8.629660748483897789e-05 -2.786901217019242238e-05 -1.216708476388411893e-04
1.302871338347686065e-04 1.038960046495895879e-04 -5.224869220705578583e-05 -1.621178920495442918e-04
8.799551290738376102e-05 3.934980723778594625e-05 4.098525423404052566e-05 -6.699030864329189916e-06
4.366004011757003807e-05 3.164125291548428872e-05 2.222355828757306958e-05 -3.666787688074483423e-05
3.677617021038305506e-05 4.342439578296005152e-05 2.366545946499825221e-05 -4.039924744062453978e-05
9.543051319146625075e-05 5.475407565519324897e-05 -3.261246367935998218e-05 -7.263195566018101164e-05
3.988993474580579347e-05 3.398501348031418280e-05 -7.805344348437431173e-05 -1.149831887568429807e-04
7.509609029339517905e-01 -6.079875175693145728e-01 -8.857119408505503833e-02 -3.289009521049207629e-01
1.350543968634092609e-02 8.399602248388657669e-03 4.370315114244283788e-03 -6.230943345771821837e-03
5.137423569522786093e-05 7.176397299940581536e-05 1.950711088116374243e-05 -3.491935276587634733e-05
5.596404717846142213e-02 5.096876420818646780e-02 3.821810732862555154e-02 -1.712154926672024638e-02
-1.579865037417692852e-01 2.717229165359936749e-01 5.733201260382672082e-01 -4.324243176667328381e-01
7.885983372365169245e-05 4.896260447306659529e-05 2.563875256340404746e-05 -4.458668230636168172e-05
1.206679726156261964e-04 9.248487109333548893e-05 -4.736274895144269832e-05 -8.035695675715344389e-05
1.095171577799916427e-04 6.997899218920036041e-05 -6.495346135331663343e-05 -1.354065366004931223e-04
5.356400155588362708e-05 3.648376667155987216e-05 3.191214076146663272e-05 -2.213384485595650892e-05
7.563742702122622122e-05 4.242350704017456648e-05 3.450239918122922542e-05 -2.746346506395279320e-05
7.117532088049666173e-05 3.690511763894165152e-05 1.605319838897422126e-05 -1.101226489093926915e-04
1.014843536712489367e-04 1.302328553844891339e-04 -7.417267435812052690e-05 -6.294592467649027200e-05
8.357975184879877539e-05 3.314893605094069919e-05 3.587466112848172224e-05 -5.254492122726405899e-05
6.715746040684724392e-05 3.922583747011717126e-05 -7.390807110420665562e-06 -6.959700994955533089e-05
5.095439961808009594e-05 4.604190074462122641e-05 -2.756746609659523097e-05 -8.244076986648348718e-05
3.412340482059362246e-01 3.019460045457375997e-03 1.094997323121272986e-01 -3.328416798594968085e-01
6.759398293483336820e-05 8.461355429608030567e-05 -3.668888237931418577e-05 -7.103482787460201314e-05
9.162500874351523438e-05 7.462574514008748843e-05 2.539659936171729607e-05 -5.444676191552617455e-05
5.715011938753458143e-01 -3.812146322540622689e-01 1.973159699261448075e-01 -9.681365211282232097e-02
9.298473889229911464e-05 6.907587141946216851e-05 -1.977288294326731734e-05 -1.240360950961483526e-04
9.199446670402884423e-05 4.586278602778827017e-05 7.173595378481022243e-05 9.802479681138802489e-06
1.385040242083807605e-01 -1.019696493468250920e-01 3.312819785739185563e-01 -3.897151386809957763e-01
1.115331600461427248e-04 6.467745844408758740e-05 7.014958737606140266e-07 -4.517392518843931100e-05
6.112698078708695987e-05 9.127677851901452540e-05 -7.888158552580995866e-05 -1.051749783313500884e-04
1.031115664495577605e-04 1.261009498897412207e-04 -1.445691839703752203e-05 -8.278933679973376905e-05
1.221399494377883757e-04 8.356416751973810017e-05 -3.156519475650329238e-06 -6.130129035720197420e-05
6.877689500880743005e-05 4.344935955405103954e-05 5.523507836499318743e-05 -3.309170902390805205e-05
2.628798650086553836e-05 -1.334207725723013599e-06 -1.568249010786718301e-05 -3.400750199914453879e-05
7.411406532260172726e-05 2.544063138478542773e-05 -1.451579055130527505e-05 -1.037294027075681344e-04
7.222577926869516620e-05 4.208726958068079551e-05 -8.648989467502516402e-06 -3.942479765110298558e-05
1.371202342974434411e-04 1.183005440954798819e-04 2.308333632967904143e-05 -6.263001710982278342e-05
5.522420599248831056e-05 8.522725717711259236e-06 2.487604222079138096e-05 -6.448004221148276901e-05
8.356953812968860877e-05 5.557225106294155038e-05 -2.902389172559437615e-05 -5.704124404373336714e-05
4.764626870896758378e-05 4.987013772241182560e-05 -6.829429655483384652e-06 -9.487286729638706110e-05
4.004904878526898693e-01 -2.967007711726999952e-01 2.026410186074194542e-01 -1.037238135836290459e-01
2.974971281304567561e-01 -3.900103977349049234e-01 3.839348390554745416e-01 -4.246709421260193573e-01
1.767530312509908155e-04 1.314530032530120802e-04 -1.888731193322240912e-07 -8.547676381496877257e-05
5.168932702197389858e-05 1.134742673766066863e-04 -8.794246475612439273e-05 -1.078835418734550120e-04
9.643028361315864375e-05 6.372066163267646867e-05 1.904282681638444401e-06 -8.738362681153644508e-05
6.758096254526763103e-01 -6.046768710699574889e-01 -3.179750790293696117e-01 -1.690861906668086889e-01
-3.612524000344631836e-01 4.754748632067970493e-01 2.558845759645730356e-01 -5.111998324032868135e-02
1.807995843176155211e-04 1.155411862961382488e-04 2.825038442661329655e-05 -8.189494469462507025e-05
7.538987621006821194e-05 7.266186737136684319e-05 2.271034867177458972e-05 -2.661458284355436085e-05
8.665759396018113576e-05 6.052652658910976318e-05 -2.508155424190082044e-05 -1.519175204852596850e-04
5.572908987364395550e-01 -3.213169563489974290e-01 -2.015646987166758164e-01 1.162250995432093786e-01
1.051832144544919648e-04 7.623847885092284622e-05 3.372958595786984222e-06 -9.425601800052403156e-05
-6.474625096595784553e-06 -2.306711610948765685e-06 -4.344403363882930086e-06 -3.827520221259905715e-05
1.361288842110965481e-04 5.867463118640753723e-05 2.177385014792211534e-05 -9.561670653211006693e-05
9.770854461721789424e-05 1.228364891604031292e-04 4.812042579469224092e-07 -8.033389017705639410e-05
1.618648242529082575e-04 1.794222181517530275e-04 -6.561022581845360750e-05 -1.008201657586449017e-04
2.577472846691457042e-01 -2.844374679408971929e-01 1.959377376286251526e-01 -5.819016009031109382e-01
6.639523778836216533e-05 3.677399620181605512e-05 2.595005777059144908e-05 -5.097420973718581346e-05
4.318106517920754998e-05 2.649696089139065357e-06 7.592354715558925370e-05 1.965763242439136092e-05
9.203621204297333328e-05 5.276932379716900467e-05 -1.792020880538423578e-05 -9.376175817047958960e-05
9.453893892935347838e-05 5.791073944853013689e-05 4.064773775410178625e-05 -4.534428115152030992e-05
8.600490236910005417e-05 2.350401723916971082e-05 6.190744549434741781e-06 -6.133847828542411164e-05
6.196987614824026481e-05 5.425050467077359293e-05 2.909665983486083303e-05 3.312000156134706132e-06
5.235083395612899910e-05 3.739948002994816979e-05 -3.109714778514354919e-05 -7.551506927625538433e-05
1.056533574022856770e-04 1.033630346259504015e-04 -3.786992117715828822e-05 -1.321281119047570192e-04
5.718059933175335914e-05 3.800914649699367565e-05 1.401041634882481628e-05 -5.214233166124634857e-05
1.543234674009637643e-04 1.489177865402292527e-04 1.364178178778207789e-05 -9.241750596713160185e-05
4.532701369637561206e-01 -3.380282960180551188e-01 1.766489592300758416e-01 -5.718827648792145224e-01
9.480892060348170241e-05 4.676128630534743305e-05 9.481398356164608086e-06 -2.818526628487026477e-05
9.054896107574501656e-06 6.372388500499383911e-06 -2.052198291065300082e-05 -3.388646316479330278e-05
3.994160607988996595e-05 9.159030439798290313e-06 1.138318381182397793e-05 -2.218103853991445427e-05
4.445107437669732486e-01 -5.836826827305614529e-01 4.162254691301584542e-01 -7.409423658477021224e-01
3.917620185553331580e-01 8.403096531250918433e-02 1.849038044133210767e-01 -1.445247978845369541e-01
8.900288500507769847e-05 1.229296300599226665e-04 -1.554964548868235450e-05 -3.261031519079075902e-05
7.778977889080041863e-05 7.090988827245638473e-05 -4.041116428563646247e-05 -1.206235623120293510e-04
9.544757014974380581e-05 7.010190341537070888e-05 -4.876292639231478656e-05 -8.968714947075469941e-05
3.649656072178613872e-05 1.712438451094228247e-05 5.051695339832524528e-06 -2.502888827182114391e-05
9.149180756727956368e-05 9.017067600826990945e-05 -5.644558952734120885e-05 -1.231153501306831300e-04
1.395308669915526836e-02 9.245249707582666593e-03 2.201460518037170588e-03 -9.821909277318043724e-03
2.627493672598645025e-05 -4.959209769637615974e-06 9.463151732243527852e-05 2.887042543718138068e-05
9.130300527114128760e-05 6.030649683792902875e-05 2.709798152847940912e-06 -6.734212447718244748e-05
9.847372311795961244e-05 6.618903759325920700e-05 3.178114635589702591e-06 -9.815440569989714807e-05
4.552386281493438539e-05 6.966145131703349157e-05 -3.202214372702822347e-05 -7.421875198737940254e-05
8.062299008718014413e-05 3.773279499093724752e-05 2.659067327507218324e-05 -3.534338616990320096e-05
8.293916695325342741e-05 4.578287894627129840e-05 3.175063470490647797e-06 -4.512229359758326976e-05
1.472097758057281779e-04 1.207752001516101920e-04 -1.896958026500009266e-05 -1.266651515618119909e-04
8.748846664886528765e-05 8.211067290414688453e-05 -2.046970878140036225e-05 -7.100089866261153433e-05
2.044791536773346297e-01 -3.289634515454574193e-01 -1.179636511789059761e-01 -1.577571119269205180e-01
5.585688876459093673e-05 6.375461638856357591e-05 -1.232439250954223570e-05 -3.236919305387890100e-05
5.842545078277809889e-01 -2.951685121701698167e-01 4.849849285080971573e-01 -4.190245538688336380e-01
9.355596332894197437e-05 6.500690263056947097e-05 -1.286388123570353667e-05 -7.011851011795270261e-05
7.982373660931191522e-05 6.683512619077422640e-05 -2.605616469846420977e-05 -6.130627850852827740e-05
1.052718267657131172e-04 7.372580152611590842e-05 2.481544306951594036e-05 -8.740047249693273031e-05
6.006459754888182146e-05 4.563421147788349443e-05 -1.966882286180890574e-05 -1.023455193263842476e-04
5.848239419053719978e-05 1.917132969924656536e-05 4.253723512937514727e-05 8.360906697934756667e-06
2.981349840336133781e-05 2.816904354031302523e-05 -1.455174026273700727e-05 -6.453083488517067539e-05
7.583799620530299571e-05 4.942366638166515114e-05 2.182478982458179153e-05 1.059874113785449816e-05
1.145673444980209601e-04 7.935277868574326795e-05 2.790203602407733418e-06 -9.177988411221371342e-05
9.233873800782001282e-05 6.729173515768021847e-05 8.397668165411711067e-06 -6.742874269837742691e-05
8.864769126386813441e-05 5.777993466368962179e-05 -1.665753793040675488e-05 -1.050343188520406476e-04
7.031931582705328704e-05 5.648632950519665447e-05 7.478834980568978838e-07 -7.125436585010519431e-05
9.924497284594789744e-05 8.789708632066248000e-05 -2.433665575835214557e-06 -4.352271620591276723e-05
3.799354024571792638e-05 3.462793895802152922e-05 -2.456730787061302675e-05 -6.215644394458791138e-05
1.209688241767605416e-04 6.908696262917418988e-05 9.864785046098402513e-06 -1.114008106423913048e-04
6.453182681739952212e-05 2.291827789919923062e-05 2.283740475575147627e-05 -1.996590942992475492e-05
6.696461178120115623e-05 2.462119800443255581e-05 2.133220780259316172e-05 -6.574001516568879087e-05
3.222499051494027711e-01 4.285854939503245392e-02 1.231029762134507599e-01 -4.206209508741520081e-02
-3.993347403771738136e-01 4.840747818735250396e-01 2.189491284006785943e-01 -9.116405836800364759e-02
1.539116638139128928e-04 1.132714341480781041e-04 -2.717311035263036297e-05 -1.054037205621624076e-04
6.567264142332227017e-05 3.837613337946453671e-05 -4.002634037789107378e-05 -1.179401217657311370e-04
4.728789265984143508e-01 -4.036053738078549391e-01 9.033111689584651105e-02 -4.386716473430644081e-01
2.624132699360058885e-01 -3.181926514005187223e-01 3.109625355757987819e-01 -5.370073554837881957e-01
7.123490003190565550e-05 5.229750409342055420e-05 6.078580361738253520e-06 -4.015423852977490675e-06
1.311548656743071655e-04 9.897027282641380054e-05 -2.446608378779214352e-05 -6.404711860176089100e-05
1.024321074447863557e-04 1.324872424627150061e-04 9.292228763967391240e-06 -8.550921862882402639e-05
6.111581083219449117e-05 5.763691395021882540e-05 -4.850644584537953561e-05 -9.244302685721815949e-05
2.578414217019673319e-05 5.539343737479248742e-05 -4.617222159878175513e-05 -6.919274323616564370e-05
3.687397937688753902e-01 -2.168654593592995658e-02 1.561787183232472287e-01 -3.698383549968736195e-01
9.649570731235330989e-02 6.155351665959735846e-02 6.563604792244133457e-02 1.966905653872351445e-02
3.425247555547332734e-01 -2.315249947491470339e-01 3.043904875808254862e-01 -4.210746404070362936e-01
1.545068064226062243e-01 5.567908470390057520e-03 1.659827485039153394e-01 -1.877989894606771626e-01
9.691752264895344738e-05 9.080898241581969010e-05 -4.336222086806341096e-05 -1.294971289691883667e-04
1.666058778450130451e-01 -3.904423565844265809e-02 -1.802526894447020397e-02 -2.078559928737967188e-01
1.060944687082021783e-04 6.030161614893131205e-05 5.275813184116497106e-05 -2.891730416553676294e-05
7.980637748484954578e-05 6.536289400711751030e-05 1.726058556857092405e-06 -3.237894675935740896e-05
9.813684179172691097e-05 8.418322898010133595e-05 -5.277649596215324757e-05 -1.304881190715563816e-04
5.821084306304172073e-05 8.618424192417737360e-05 2.426165655721081380e-05 -6.340051329069112918e-05
7.133429193152555081e-01 -4.182918822510554024e-01 -6.699619926107042156e-02 3.646092380818685003e-02
2.848725047647139297e-01 -6.421504932055832615e-02 2.592986769504910805e-01 -4.218015035431287307e-01
2.666403577516263668e-01 -4.739253832724448640e-02 1.254810164977692988e-01 -8.441837499735342643e-02
1.382879914163754947e-04 1.311917981125858247e-04 3.104189809057794890e-05 -2.722203330116918974e-05
1.233935009901949563e-04 1.118842109615214060e-04 -1.547351044323982641e-05 -1.353275916768779572e-04
2.576183037678871860e-05 2.676303975450496402e-06 -1.890620437745182307e-05 -7.357309601489080305e-05
3.740903841515203498e-01 -3.785476275939083091e-01 4.728111763538591500e-02 -2.271656619422903756e-01
7.202769392086562686e-05 3.513331612881744314e-05 4.715349330540897868e-06 -4.513166362888588551e-05
1.174225487111617820e-04 9.863074817659897196e-05 -2.342217615342656259e-05 -2.661539964798368419e-05
1.047309570884181031e-04 7.154023644515969860e-05 1.464239728884488497e-05 -8.680163633741822167e-05
3.843791905417131318e-05 -1.926546354466822887e-05 -2.450340444187938305e-05 -6.280500911766932629e-05
2.999049615280933723e-01 -6.434957014218706250e-02 6.850510283051065574e-01 -4.526177330176724412e-01
5.041310802470472767e-05 8.576780459019719581e-05 -6.844718260900161354e-05 -1.189161062730220508e-04
3.490129008453772016e-05 6.896008798344063241e-05 -5.292692331513502947e-05 -1.014195774965242195e-04
2.968212190706872589e-01 -7.965108431247513998e-02 2.386987642175459334e-01 -1.390333522084376272e-01
4.511378687647826791e-02 7.556069013242172443e-03 6.980980547960284610e-02 -9.142981087360073714e-03
7.813964828024023165e-05 6.419342995861110021e-05 -4.717319023679895348e-05 -5.245274582980317550e-05
1.387881685244909524e-04 1.057294096478677008e-04 -3.096214535731635885e-05 -1.300507289707831680e-04
1.089635079041270521e-01 3.515768785541075608e-02 -5.100089175555549189e-04 -7.070546027398440236e-02
1.571583902725539271e-04 8.164289351082256992e-05 -1.525592596950470669e-05 -6.975435724871587658e-05
-2.157184149170632281e-01 3.001490322242439945e-01 3.234545160849526257e-01 -2.569075086762586113e-01
-9.824201621669684248e-02 1.204878402599652704e-01 3.008551187240292579e-01 -1.916306431860873849e-01
6.705849385645777031e-05 8.839674275093241265e-05 -1.713528241571633950e-05 -1.139743685032320285e-04
1.001615557460318139e-04 6.684223576629004407e-05 -7.543274518337111012e-06 -9.298498980666325690e-05
7.924518890000230710e-05 8.217422661885801372e-05 -5.840390369628513823e-05 -5.959462860913049325e-05
9.578130167385744066e-05 6.773647425930376137e-05 -1.680998006587198907e-05 -1.081742339705968147e-04
3.988422748807514129e-01 -4.570657639907132475e-01 7.960685277192691700e-02 -3.073829846483860373e-01
7.036219611944198593e-02 6.177643387434757910e-02 6.583488714325561042e-02 -8.517098727341689338e-03
6.161105424663487046e-05 5.168201405328818015e-05 -6.750828860725473105e-05 -9.138589393963606714e-05
5.280926271073501516e-02 3.744551531147070900e-02 4.767723074589275134e-02 -3.618997359138773073e-02
6.570960116619891083e-05 1.390073608553381974e-05 2.465777694707356308e-05 -3.550208296030643042e-05
2.237072610999491229e-01 1.360443359518520579e-01 2.808530952960985316e-01 -2.172776889067055128e-01
9.813925449088706687e-05 7.719505755422394167e-05 -4.878245893682817141e-05 -8.890660900115551367e-05
8.505334065289631314e-05 7.124656157195094388e-05 3.320047339179701708e-06 -8.200802350015454537e-05
2.548513299017484690e-01 -2.655943901877158564e-01 1.233650503730990104e-02 -1.734184754244664783e-01
4.848403676923229049e-05 4.689834257843191274e-06 -1.441471302338976279e-05 -1.744746000571708528e-05
1.980659695229793765e-02 4.286432952790475981e-01 5.644522163859038155e-01 -5.246334205895216707e-01
1.440106510076760422e-04 1.038570294039068998e-04 -1.623079654295685336e-05 -1.238215229439932361e-04
5.630479982539166267e-05 1.650531822823433402e-05 6.443549950849416694e-05 2.007324065998316527e-05
5.484372616139008248e-05 2.291917581941074612e-05 2.019959468198547306e-05 -2.917700616470206859e-05
1.367158282917976255e-04 1.037635491945567502e-04 -8.095712781849392545e-05 -1.543442156364779102e-04
6.544173999432852150e-05 6.299883699957835228e-05 -4.066029419914765560e-05 -9.707832058025076232e-05
8.219119994625706061e-05 6.529088841727722465e-05 3.540019685765243923e-05 -5.021676687560903051e-05
1.142931784093588043e-04 8.485416858525595524e-05 1.345068342961016924e-05 -3.975798752460069329e-05
3.576148060637049375e-01 -1.445134483036601691e-01 2.221871194920926329e-01 -5.286827882858177174e-01
4.950171890792062768e-02 3.322611001738001724e-02 6.003718223773892027e-02 3.193720653544343362e-03
5.095127324295486076e-05 1.227571243566771645e-05 -2.245730731819436249e-05 -1.075203801015835365e-04
8.514993034393628297e-05 8.119404607241837747e-05 -4.418307873416160611e-05 -7.926798537670330007e-05
9.660858053410094196e-05 5.373575607554203815e-05 2.031544484481358104e-05 -6.341220914594895429e-05
5.830576710416619513e-01 -4.145709387411061209e-01 6.703287295363964671e-02 -2.352645643177988799e-01
-7.947364255547691159e-02 2.667135855009143408e-01 3.606804206165097337e-01 -8.591381558629556103e-01
8.541265446217640291e-05 5.970488136264638846e-05 1.409915384157115029e-05 -4.291394239851717451e-05
7.950709768285432809e-05 6.867707745591802892e-05 1.177855869808141688e-05 -2.019336259914487401e-05
3.395769851045070034e-05 3.582360194301257114e-05 1.250895276036986091e-05 -5.340581749551692639e-05
9.198042238372324995e-05 6.854388225943114528e-05 -1.383311120163477161e-05 -7.525563964606632179e-05
3.748627380637725639e-05 2.211246189669302742e-05 -3.416869244965282899e-05 -3.979565982939719648e-05
9.330039852679091817e-05 7.924956260568419416e-05 7.795004539138478413e-06 -5.992511679429146876e-05
7.245230728796147046e-01 -2.235391284577933901e-01 4.667132426706792070e-01 -5.318532318314569407e-01
4.479175230071389402e-01 -2.696070271709108956e-01 1.573574444752637858e-01 -1.264063506842181273e-01
5.878572818916710091e-05 4.205089709208316006e-05 3.061925973978595322e-06 -5.538157510518996232e-05
2.960209367884487630e-01 8.928329770671533661e-02 2.323768077955592759e-01 -3.640026023735955518e-01
1.121570318924487551e-04 1.060932410990583362e-04 -7.206580657545536006e-05 -1.626830922398868448e-04
1.763473264154100106e-01 4.701352309778452504e-02 1.615682949695929904e-01 -6.189633163298021573e-02
1.363632816638877382e-04 1.071396555364308075e-04 1.027409819718435222e-05 -8.204496336444750293e-05
6.352338794093547391e-05 1.661760847571770147e-05 2.491094733424781450e-05 -5.559120306081033046e-05
3.996132823755717267e-02 2.095207959599133113e-02 6.093878872291165205e-01 -6.389401056124622835e-01
7.742952066862005564e-05 9.748119063454925418e-05 -4.987798383470836648e-05 -7.326529294597266639e-05
5.769707373029183683e-01 -3.477696371453186108e-01 -2.572633999959029749e-01 2.349514847422024336e-02
2.817467968980593842e-05 3.797964995960410579e-05 -2.378587420352386457e-05 -4.981034863924409429e-05
9.293769973920104066e-01 -8.274860268728939650e-01 4.656836930535136754e-02 -4.328982245458348199e-01
2.448733612417794969e-01 -9.382910955181797408e-02 2.034945817092911058e-01 -2.890971953347721835e-01
1.206469304935571069e-04 1.207668144363027024e-04 -7.609423733042341433e-06 -6.932653173398021791e-05
1.145408075583108967e-04 8.746706169611633637e-05 3.358043687509459961e-05 -7.560259430535813923e-05
3.667611277707991704e-05 -4.000792719340817514e-06 8.398771217635169894e-05 3.266884305297266020e-05
1.237010159242029478e-01 1.264638179376846305e-01 -6.944937946794698183e-03 -9.067677101707981302e-02
6.319065478400602842e-01 -3.418111619322215522e-01 4.162811044590075671e-01 -4.068049099482622388e-01
6.027499019268182229e-05 3.465588239359498608e-05 -2.526459067347906558e-05 -1.079934383797859844e-04
2.396252095192816684e-05 3.934911878936533990e-05 -8.594901132221535484e-05 -7.213444333080946567e-05
7.955799752567727806e-05 3.895708330919853563e-05 1.786753809908161317e-05 -3.768983061768579510e-05
5.563242846723780444e-01 -3.178077196092001233e-01 7.001362582620364317e-02 -9.803563852161760461e-02
4.843502569964012203e-05 5.703085622689597873e-05 1.722315603174463426e-05 -7.367633069731106474e-05
1.050071649342258832e-04 9.810356362565181222e-05 -1.470800957591917828e-05 -8.319781080544984904e-05
9.105013347218397931e-05 6.502224044385500020e-05 -3.227277880767255293e-05 -1.015110399381939578e-04
9.331666160046760638e-05 8.416117966063579750e-05 3.083122708856953024e-05 -4.681641944721133249e-05
4.300889698481256301e-05 2.613694032110810305e-05 -3.057371764305992734e-05 -5.855448572595763984e-05
3.927581716403872325e-01 -3.893833621056737582e-01 3.257604543542608755e-01 -5.878905038946803385e-01
1.027978998480666233e-04 8.692945602953179834e-05 -4.802259359159937840e-05 -6.896968793470469516e-05
8.099910674929705623e-02 5.629375843729907125e-02 3.564609271284827074e-02 -5.042838564465780549e-02
8.056301035893687068e-02 2.914980308274106591e-02 2.267843976825101304e-02 -4.487201201114825178e-02
5.942125763986887826e-02 2.966356638426915354e-02 2.516096580468010421e-02 -1.237644851806316004e-02
9.862073686813953213e-05 6.486907108033361372e-05 -2.368182928562001142e-05 -7.571577801342565942e-05
8.972008917265367840e-05 9.104505875341593034e-05 1.916746317901835459e-05 -1.042913424727406993e-04
3.085938009164911733e-05 3.020222717095614217e-05 -4.001849535840974298e-05 -6.172828248320379608e-05
3.864509460319213163e-01 5.339184748054896790e-02 2.453232295664378448e-01 -3.661743433516754798e-01
5.775143310024185764e-05 1.934981235498222654e-05 1.160748393960698435e-05 -9.694958081592826727e-05
6.957043337278046198e-03 6.656959518302882871e-03 9.170269614270100920e-04 -2.578122449808950903e-03
3.858111697569462214e-05 3.127523757842621909e-05 1.447250217352466753e-06 -3.584571007990611555e-05
7.245771245952308730e-05 6.181880881007227190e-05 -4.296820306913861156e-05 -4.221283550024947887e-05
-2.549788698562093780e-05 1.107528229016896232e-05 -4.141960993547542854e-05 -4.647026776918128610e-05
4.922411503896120255e-01 -1.092741523996478559e-01 7.194943658750829751e-02 -8.164237179927731625e-02
6.429089546991129827e-05 4.110775259305743135e-05 -2.702245705526811537e-06 -4.771692183628090881e-05
9.183915560123359818e-05 6.986806589048077758e-05 -6.676119337845568075e-06 -1.123925623991705322e-04
1.323226638919727804e-01 6.645304949212663126e-02 4.416125975987029301e-02 -6.302905754860113618e-02
4.833118541071126803e-05 6.219641107314759329e-05 1.285578234555092338e-05 -7.821086265952809243e-05
1.724338288914920860e-04 1.243060829368143974e-04 -3.928302322867750925e-05 -6.069340814078005310e-05
4.250824618859463389e-01 2.591320385966595571e-02 2.115613096536978210e-01 6.625603668823136505e-02
7.071103819345703125e-05 4.300601600158226941e-05 -1.913991251755355541e-05 -1.358611219978442871e-04
-2.313895191022591336e-01 -2.407031155408922984e-02 1.831368299910011987e-01 -4.545302381967707972e-01
1.055191614459381516e-04 9.202625761763650887e-05 -1.908504612032103717e-05 -1.592735872741876451e-04
7.574541693606501942e-05 4.651170994845100251e-05 -1.611938380484539426e-05 -3.420461281794802519e-05
1.234833998913739987e-04 8.065946298683848487e-05 -6.076308239430601910e-05 -7.725142309253029923e-05
6.283480217560794001e-02 1.539627486754597575e-03 4.706350314454775807e-01 -3.570064648747225400e-01
6.170974155485506654e-05 4.954770010783546633e-05 4.700534005756467568e-05 -2.102795801819363179e-05
4.588551414379787308e-01 -2.759193962036168846e-01 -7.969667272036962125e-02 3.465736047435094558e-02
4.521525103121031794e-05 1.873576006288467299e-05 3.525247498730678435e-05 -2.177796657503748554e-05
1.060437095717039531e-04 9.803427577107969514e-05 -4.463173101608664618e-05 -1.342697396328615606e-04
1.126346813749279488e-04 8.116328901059604933e-05 -1.151694835959088297e-05 -1.251605097021153950e-04
6.627569671022119743e-05 6.032470508282935525e-05 1.919699084160905511e-05 -3.544705326691343050e-05
1.492976679022795753e-04 6.926390620680267641e-05 3.620250288699922351e-06 -8.445101888962942534e-05
2.875867163811606921e-05 6.159002493266161921e-05 -4.335605346485468461e-05 -4.482021560604651988e-05
3.811947583277718434e-05 2.073199114882605656e-05 -1.344320802739353902e-05 -5.597454681999832881e-05
2.798412282179708610e-01 7.210012318526497210e-02 5.351854400734873396e-01 -6.185812478499027600e-01
7.766069675384598301e-05 5.381961209946447861e-05 1.752526069650918908e-05 -4.906457239634783209e-05
8.329019467932540540e-05 7.658361793935506237e-05 -6.276567180575382161e-05 -9.585947993630111448e-05
7.150839328953303986e-02 3.848845321333538294e-02 3.308303803994529224e-02 -1.222575690036268974e-02
1.128391134700307161e-04 1.144557107487084648e-04 9.186077061953541972e-06 -1.442194419525820979e-04
8.064442159300347769e-05 1.595101146590209074e-05 -1.348014064249077656e-05 -4.879864179512975942e-05
2.656716981585847278e-05 8.970590781643560010e-06 3.696167491403328496e-05 -1.007165259487319975e-05
1.205365258681807735e-04 1.063050174833985378e-04 -4.972340280271498860e-05 -1.136116972407823022e-04
1.156849524555102530e-04 1.371434710511333188e-04 7.774320082565289508e-06 -9.219660210509475538e-05
4.209041027157899295e-01 -2.104278330552374343e-01 4.534993572742977430e-01 -2.631718693759736438e-01
3.888324231948004917e-01 -4.815726043709626647e-01 4.258228015725468163e-01 -4.054687093675001797e-01
6.353849967815937752e-05 5.906280518383267869e-05 -9.726857746640067042e-05 -7.759344922664178021e-05
3.778792387292002619e-01 -2.945284697854066436e-01 4.021597628089813581e-01 -8.445032443863409455e-01
6.847495208811483125e-05 4.752314026336105791e-05 2.930616082556572184e-05 -1.987814817881828079e-05
6.589692941428092296e-05 5.181917664552113367e-05 -1.287669089696879807e-05 -9.236237965145279350e-05
1.455405267284122896e-04 1.005459195908487211e-04 2.158803398249551390e-06 -7.685698567154633008e-06
3.380001790253472162e-05 4.299412306038812145e-05 -1.027526572901699084e-05 -7.050891291433177281e-05
