3.405790201220092878e-02 -1.589132996899345063e-01 -4.075252409507161555e-02 -9.316906937587229320e-01
9.189217233172922716e-01 -1.330205164919293637e+00 3.890372831246570740e-01 -1.463649201045668979e+00
9.719714030230495799e-04 -2.146161925771585856e-03 -1.332179849991220813e-02 -1.867638889604541358e-02
5.073633603655672893e-04 1.349098840950653045e-03 -1.443303937758851942e-02 -2.432086776740042047e-02
-1.274349959472926841e-01 -3.373218670091612248e-01 -4.799801376764312871e-02 -8.472083637514853383e-01
3.150872140782052799e-01 -6.098807966404746761e-01 2.004865377862047326e-01 -1.707888410181298999e+00
6.421981011572406306e-01 -1.302510339625462699e+00 3.930584790905103931e-01 -1.471325837316619367e+00
3.048320946089378980e-01 -1.030205185144254409e+00 -2.848574593811851186e-01 -9.211968583689279511e-01
-3.049504208712719433e-01 -5.319158374395094313e-01 2.139145231754540494e-02 -1.696876340836901642e+00
-1.025707009335902614e-01 -3.633845769181797136e-01 -1.624362596020656468e-01 -8.106895814784125243e-01
6.435395031243545949e-02 1.674050906851248799e-02 -6.617932998571054992e-02 -1.793875274352151883e-01
-3.287760911898263139e-01 -4.345477012942703388e-01 4.819844888002458583e-01 -1.920397945765758063e+00
4.721222302047414776e-01 -1.385426124643551304e+00 -4.890844873611885912e-01 -1.263475432469480575e+00
1.987791504490633299e-01 -2.672353463874854729e-01 -5.646792638937781633e-02 -8.198841980294846454e-01
-6.349772911631068606e-02 -1.135110260732320242e+00 4.530012004147046523e-02 -1.485674340835111185e+00
3.814943618654239411e-05 1.403820841348584924e-05 -7.766830446670751776e-05 -2.091017354173005187e-04
-3.316724326383269084e-01 -6.602553552448005014e-01 1.846961502411910983e-01 -1.679761413865498598e+00
5.678276510985826725e-02 -3.767239757249385979e-01 1.399973386649730200e-01 -1.699108629413281113e+00
9.756373051232111182e-01 -1.848218748191611027e+00 -4.220353738708514379e-01 -1.076923512600967525e+00
2.509606294533143033e-05 -2.272090099199721899e-06 -1.065235032961575948e-04 -1.981774467520617600e-04
6.723164286786486546e-05 1.270568737231636987e-05 -1.070550560386116824e-04 -2.036219209670916996e-04
-8.285559854319343720e-02 -2.407897896211224908e-01 -1.055974050075307730e-01 -6.970248870093808113e-01
8.072711705753589351e-05 6.127353250168011457e-05 -1.824927245011189565e-04 -3.068051585479265788e-04
6.590430974542649256e-02 -1.018004741021021786e+00 1.269068061584067708e-01 -1.589213965688682340e+00
2.254180460920079399e-01 -8.184795193137190950e-01 1.355806504235996524e-01 -1.325029961467826700e+00
1.732347346872193661e-01 -9.135852832754018937e-01 2.744269811453834418e-01 -1.433052877201039577e+00
4.565593442031579130e-01 -1.351306850453551478e+00 1.568207229503542077e-01 -2.123110337651759494e+00
5.183071546610039659e-01 -1.182146424162370257e+00 6.660355047739150922e-03 -1.363293648566767047e+00
-1.665007552184955830e-01 -5.066883280768003095e-01 1.581338297620948630e-01 -1.674573092371804073e+00
2.764626368500334476e-03 9.579677045526194777e-04 -1.105479431326424414e-02 -1.913727405049963151e-02
3.312044557552523139e-01 -1.434140338433416817e+00 9.507035148571038596e-02 -1.549999640427289549e+00
5.776755354675230383e-05 3.428984233932621639e-05 -1.043431983868057085e-04 -1.997668017319158935e-04
-1.110591879969115466e-02 -2.181742452431682522e-01 -1.730279909290304841e-01 -8.265342443465552025e-01
1.122220637735582292e-05 2.047527280521561541e-06 -1.492866874766314968e-04 -2.072761269369585290e-04
2.716998387481963650e-01 -1.016288219864982745e+00 6.622407673606015566e-01 -2.282949122056231683e+00
6.502322882568691842e-01 -1.012514200624383465e+00 -2.037579316405221108e-01 -1.211059245392951178e+00
2.054387796104824304e-02 -1.831368804473068341e-03 -1.194351812111962424e-01 -1.772113516019730162e-01
2.691869968505122834e-02 -6.336379144451558254e-01 3.659025190525870275e-01 -1.669886935093606972e+00
-1.548019082207253705e-01 -5.116270154538359316e-01 3.173817533549706527e-01 -1.551963895839219232e+00
3.677231360474696453e-01 -1.648049824010605180e+00 4.356044688914254004e-01 -2.140165511850073088e+00
-3.453623127071805965e-02 -2.599569037118298898e-01 -1.599949975402577551e-01 -8.081419276467731727e-01
1.734908829480486664e-02 -6.444108672276455119e-01 2.388923598000550208e-01 -1.666318893808630852e+00
6.013950983315236032e-01 -1.325821177078516211e+00 3.281109451256113575e-03 -1.261231202554391695e+00
5.259143022173160542e-01 -9.534766134778978053e-01 2.799172433087913636e-01 -1.713615235046185958e+00
-2.140524987534690449e-01 -3.569831417591207146e-01 -2.241115998896424932e-01 -7.457949253665090428e-01
2.314941691243013466e-01 -1.016212128099043044e+00 2.077830046498454208e-01 -2.068469759813867270e+00
5.110581737152303239e-01 -8.920799789777353883e-01 5.297591772735082971e-01 -1.413484233177272564e+00
3.286375889351623205e-05 1.319119310394204811e-05 -1.564353326438767608e-04 -2.294635250894509055e-04
-1.094439644057906974e-01 -3.100756313585723012e-01 -6.171115794921624292e-02 -8.005092733593384136e-01
2.926012930051076766e-01 -1.070775752829203453e+00 -2.819609065058593655e-01 -1.237826540613522042e+00
3.230988391067892568e-02 -4.102322596930704779e-01 3.399690798053957470e-03 -8.559974350753339900e-01
-3.267682202281778636e-01 -6.740552582098873202e-01 1.497200726337425680e-01 -1.487317748019177932e+00
4.732914344399495876e-01 -1.077018762070166558e+00 -1.217180045178166276e-01 -1.494437608608050860e+00
-7.182300347675112627e-03 -2.475897491097568959e-01 -1.853823305012566522e-02 -6.316266300070868533e-01
5.591705733355440966e-01 -1.063123146986030498e+00 -1.669684919790345445e-01 -1.498572282805891609e+00
2.756463588120493524e-01 -1.294556830337470599e+00 -1.021478122923470677e-01 -1.650872439862318020e+00
2.803433579522023877e-01 -7.855220675034811917e-01 4.349699242676581257e-01 -1.469873497230463899e+00
3.655809279833093228e-01 -1.183582819287357424e+00 1.456345870353295546e-01 -2.171950279067357492e+00
3.124613740215743344e-05 -1.128164146896426123e-05 -1.113431782479029771e-04 -1.752122615433572052e-04
1.645577540293408547e-05 1.855434063468691257e-05 -9.686297747997683828e-05 -2.150413489576680085e-04
-1.464702577663669347e-01 -3.601940504042682734e-01 -5.211232771767457250e-02 -9.454693695996430058e-01
3.191045973781141409e-01 -1.030571802285723759e+00 1.991935634025225610e-01 -1.915432601058181028e+00
2.331594619538761138e-05 1.087423684367888328e-05 -9.189135350521028458e-05 -1.667075552432526495e-04
3.628136533900808702e-01 -1.125863047219315183e+00 1.000092883739957250e-01 -1.479477301193899308e+00
4.632536898501643519e-01 -1.142648243489868154e+00 -1.527064904600740070e-01 -1.452628541718804733e+00
-9.174823620649129319e-02 -2.060815360424905207e-01 -2.042910563857478212e-01 -6.455076901636807030e-01
-6.338221112647295097e-02 -1.708051798577192859e-01 -2.076100977506853962e-01 -7.704580584986291392e-01
4.378235721955875959e-01 -9.644866607163463668e-01 2.822526321944981431e-01 -1.789146817340750095e+00
7.826868924172417641e-01 -1.731157218834765033e+00 9.047122079697775265e-02 -1.714338686088630714e+00
-1.083980677679583816e-02 -8.032875777998562672e-01 3.839236937587717224e-01 -1.577275165498645215e+00
1.888917732414405811e-05 -1.170036429681551898e-05 -1.506862646833893014e-04 -2.531971465065998021e-04
-1.981141418924310671e-01 -9.500414361614163417e-01 -1.468739261899674742e-01 -1.244538175771404465e+00
-1.579601673651047367e-01 -4.695253684044516929e-01 3.143074157288161530e-01 -1.731560955283821146e+00
4.795878041328395236e-01 -8.489743359683804558e-01 3.476875341879342440e-01 -1.787944674539218681e+00
8.675546154339884852e-01 -1.235954192581109501e+00 3.442662980379534304e-02 -1.168136184128903521e+00
2.038747403500640928e-03 -8.123124609805036922e-01 3.391079735443983667e-01 -1.695495487622476594e+00
1.880327684623244178e-01 -1.258691788734170647e+00 -2.139581799175525045e-01 -1.453583134072244931e+00
2.403850581626098826e-01 -1.013000860229109401e+00 2.625696799802865189e-01 -1.749014928771703836e+00
6.211134027569048001e-05 4.224933396597208631e-05 -1.688533743555079957e-04 -2.460950629886070546e-04
1.142632073652867786e-01 -2.351158740512883927e-01 -3.904155315016645533e-02 -7.723362255794430364e-01
5.344992218432470521e-01 -1.822990621581766613e+00 -5.508880807767043697e-01 -1.711264856266472512e+00
1.885920488190311883e-01 -8.078961022287091120e-01 5.227121703944582753e-01 -1.776133624531149646e+00
-1.402532469098878021e-01 -1.837789846712640229e-01 -1.637244080185279171e-01 -5.323977427165055287e-01
8.707211995831069806e-02 -2.030756779844767601e-01 3.893908061725525477e-02 -8.245193084343216405e-01
1.814559786556454168e-01 -7.801050301339981230e-01 5.612136635574761778e-02 -1.468156030836039738e+00
2.423501477302213436e-01 -1.211455017156539027e+00 9.623683995992052820e-01 -2.446040991563922518e+00
1.197193139101089404e-01 -1.099958433873118313e+00 -1.853593935649803237e-01 -1.485145221403315396e+00
1.119546761456647471e-01 -6.657423932952712953e-01 4.779460295432205186e-01 -1.653202784954563631e+00
5.969342459301357241e-03 -3.744119412495836019e-01 -4.158266037930425929e-01 -7.068395431576971477e-01
4.123007263615157125e-01 -7.778399172230116010e-01 -1.151074142150776414e-01 -1.150717577290901517e+00
4.460546723066167174e-01 -1.522154136888993037e+00 2.067361103379386500e-01 -1.905927235403760189e+00
6.097214595701377221e-02 -2.748506319672677223e-01 -1.355453349653789052e-01 -8.761714029131567605e-01
3.830594533972753180e-02 -6.195926131626409150e-01 -1.586398200541859482e-01 -1.304637401372185090e+00
5.426516895888905401e-01 -1.355779423328731248e+00 7.010655400211968091e-02 -1.647636192198683291e+00
-1.748079186239096319e-02 4.705234321026103249e-03 -3.274433391723956255e-02 -1.282108671111161224e-01
-9.911377808991596317e-02 -9.924915223373457218e-01 -2.918104268321304318e-01 -1.587099902274115015e+00
2.245864382606145571e-01 -1.427943065510172971e-01 -1.734962710191549073e-01 -7.658392286243136393e-01
-1.128660440048643993e-01 -3.420924498604712150e-01 -2.936248295686963439e-02 -8.134459610851085820e-01
5.584238227505468055e-01 -1.154558167577377503e+00 2.030664832190207658e-01 -1.360787386823764544e+00
1.007461162628117829e-01 -8.827729621978097629e-01 2.214868811506470470e-01 -1.598160507242593065e+00
7.762020584075282777e-05 3.246719370908795392e-05 -1.330999986352524207e-04 -2.188753116771642961e-04
-5.040960213817733543e-02 -2.704137576435237666e-01 -5.553709435473259265e-02 -8.199652599745378412e-01
1.560889700482109843e-01 -9.437006962534915111e-01 1.680472413379690555e-01 -1.498266549203544518e+00
2.183901775896123776e-01 -7.869975417782619775e-01 6.374806987644317247e-02 -1.617518234732482574e+00
2.049700790933439154e-01 -1.272379244587857894e+00 -5.152838034657548222e-02 -1.599306494852921201e+00
3.288224831738398302e-02 -9.051028583799847899e-03 -7.262187620174657965e-02 -1.706359660273330248e-01
7.047229208910710252e-02 -9.841494223373036254e-01 3.693579241730964718e-02 -1.527408849164769045e+00
-2.035132803883094380e-02 -5.192541258926899328e-01 -3.287166472889415658e-01 -7.732729573182747229e-01
-1.083939274742065501e-01 -1.590188056582601261e-01 3.346685334341494844e-01 -1.554688349329190755e+00
3.345147984198428293e-01 -8.697044846342308899e-01 2.198133271138110745e-01 -1.303002836227893146e+00
3.590933253274176673e-01 -1.060149384354619917e+00 -1.754518791724098969e-01 -1.422343832770622596e+00
1.901670824916354766e-02 -1.165171530108012332e+00 -1.509130588868247691e-01 -1.393843648318994211e+00
3.310187985711138259e-01 -7.940006394852020533e-01 2.699687275745131787e-01 -1.721023516097055950e+00
8.655530877303202475e-02 -6.732054072993591820e-01 2.878842412133637563e-01 -1.448882723465722000e+00
5.961013653636673302e-05 4.805140106473530087e-05 -1.159162654747106751e-04 -2.372530994926406480e-04
-3.839615948994608979e-02 -5.213274474581266471e-01 2.350672877602347915e-02 -1.275618299464347905e+00
-1.517716679345355313e-01 -4.219117780482437019e-01 -3.115221967032286710e-01 -6.898377762751660702e-01
5.229898344467267535e-01 -8.560569962070406769e-01 1.808517758814450760e-01 -1.681937714992781441e+00
3.771781697291215718e-05 2.275566835279519459e-05 -6.490854066936117947e-05 -1.832741923898945232e-04
4.930793166492715152e-01 -1.631328237675087500e+00 3.254887658393082472e-01 -2.165136864718001153e+00
1.253431921015696338e-01 -1.038994013658057769e+00 -1.173223299526076069e-01 -1.477560445873231210e+00
3.886651450117659112e-01 -1.526407821234306184e+00 8.837376741376633260e-02 -1.843852091696370099e+00
4.261937768872053889e-01 -8.846309809183031669e-01 3.655229672885154657e-01 -1.413998182458733099e+00
8.595149000074533974e-03 6.763583112323429299e-03 -1.207468760991229663e-02 -2.358335198152901324e-02
-1.597422707645103634e-01 -2.901845702329984844e-01 -2.263723950013672437e-01 -9.158599212087299435e-01
4.564795445483675884e-01 -1.337577820797751338e+00 6.887136697103991845e-02 -1.782189721658772319e+00
1.704115765509481573e-01 -1.342339072927651866e+00 1.591042867494104063e-01 -1.736275498904079395e+00
1.028400463395045514e-04 1.159215502522487848e-04 -1.358032516193544354e-04 -2.720065880006059802e-04
2.718062001362064883e-01 -8.553674603869535487e-01 1.995246550623606674e-01 -1.660397346655325901e+00
-5.203765354462777659e-02 -3.599901184787812070e-01 -1.736921218086166785e-01 -5.551024599656415592e-01
3.430321439826546914e-01 -1.112081030490812195e+00 2.056752916187201963e-01 -1.870098197814466623e+00
1.890944009076754306e-01 -1.649257012112540777e-01 -3.544160835713871388e-02 -9.245302164923004939e-01
-1.414498529067103294e-05 -3.467601807424329225e-05 -1.077482166322141466e-04 -1.900290615480923939e-04
-2.261577266079360937e-01 -6.087317908682541301e-01 1.651051052639876948e-01 -1.403296883953952356e+00
4.970199468099312234e-01 -1.123860269275425594e+00 -1.622422302321346321e-01 -1.172641582535873361e+00
1.293273662202965857e-01 -2.281260956419257357e-01 -8.203733221904888073e-02 -9.025694752023573075e-01
-2.707668416411285542e-03 -1.524189578156887569e-02 -8.533938928324927287e-02 -1.695843435427992762e-01
3.763484579524626894e-01 -1.244176516602432336e+00 4.362035412118044353e-01 -1.806853548653477137e+00
3.599754964787267864e-01 -1.376382852521030431e+00 -5.581939197682739273e-01 -1.304267187011794782e+00
-6.945481051402520312e-02 -1.920446526733152748e-01 1.463694255459952083e-02 -7.772905679400463619e-01
6.279519880606514171e-02 -7.256299752194214081e-01 -2.614860277907105623e-01 -1.094663611741182763e+00
1.363353901412188152e-01 -1.094518281308813457e+00 1.174823195422170230e-01 -2.005765125097631607e+00
6.340754107048897511e-05 3.019872497289769290e-06 -8.064892181629527057e-05 -1.905194985773921233e-04
-9.838363842101016665e-02 -6.259825486441742415e-01 4.320782968355850739e-01 -1.825018684407271552e+00
3.435999222902297867e-01 -1.045878685017949339e+00 1.026692853031632886e-02 -1.387451595683007355e+00
-6.590954849439950580e-02 -2.430164639192665399e-01 -7.673016742441646221e-02 -8.960925539915572946e-01
4.481697197648353281e-01 -1.532183029203132651e+00 1.332526196910105709e-01 -1.556059162244627814e+00
1.188178814108873105e-01 -9.467866377232071473e-01 -1.206725542508070848e-01 -1.432268476067263485e+00
3.809630975525701291e-01 -8.913267739953322222e-01 2.980110071301801389e-01 -1.731666601946143524e+00
1.973327146488714628e-02 -2.107571602375651887e-01 -1.535706927712663650e-01 -7.034756622476637800e-01
-9.023662841446769556e-02 -9.856680850729595544e-01 -1.228033338651973450e-01 -1.571747356389192607e+00
5.618207991172519122e-01 -7.415736415304410301e-01 -2.003653076079125739e-01 -1.107687022431250057e+00
3.068478640703625193e-01 -9.633505104966354482e-01 3.963613887635097921e-01 -1.749953757545721134e+00
2.198387836333233480e-01 -6.928204646244505716e-01 4.782775798203467987e-01 -1.604998830383278507e+00
-8.921408015068871267e-02 -8.575255644138726208e-01 -1.933075001679529781e-01 -1.259815802053146916e+00
6.427318125970148122e-02 -1.136639144868870632e+00 1.187135743378712333e-01 -1.545990025582368643e+00
-2.037465200833015189e-01 -3.405872494131761963e-01 -2.612889392685633361e-01 -8.413163613919096839e-01
1.236276091490586371e+00 -1.510728595658586526e+00 1.011301970507423043e-01 -1.342036516889282938e+00
-6.995296785295311223e-03 -1.972486188133576457e-02 -6.450073246269373561e-02 -1.372270036662287807e-01
1.152364568350872608e-02 -1.191292605366771618e-01 -2.920137341804686024e-02 -1.062129634344678442e+00
3.312811239717193719e-03 -2.950144543118780049e-01 -8.955361785771229211e-02 -8.908485875170480961e-01
4.304498666890036032e-05 1.526079961419455600e-05 -1.263735603454592057e-04 -1.764205248196351193e-04
4.302113422085922512e-01 -9.013888867302637387e-01 6.190376404980695302e-01 -2.012516837608472553e+00
1.639851092899076157e-01 -8.809100966034857372e-01 1.545943564221433364e-01 -1.336572798534804152e+00
1.247480637668424569e-01 -1.338451081918901275e+00 -2.091488967168798063e-01 -1.717038002537155883e+00
2.948909028650599506e-02 1.413644345129724290e-02 -9.827933298094397585e-02 -1.946032041730713646e-01
5.191870879026155156e-02 3.998777368981200342e-02 -1.024575456032916082e-01 -1.973985907004509321e-01
1.974431881336582706e-01 -1.063206690205487526e+00 2.322457877892486755e-01 -1.677239661381086488e+00
3.048021009430159634e-01 -1.368126121381503690e+00 3.304152740975915270e-01 -1.714759889972325979e+00
-2.460056937147908282e-02 -2.859880082681851565e-01 -1.824430709477835866e-01 -6.550009877020813720e-01
3.797728332972850618e-01 -6.878769722678671483e-01 1.740399655604678297e-01 -1.441064646513258385e+00
7.065989852437974759e-04 -8.738564372616533862e-03 -9.178430910240702179e-02 -1.436749973835518557e-01
5.214188308990303639e-02 -1.246567627070142903e+00 2.929669763952258074e-02 -1.723093022085174786e+00
1.830451719062452520e-01 -1.350994484802638507e+00 3.128621359583311223e-01 -1.630177354233196096e+00
1.643394024553281041e-01 -1.485414254924933009e-01 -1.124554883435219116e-01 -9.361109684740850367e-01
1.028376914668809317e-01 -1.177517118806286511e+00 -1.264001584564936609e-01 -1.441767985058354240e+00
8.710034772169444883e-02 -8.263842193278211345e-01 1.770055989860997714e-01 -1.658462448678720946e+00
1.183897840000876917e-01 -1.046189612125353108e+00 3.913771322471082392e-01 -1.838978359237311455e+00
9.993211679113065858e-05 5.746478987741970097e-05 -1.396260263757797149e-04 -2.121013851153307329e-04
3.088773984173888709e-01 -8.492022820793947435e-01 1.281000228479408920e-01 -1.624283874071037914e+00
6.193877738876728545e-01 -1.166708797449698132e+00 3.060513546931907247e-01 -2.101440493933053766e+00
4.701074077771524862e-02 1.013514698151708575e-02 -8.448109866172523463e-02 -1.500415820438342762e-01
3.986869436752987772e-01 -1.298750176035276871e+00 -1.801044152225357853e-01 -1.403725634981461745e+00
1.616253247848588592e-01 -9.830231434492452403e-01 3.943219797197327625e-01 -1.520953675677586991e+00
-3.076910723421574789e-01 -6.111891847522921140e-01 1.411425443329646923e-01 -1.657604838034586248e+00
-8.265717828644270071e-02 -8.634976627300440244e-01 1.210397283190793594e-01 -1.534320645892443657e+00
3.288423611925898604e-01 -6.321922607019857532e-01 2.527052483192717136e-01 -1.469735991145999954e+00
8.268530264296047871e-02 -4.087089593949768118e-01 -1.892618659489113675e-01 -6.252344021197386859e-01
5.803678053565675121e-01 -1.516218932156528476e+00 5.066153043714766158e-01 -2.267813503054181723e+00
-6.992766296728410158e-02 -7.175249852114740090e-01 -1.067650077630829669e-01 -1.522056804917814921e+00
3.828248242626017261e-01 -1.364172369421384534e+00 1.736412635789313097e-01 -1.795338590374734311e+00
2.042100744172579627e-02 -6.302037778318939631e-01 1.310347973443151959e-01 -1.338623220691948834e+00
6.000775257954231456e-05 5.022107606639813381e-05 -1.512079067117942058e-04 -2.429657578222479497e-04
8.259598553211443121e-05 6.895911082265807242e-05 -1.468369692058353680e-04 -2.267155279743723656e-04
3.292445403204434240e-01 -1.285367413466790731e+00 1.930787352052950601e-01 -1.732477560216788559e+00
3.182845791916526917e-02 -2.562935396068421467e-01 -1.266283148178702356e-01 -7.379515255373922944e-01
-3.898163837494889594e-01 -5.521882821033538002e-01 7.596570163322500027e-03 -1.420009828186942213e+00
3.804178890462238116e-01 -1.194768588831476741e+00 -1.392184464084791629e-01 -1.542010027616734780e+00
4.103331993985704362e-01 -7.246952183435561023e-01 2.065059789826219072e-01 -1.502928674771673689e+00
4.437120316598119341e-01 -1.257452130664681977e+00 1.875987083925391707e-01 -1.547373171849545148e+00
1.732047576065418315e-01 -9.420262278384657906e-01 -7.159075416884244647e-02 -1.487164314254356023e+00
4.337278177092040998e-01 -1.261945729258895810e+00 1.181144624725741915e-01 -1.801096830953999639e+00
-2.471781725119443801e-06 3.003623844866416977e-05 -8.489179867960640281e-05 -2.342582173927965463e-04
-2.615414778705339380e-02 -2.602819747106982495e-01 -1.678088214723157112e-01 -7.015593512997455594e-01
6.310737636660451733e-01 -1.281276687924067348e+00 -8.680040099714163293e-02 -1.287586969433899720e+00
8.183336058763687748e-03 -1.018915955417046160e+00 4.313926480033474647e-02 -1.543613535620775634e+00
9.199495729978612868e-02 -7.044807312350156447e-01 4.715916244720136374e-02 -1.404830012974128461e+00
5.601369433689088462e-01 -1.242886832668754327e+00 -2.193313317417137920e-01 -1.518388747114097992e+00
8.724713614961096195e-03 -8.669042837788338771e-03 -7.424009157291339145e-02 -1.915936650123924168e-01
3.856819931832329573e-02 -3.077377119018337992e-01 1.844651134469315473e-02 -7.061559219922060038e-01
4.309036430778487303e-02 4.036306035351790861e-02 -8.529736665856667288e-02 -1.910358282612006353e-01
4.895918158168581780e-01 -1.292028506308713798e+00 2.831471019512211279e-02 -1.592414192304425713e+00
3.300401958324774010e-01 -1.447947083467580720e+00 6.124517297175365721e-02 -1.937454535622013641e+00
-3.389414290256423379e-01 -4.787623079099275203e-01 2.381751694844221889e-01 -1.518682767007591528e+00
6.001685234632966326e-01 -1.070068702175668074e+00 -8.700350660281352955e-02 -1.138981418982698335e+00
1.679286193160516028e-02 -1.054812185837905938e-02 -1.062755102736940294e-01 -1.791683033168876005e-01
2.851917279596284367e-05 2.207895161751368906e-05 -1.066598821702227455e-04 -2.257676467529358833e-04
2.158213362466813723e-01 -2.677151893057670429e-01 -4.173087526083014281e-02 -8.646247682307190985e-01
2.311257664536560050e-02 -1.240212049655329274e+00 -1.599906205960699990e-01 -1.640270695493441844e+00
2.361481129859180350e-01 -7.699992771907513411e-01 3.549236628956620732e-01 -1.372368766673756069e+00
9.984812058029006454e-02 -7.839377277637112895e-01 -4.265210747233033617e-02 -1.409082314254745061e+00
3.951256415748504169e-01 -1.193349679807976127e+00 -2.759256219568679280e-01 -1.152404289710726726e+00
2.890876481556627908e-01 -1.133967308315172673e+00 3.303869609421266063e-01 -1.750386477903194127e+00
2.701587410025985125e-01 -7.459544798833603885e-01 2.252096434049351559e-01 -1.565874881461061241e+00
-8.104166042987934193e-02 -2.016284716626715878e-01 -1.121016003314018600e-01 -8.314422445218283553e-01
-1.634101834039003442e-02 -1.097029968239710440e+00 5.711754030909159396e-02 -1.772494146529741466e+00
-7.246999291168346180e-02 -3.750474163720808884e-01 -2.356127747243881576e-01 -6.553741712526134355e-01
8.240643515331291607e-05 5.922704363399045762e-05 -1.274171786021223256e-04 -2.033375385411016821e-04
-2.933966524213356408e-02 -4.720039834138315404e-01 -1.080285445887653115e-02 -1.183367048016502610e+00
7.690215771346551384e-05 3.705303803551471227e-05 -8.408807734922604891e-05 -1.848336827936251849e-04
3.963394352951912225e-01 -9.216607765635430605e-01 -2.265121563805556348e-01 -1.609080415163612221e+00
-7.769064197768202340e-02 -8.145966808529025993e-01 2.995697262402815045e-02 -1.153786485251761640e+00
5.155547870550889478e-01 -1.192794396036783278e+00 2.252916212675973584e-01 -1.655481163013222679e+00
3.934783309081516661e-02 1.944428274993208541e-02 -7.338524696716647311e-02 -1.885212095403898669e-01
2.507863691880805879e-02 -1.008320578251826971e+00 9.569473749314477695e-02 -1.495929797292060437e+00
5.119149714636005433e-01 -1.367142588021405869e+00 2.371771192034944076e-01 -1.725095804282673173e+00
-2.452034671524999654e-01 -9.039396887141647463e-01 2.562105833229968432e-01 -1.610533950312687645e+00
3.655792756605413948e-05 1.200920446228965353e-05 -8.564291612772800464e-05 -1.978635344080749208e-04
2.857169335470649552e-01 -2.974085962080633694e-01 -3.797982474693339383e-01 -8.284955558195878922e-01
-2.951431313424145611e-07 2.174358535058891075e-05 -1.165032905364022476e-04 -2.184294680590283223e-04
7.914360189528188982e-01 -1.634875571865099575e+00 -2.077070571441806957e-01 -1.506791627031371483e+00
8.190655334501954765e-02 -9.858696484496385359e-01 7.057763231726267572e-02 -1.676261583615946682e+00
3.479825350588168633e-05 -1.678256181269961323e-06 -7.062671765371879773e-05 -1.667914392002987521e-04
-6.263539467171751196e-02 -2.538519752919443651e-01 -2.153672974127588680e-01 -7.764752086109621976e-01
2.656001503480378417e-02 -7.421590743241273103e-01 5.728624054714172020e-01 -1.995717078642529341e+00
-1.662381025176718763e-01 -2.369619233406900782e-01 -1.641367914178471221e-01 -8.541214725034774746e-01
3.844693530728017783e-01 -6.178436152322122066e-01 2.084106106797342095e-01 -1.260945356876042034e+00
4.122386947490845333e-01 -1.573178894721132037e+00 4.156003939407000303e-01 -1.956773901697022255e+00
3.089826823086807006e-01 -9.516702447633940132e-01 -1.156680838140970446e-01 -1.391132260328340031e+00
2.164638660151464722e-01 -7.462149875216912420e-01 -1.379911018915090104e-01 -1.257063697012612113e+00
5.021798407387903583e-05 5.284839115936667653e-05 -1.793872685187978904e-04 -2.544896976125603791e-04
2.771310948318634892e-01 -6.477850727351669446e-01 6.452654885890183323e-01 -2.099718923434534368e+00
6.875903158413639027e-02 -9.296509070865355273e-01 -1.294856433447604538e-01 -1.233759739612242390e+00
2.978374525793927030e-01 -1.160820193462413386e+00 4.172427200371487954e-01 -1.602034479450062499e+00
1.954873971152960507e-02 -3.562873090477133159e-02 -9.535067262686450218e-02 -1.796590873572483926e-01
4.161902412916295146e-01 -1.201019786647462340e+00 -1.147102569376420439e-01 -1.554810805689410547e+00
2.848064034505617959e-01 -1.160687408552251831e+00 5.037201124398565932e-01 -1.879794468786429640e+00
2.452334189779091040e-05 2.004949540292145168e-05 -1.049220980224450559e-04 -2.132877076710372954e-04
2.874711532134152647e-01 -1.120714655042591268e+00 -3.167211792791672920e-02 -1.472494909505037475e+00
2.690057830394613700e-02 9.816827404045443128e-03 -9.831141075063135060e-02 -1.957696831946507676e-01
1.402819438041089330e-05 2.019359843699887369e-05 -1.393408259542795844e-04 -2.435845792868790221e-04
-6.491850286633257805e-02 -1.771602788220855429e-01 -8.341482322123910942e-02 -6.670141638154483132e-01
6.500880347959765437e-01 -1.436663265453896887e+00 -4.788729057725067406e-01 -1.143465578226699586e+00
6.139293118069660826e-01 -1.176196955267179156e+00 6.578904201005159047e-01 -2.033336706955535700e+00
-1.000000041393135225e-01 -3.370568887986747919e-01 -1.303456140990268686e-01 -8.520442479859043905e-01
-3.996827374309569469e-02 -3.323179718026175178e-01 -1.850188085834996721e-01 -7.778340775423681075e-01
7.001935056372265835e-05 6.447759818565975104e-05 -1.104319347746716360e-04 -1.906813815843137879e-04
-1.323012764558896825e-01 -3.898477283986676034e-01 -2.548933456438515766e-01 -8.071590335986713605e-01
1.566705753370350174e-01 -2.815708821598065237e-01 2.511791729221083888e-02 -9.197954430401732440e-01
4.509187350769965907e-01 -1.493240256878060723e+00 1.839767935210371852e-01 -1.787438106320312858e+00
6.271505405146453604e-01 -1.057072079566832912e+00 4.064726183115472402e-01 -1.410077897289063520e+00
3.849459659937804618e-02 5.899732741706348663e-03 -6.376046100302930342e-02 -1.696892843921058158e-01
-2.028632598749680049e-01 -6.750090286285830299e-01 -1.339121741288120115e-01 -1.555696902395338199e+00
8.745489092301199363e-02 -1.223251133414340330e+00 -2.081020781870949465e-01 -1.598017409456356397e+00
3.036712926864846285e-01 -9.073674017906200318e-01 2.498569820014672760e-01 -1.494397868257210105e+00
2.024115649686410723e-01 -1.019358238679190176e+00 3.442645544590021700e-01 -1.916892131285614642e+00
3.080484338313375647e-01 -1.037010870385331129e+00 -1.213451136685532727e-01 -1.081559151195954582e+00
-6.314337225079830196e-02 -2.544249361100768825e-01 -2.010288837975887088e-01 -8.282742323285824382e-01
4.053901654831913791e-05 -1.533677325006592670e-05 -1.392008886184149851e-04 -2.018409370674673011e-04
1.012191669574206837e-01 -6.333288524963923694e-01 5.943068388413424996e-01 -1.964492250381541849e+00
4.007942270415301711e-03 -4.830708269662593035e-01 -1.485469882905965100e-01 -8.897712062420595203e-01
1.573724021476056653e-02 -1.446794133115766705e-02 -5.240420884703902299e-02 -1.493327579517935155e-01
6.977954710249729964e-02 -9.735424613285404982e-01 -2.371576391940703188e-01 -1.352121261291598708e+00
-1.212924739858654982e-01 -1.741019202693265266e-01 1.114117927938538394e-01 -1.690028712552680723e+00
5.587132757910160397e-01 -1.257327177520620509e+00 2.422270249578145074e-01 -1.292571891228452508e+00
3.839967432963911076e-01 -3.249713605548286699e-01 3.333800524275572497e-01 -1.269792674509469865e+00
4.889523234875383550e-05 1.840934127069233177e-05 -1.286880366522569251e-04 -2.216695783810985164e-04
7.929779545705628596e-01 -1.606329588156006460e+00 -3.911593870835542441e-01 -1.232760889631810519e+00
4.943626720575040184e-03 -1.271407740339111525e+00 2.039792979446490573e-02 -1.845237757578929827e+00
-3.660961086588543911e-01 -5.035029647784715623e-01 4.628306974019199549e-01 -1.867844861987563609e+00
-3.401725065999030573e-01 -4.139398896785341231e-01 4.671556961441631489e-02 -1.371128777558061174e+00
3.506391573646053250e-01 -1.162286709291962872e+00 1.306013026171237157e-01 -1.497713797225407317e+00
3.820436810080816148e-01 -1.310673796379059564e+00 -3.930899081350662239e-01 -1.516000472437786240e+00
3.106232597240714960e-02 1.855993529841862668e-03 -8.464313201555258293e-02 -1.677837887798969696e-01
4.019752443151148880e-01 -8.565878603735795904e-01 6.494056883828693838e-01 -1.905574320486710826e+00
2.433409381999067047e-05 2.939110864098939686e-05 -1.250503349982628033e-04 -2.620789244859275972e-04
5.709085123779661252e-06 1.133283855997810277e-05 -1.088749203367970624e-04 -1.712742276223498835e-04
1.921210907790594224e-01 -2.190714932730084552e-01 -2.041246662933131339e-01 -7.702618661552620427e-01
-7.906496053712541716e-02 -9.437106389993337174e-01 2.739861910149087865e-01 -1.445722282831699568e+00
6.403585180323148052e-01 -1.501870889450320989e+00 1.680419153618127881e-01 -2.001444564875238363e+00
3.872663373130514342e-01 -8.110849737854989305e-01 5.162900662915967942e-01 -1.790416748744488418e+00
-7.101367176371503609e-02 -2.416843998822803818e-01 1.719459239965812417e-02 -8.740794269395500971e-01
2.734534746159837937e-01 -1.174644697297150042e+00 2.430211262185862919e-01 -1.697492578625886095e+00
6.448485328814239637e-01 -1.160158837011882493e+00 -4.239445215019899682e-01 -1.246549263584592726e+00
-1.986257733745727116e-01 -8.297996011227903868e-01 -2.868487634716974100e-01 -1.216664251989092005e+00
-8.773022279256498246e-03 -8.432323879122325394e-01 6.374136792411709829e-01 -1.991385776517256900e+00
5.397946470351008136e-02 6.122409545628789210e-03 -8.119779842098694134e-02 -1.869298025213236569e-01
4.049609896154607869e-01 -1.315028544868178662e+00 -6.173140621162236108e-02 -1.754534681790295148e+00
1.871282287497882252e-02 2.241499320370138066e-03 -6.738835673495376100e-02 -1.456133773246913454e-01
1.702256681934027349e-01 -1.183273066740003321e+00 -1.110924970201943862e-01 -1.513331114615508843e+00
-2.946881132967234251e-02 -3.298993819471094935e-01 4.359760478525646910e-02 -6.281004244581687157e-01
1.742812088417726168e-01 -7.385294257508294713e-01 -3.776803392181048991e-01 -1.021922291389556925e+00
1.225493342819618386e-01 -1.026761620383277007e+00 9.731697337890878041e-02 -1.458220808729858931e+00
2.757708450599632061e-05 1.831596161119108579e-05 -1.230504765386153810e-04 -2.589521128236705011e-04
3.579934444655410442e-01 -8.841996715673070550e-01 2.517916202120718538e-01 -1.964687652700771059e+00
2.613131167225012375e-01 -9.108249330503360719e-01 2.132174145857939074e-01 -1.487984309836246632e+00
3.192591158953966279e-01 -8.294659358350833234e-01 5.710045422556934147e-01 -1.640244098067737522e+00
-2.746008642680623085e-02 -9.314683970431338889e-01 -2.114587987059177165e-02 -1.627272607460449105e+00
2.517266748147709010e-02 -3.632818361698130771e-01 -3.501408038864649575e-01 -7.718807798694501399e-01
1.395812748297356465e-01 -6.945325538256955644e-01 1.508877521392504306e-02 -1.359148675721707500e+00
1.513401754010645917e-01 -6.205809385394004396e-01 3.264652317327458864e-01 -1.947828227686388969e+00
3.971493369974580173e-05 -1.883333472481843026e-05 -1.096974225407818540e-04 -1.866611015635496920e-04
3.236879461802716906e-01 -1.113167380567982034e+00 2.941344988314861797e-01 -1.992259737409850961e+00
9.324549600757094797e-03 -5.662956887091993418e-04 -9.427122070483899552e-02 -1.735917431086309304e-01
1.921313570875180232e-01 -1.159923794608161307e+00 -3.501028316392944262e-02 -1.119956565517601810e+00
3.340418760479716420e-01 -1.397771078824305180e+00 -4.770077152790931363e-01 -1.221310108565808017e+00
1.002995059758154395e-01 -7.679599166122585974e-01 2.669338412124194204e-01 -2.130641159752053149e+00
8.535919497624190611e-02 -6.819462313209534443e-01 4.713161815516273556e-01 -1.573099805735828305e+00
-1.618089821157793207e-01 -1.131552384651481336e-01 3.282358758797048609e-02 -6.884896628196947033e-01
8.504971912767299580e-01 -1.522654596551598072e+00 -2.941008095097263353e-01 -1.312516540951509825e+00
-1.001891821207855776e-01 -5.443124290030689760e-01 -1.269887241171341608e-01 -1.400718356730269676e+00
-9.956193790268658139e-02 -4.648904186140264683e-01 3.152087209049555527e-01 -1.453128104122427544e+00
4.530270196144053352e-01 -1.503247259879946229e+00 9.875556966755247301e-02 -1.663042832981042274e+00
5.645757266734827695e-01 -1.305148461214996392e+00 2.931560308572657703e-01 -1.697130910283514149e+00
3.508527546436505939e-02 8.315339583907904166e-04 -1.086090461558581743e-01 -2.076495493387373603e-01
5.734029644110479884e-01 -1.665674819883411040e+00 -2.753972642325101527e-01 -1.455359154248675457e+00
1.866270706961260795e-02 -6.885496977628052795e-01 6.679102839508689604e-02 -1.803601105628038992e+00
3.203463195102886546e-05 -2.881872207403691213e-06 -5.540699536187896306e-05 -2.085522357886050629e-04
-5.992304201563100792e-03 -9.108531631234512149e-03 -9.445786185698744342e-02 -1.222759509860806837e-01
3.473763839589368851e-01 -1.028454175385132841e+00 4.996850762368852950e-01 -1.975965277329423841e+00
4.973283647126938017e-02 -2.280099357132588100e-01 -1.768736801303923967e-01 -7.720628397771163165e-01
2.720972487861791356e-01 -1.408360958475122215e+00 -8.037772761792039491e-03 -1.429350334345736551e+00
1.172061329912258282e-01 -7.275713037865890742e-01 3.905582717832682960e-01 -1.816294581203461433e+00
4.627773506892056410e-02 -2.998413729265566041e-01 -8.028583537587807850e-02 -9.146802946852328198e-01
3.637825159337412128e-05 8.967318692103828595e-06 -1.283411847181118695e-04 -2.033679681076475750e-04
1.918808215202754408e-01 -8.459713837511780854e-01 4.830614536211442211e-01 -1.585834813987093472e+00
1.949144814810201243e-05 -2.088639723152255353e-05 -1.061072080619091380e-04 -1.902528709799336504e-04
3.219314576858122168e-01 -8.063377352743168469e-01 5.623277745183294721e-03 -1.537307939714728677e+00
2.202523454180248599e-02 -2.876165259652358475e-01 -2.632175793299138533e-01 -7.123721443731111380e-01
-8.697118706242452923e-02 -6.886373722765076755e-01 7.804029125258997446e-02 -1.527525068591355506e+00
1.482428887065785628e-02 -3.188650684234367854e-03 -9.590959203060953064e-02 -1.883947985485236731e-01
5.750063654893605714e-01 -1.208165324288918541e+00 4.474364772556868597e-01 -1.678161544043372588e+00
6.818961926258531037e-01 -1.013516115262481199e+00 -1.338747003207187425e-01 -1.255593230832247498e+00
-7.202362437580973886e-02 -1.024670421694220401e+00 -7.932205151216667471e-02 -1.324939336335494877e+00
-3.874936735250574249e-01 -3.704030190924820776e-01 2.413384382404692163e-01 -1.800253386933707844e+00
1.962827584476194431e-01 -6.895052386967490676e-01 -2.397957656316344055e-01 -1.431301205334552629e+00
-3.430048123430012863e-02 -3.321423814033540034e-01 -1.556403791716493845e-01 -6.431938368990045563e-01
2.133753195282584170e-01 -1.136115375531512983e+00 2.549958367749852739e-01 -1.946831121005593745e+00
1.126625431027092146e-05 3.116788267717892887e-05 -1.212020958971620605e-04 -2.246668145698625641e-04
6.685702382286174972e-01 -1.292780859793829507e+00 5.687111248032242772e-01 -1.644208873070894139e+00
1.464540288520610467e-01 -9.155166845505001705e-01 2.594857002982933758e-01 -1.880136603506958881e+00
1.934532548043652878e-01 -1.023040628990012690e+00 1.139986763017197535e-01 -1.321207795937746843e+00
-2.547790580133478186e-02 -1.211786470312601061e-01 6.198913664276800572e-02 -6.024552516726238149e-01
3.729231018808306514e-02 -5.111421560901371342e-01 -3.080636299321086735e-01 -8.623888626355886711e-01
2.105737011308924933e-01 -6.997911008079833461e-01 -8.541672127930316494e-02 -1.443057586231355716e+00
1.219539423260730393e-01 -1.537704787872075929e-01 -4.812287239798482968e-02 -7.281348060653556331e-01
-1.620978120709687387e-01 -4.397739285796823383e-01 -3.074810910802812103e-01 -6.413538896567825276e-01
4.957528720937611766e-01 -1.092890211085019825e+00 5.538029133660926639e-01 -1.724925683917497343e+00
1.435471978600429410e-01 -8.375251436013446682e-01 9.461078465203927312e-02 -1.915784349528301789e+00
1.071008385952735695e-05 -2.412376536431469677e-05 -1.092502260210531504e-04 -2.107379433552224819e-04
5.434781683013830689e-01 -1.343631672699830082e+00 -4.450237189868864185e-01 -9.471074988068102218e-01
9.262057650365308072e-07 1.941018108875425415e-05 -1.046584451910098298e-04 -2.360742935561112126e-04
-1.007396822821423343e-01 -3.172331991933192707e-01 -1.154239699667752861e-01 -8.426868481474236727e-01
1.272183113874743310e-01 -6.146849481413960703e-01 5.383088849757537986e-01 -2.155475097308142018e+00
6.111061914786524163e-01 -1.394803482031282904e+00 -2.793317659690445522e-03 -1.409391427386404105e+00
5.114838055625383628e-01 -1.207107558370744682e+00 2.856159399170925539e-01 -1.819697412783283452e+00
3.976293988729481810e-01 -1.327252248378042898e+00 -1.002833024372639242e-01 -1.577362747030739643e+00
1.535235699304129953e-01 -6.637362009152597553e-01 1.189816447464259186e-02 -1.291371712033764663e+00
-1.747341212214685857e-01 -8.510024911765957656e-01 -2.511741382405291989e-01 -1.398616765554476116e+00
5.490352978505486184e-05 4.094418276904735989e-05 -7.479072890939220261e-05 -2.038282444668992530e-04
1.204177266896960113e-02 -1.397752569282256108e+00 3.643735879256989052e-01 -1.902072337918459199e+00
5.131235148268586477e-05 8.814236246503671511e-05 -1.496044829924707384e-04 -2.338194626186197278e-04
6.300404824157550543e-01 -1.035110561535639073e+00 1.118375012836409221e-01 -1.377132983326325721e+00
1.613174885246134241e-02 -2.080206519697562206e-01 3.143997534737068581e-04 -8.536993982345320031e-01
-6.116884878195330555e-02 -3.859431321753294397e-01 -3.649542250982223401e-01 -7.643401655352717317e-01
-2.002388647687846496e-02 -5.068113881063047721e-01 1.472718346141413392e-01 -1.519694678379984953e+00
2.951960308906141361e-01 -1.027122727597420848e+00 1.681923723349817434e-01 -1.272809868566391556e+00
3.422514016390310054e-01 -7.666355583135863183e-01 3.717333540564642380e-01 -1.625186695206916720e+00
3.207595939352245740e-01 -1.385320571574432336e+00 4.783945620295291246e-01 -1.830953091979454550e+00
2.270068857075675794e-02 7.917935108516198708e-03 -1.784169142156395715e-01 -2.188793606488620980e-01
1.917452500009372007e-01 -1.309733236215540275e+00 -9.617109973850664073e-02 -1.467033217446698456e+00
-1.848528715033441461e-02 8.196960403233180883e-03 -8.580136454909584320e-02 -1.952242761014861827e-01
7.392262640179583233e-01 -1.085131870280856559e+00 1.876591700064844659e-01 -1.769942288853396883e+00
2.418550602286844986e-01 -9.127019118041663770e-01 1.398582491035689768e-01 -1.421989590363480938e+00
1.957782674065649264e-01 -7.125335606023535107e-01 1.035266783509310173e-01 -1.272866983445757993e+00
7.030707418310109830e-05 8.028926505924709656e-05 -1.002504602910152341e-04 -2.173169359256810630e-04
2.862021392441455592e-01 -1.712942353326558642e+00 -3.146884497519818469e-01 -1.496389940807103525e+00
4.873272082256510096e-01 -8.901427917272823898e-01 -2.067356674844779696e-01 -1.282303276503277578e+00
1.951667856037700155e-01 -6.931848562445677153e-01 4.042776330263264661e-01 -1.704048803767474807e+00
2.863202356961271761e-02 -9.829453265323262467e-01 1.424304372564098309e-01 -1.623639962896103794e+00
2.117065805358811763e-03 -2.852897267916340573e-01 -1.836667984065028514e-01 -8.412697702622115026e-01
2.231274222064441769e-05 2.926833403411779793e-05 -1.670446300078381433e-04 -2.660501223291660998e-04
1.680141238934435358e-02 -3.938612014836074399e-02 -3.918504042168841767e-02 -1.350885118930783835e-01
5.132895869164614405e-02 -1.873475509995010391e-01 -1.055840528624934077e-01 -7.006333620809550577e-01
5.034182829536717474e-01 -1.345334830194457654e+00 3.413554713094684168e-01 -1.820712466844712996e+00
1.129398800297351339e-02 -4.117691543506836194e-01 -2.659328164469770828e-01 -8.149374382283018914e-01
5.065298014548466066e-01 -1.312713407009992839e+00 1.966596844215975082e-01 -1.566921318122096896e+00
6.274363766950384613e-02 -1.539227426946368771e-01 -1.846469337313043080e-01 -9.868186978766924078e-01
1.435687143990605763e-01 -7.632906557476087928e-01 1.640202198209999851e-01 -1.292322984732964475e+00
5.143009458352541113e-02 -9.105994138203756805e-01 1.724300235316574836e-01 -1.559767769440304042e+00
-1.807686672765958236e-02 -2.898731586120241455e-02 -6.603165026467820720e-02 -1.746190822187964342e-01
1.549264002587448230e-01 -8.015640731329484181e-01 5.033247617546847408e-02 -1.380620279287233743e+00
1.036192917636607064e-01 -1.825229550271207091e-01 -2.648659448982600140e-02 -1.050994238555018168e+00
3.039885656305359452e-01 -1.201178446011519352e+00 -2.873059969767446375e-01 -1.198190725994032979e+00
5.444149316909636938e-02 -3.629768033775198077e-01 -8.554131469019501943e-02 -6.819226659061351503e-01
1.398281389236715744e-01 -9.978441814095678764e-01 -1.196304538080480984e-02 -1.439283057970617952e+00
2.041529000666818857e-03 -7.525423969866291973e-02 3.948420392040497690e-02 -8.390008509835020778e-01
2.470337305788687376e-01 -2.843888662962049674e-01 -2.443968809215666949e-01 -7.477301465262724545e-01
1.577688353849441283e-01 -1.247619305400936351e+00 4.091584747687965207e-01 -1.920512698070001356e+00
1.058479122390691141e-01 -1.051007132604836025e+00 -2.388529919666810275e-01 -1.295791604636936434e+00
8.702339685055517915e-01 -1.248719495064160467e+00 2.496854597779293167e-02 -1.621219291118576766e+00
1.729351024233646879e-05 2.650667119002843547e-05 -9.485249250254543880e-05 -2.000554034276631917e-04
5.550032610405121192e-01 -1.351631276064890974e+00 8.854565330042521998e-01 -1.922235666803679521e+00
-1.966982061220782878e-05 -1.135445179216721523e-05 -1.157743627579308512e-04 -2.094326567763252569e-04
-1.433585137747015181e-01 -2.194160455523495312e-01 -4.177539334647231151e-01 -7.900650356979534994e-01
1.320968176548901474e-01 -1.288231483663007104e+00 5.791512840214932401e-02 -1.944628457913398334e+00
-2.964657343860698235e-01 -3.748371291346342948e-01 5.064833870202547356e-02 -1.545189958812944742e+00
3.014989842271020154e-02 2.515066695692336901e-02 -8.446598976951404103e-02 -1.645577694685411707e-01
7.710004789627334931e-01 -1.309474796183454970e+00 4.089749566296582706e-01 -1.760391601949726548e+00
4.264469284963471329e-01 -1.190869412100588276e+00 -2.140194477479205326e-01 -9.491273715383105047e-01
2.791228670664705480e-01 -8.005509509709720639e-01 8.159135737407842426e-02 -1.334420133811255127e+00
-1.773861232258436581e-05 5.149411381390504931e-06 -1.177196372727163162e-04 -2.007221680752888961e-04
4.834069243775411182e-03 1.399080844147711396e-03 -1.145296685062159071e-02 -2.275516653679704113e-02
5.382419201804307107e-01 -1.544339900997150350e+00 1.063083960559778607e-01 -1.756213877065409212e+00
2.275351167371970629e-01 -7.360687307276454483e-01 3.441784664435833530e-01 -1.802669765401307744e+00
3.718721206034257445e-05 2.547563391918237423e-05 -7.619251995354840224e-05 -1.750236286972699251e-04
7.869138356901825282e-02 -2.052795386142401701e-01 -1.700579444786426142e-01 -7.988257369843148048e-01
1.513027461583316691e-01 -1.008238750978041054e+00 -4.099574869321542248e-01 -1.077591086010159627e+00
1.452714804762561818e-01 -1.373747612181288158e+00 5.995167593230057990e-03 -2.009108748364295760e+00
4.144403492272580834e-05 5.672865117347800116e-06 -6.324688360167199797e-05 -2.168259551613353590e-04
4.303811951674669373e-02 -9.038896968929929221e-01 -1.441919231582237670e-01 -1.800851433818134284e+00
-6.097243983571517395e-02 -2.091688284630473238e-01 -7.297580134338742253e-02 -8.896373401068511377e-01
2.224717819125337781e-01 -8.603236823052239357e-01 1.453554525624005667e-01 -1.134276659075167393e+00
-1.648518456744641481e-01 -9.783178474953032611e-01 1.013299729028519086e-01 -1.433734259917100351e+00
1.069887803720236397e+00 -1.383193824958481200e+00 5.377670483846831023e-02 -1.557953907401078864e+00
3.364484538014050896e-02 -8.629461233745742144e-01 -6.328474296945330035e-02 -1.426845611658970947e+00
6.804149321279645037e-03 -1.836068778411249769e-01 -1.877067245207229007e-01 -9.475813996336659439e-01
6.715923485126507487e-05 2.520471189402688695e-05 -1.051319887741092275e-04 -1.984196981271822832e-04
1.569947285557725669e-01 -1.066363186662486751e+00 -1.985740972022257689e-01 -1.375799756101004245e+00
1.867379271566870502e-01 -8.431057355784667973e-01 4.215838852751547239e-01 -1.477697584940277364e+00
5.067242951840776888e-01 -1.112292615623922787e+00 4.172954427219059959e-01 -1.869247262870172177e+00
-2.257393353494718535e-01 -2.774384473459999834e-01 -9.597421196984988467e-02 -6.882862421053730362e-01
4.197028153225837999e-01 -1.213595651150501720e+00 -4.338975760112839808e-02 -1.738394748214002306e+00
4.135212826467062897e-01 -9.947317505871409171e-01 3.391252705764197500e-03 -1.424341034171755060e+00
7.874584429411531084e-02 -7.059255162599212818e-01 -6.530273675576807324e-02 -1.263987714826569686e+00
9.005044057429191229e-01 -1.677287031528178485e+00 9.358360654123279443e-02 -1.440015996772687989e+00
2.844563270754429940e-01 -9.086785987484645721e-01 2.148907998045153644e-01 -1.625196041522001256e+00
-1.870302509421913340e-01 -4.779398689545050205e-01 -1.748823215503323147e-01 -7.549755739348260608e-01
1.901562156720913718e-05 3.315392160129060199e-05 -1.355384126716586339e-04 -2.304054947412559524e-04
5.087255004784261431e-02 5.181305513926339618e-02 -9.057049520516673169e-02 -2.248886852359220090e-01
9.346208147786678744e-01 -1.640928848363813808e+00 -1.815488941498975481e-02 -1.586938020703134278e+00
1.429764167926413643e-01 -2.856888418682578257e-01 -9.040328418481582973e-02 -7.945123582861872702e-01
7.246907970980144944e-05 6.692383435441346328e-05 -1.710368146606902325e-04 -2.916124079120970165e-04
-4.752141028215185747e-02 -9.072390659778029054e-01 4.472884773254686697e-01 -1.759977915097741485e+00
-3.059406454275333531e-01 -2.390710794191366340e-01 -2.232401213335009904e-01 -6.173512827340468245e-01
5.970409498824227890e-02 2.113740723609384281e-02 -5.082353829116853516e-02 -1.620852178356639306e-01
2.631861727618083346e-01 -1.329594078344837227e+00 -5.823176984540514578e-01 -1.243142918072674741e+00
-5.968949669441497852e-02 -4.638048885057952653e-01 -4.132737575664823665e-02 -9.566405729139167979e-01
5.408959395560277716e-01 -1.159603983988901188e+00 3.159683083203913556e-01 -1.511222546624813923e+00
-9.425645498325190702e-05 2.276891499207553751e-02 -9.772685530992993030e-02 -2.087429027824899974e-01
5.310609657707084930e-01 -7.449324189548500730e-01 -2.145793549565635713e-02 -1.592094379302021467e+00
6.587110290942154596e-06 -3.016653520716512511e-05 -1.263743711405240278e-04 -1.788293594180187897e-04
1.157724974563212328e-01 -9.584019299549160209e-01 -1.665228772825810000e-01 -1.442064625031063807e+00
-1.137633664491209950e-01 -8.048470090177359815e-01 5.441210818989589137e-01 -1.705653048945416472e+00
2.536142293591842067e-01 -8.060090599978844139e-01 4.162008223242291693e-01 -1.675666418316416051e+00
2.984923095539110949e-01 -1.346216549972583998e+00 -4.697431692591894081e-01 -1.047412317717319130e+00
-5.223002381662519150e-02 -2.604853209824622984e-01 -9.734269726262424760e-02 -9.177771068236741936e-01
5.296281742312209002e-03 -3.535257171603697346e-01 -1.068000615961567229e-01 -8.554567243093638140e-01
6.058230282659179261e-02 -2.329241297920694176e-01 -1.176964455282883838e-03 -9.568431843021695249e-01
6.773669119088096872e-05 2.645817309361419282e-05 -8.181150011180279348e-05 -1.797265961410913593e-04
-4.170481426215529031e-02 -2.493930140934694228e-01 -8.877246976597844008e-02 -8.192231584682684309e-01
3.517551517896693736e-01 -1.130432292265604266e+00 4.386951997890126131e-01 -1.721909244227892932e+00
-5.935724727129091174e-03 -4.588326394338476666e-01 -4.777167403042879568e-01 -6.283716700913495323e-01
1.479885019477134855e-01 -8.520222949211063712e-01 4.195470006023635512e-01 -1.725685461716193192e+00
2.630585794549631928e-01 -7.464124628628457936e-01 2.183558634200031823e-01 -1.699094354344778735e+00
2.571612980996231257e-01 -8.994614768501661972e-01 1.797628792368833606e-01 -1.787691991197891017e+00
4.490420385535494607e-01 -9.934963105248407755e-01 2.281646254002075991e-01 -1.473547392546602719e+00
4.222398796867571531e-03 -1.386273184668720092e-02 -7.402766815025244029e-02 -1.674313380496599557e-01
2.065726643589944067e-01 -1.164410582257671578e+00 2.204436886839105658e-01 -1.654515298689295477e+00
-6.304953076601675643e-02 -3.001005799140316066e-01 -2.739086217638421750e-01 -7.714144377199320113e-01
7.163244790221291269e-05 9.771306522070469594e-05 -1.414919587211600955e-04 -2.612764402657484020e-04
7.064777175617821259e-01 -1.521619563127748265e+00 8.387926215115493189e-02 -1.705994866777862162e+00
1.049203188942928952e-02 -1.081313949488942328e+00 3.935092598631832750e-03 -1.493822466847404495e+00
2.687298623145589760e-01 -1.016664324979630329e+00 -1.543053991336547359e-01 -1.303184084195296633e+00
2.068355698593021472e-02 -9.711656947246318644e-03 -5.852145055172104648e-02 -1.764395246767569148e-01
3.221524324617013046e-02 -2.303476070469531733e-02 -5.456318278672371569e-02 -1.564776147119952832e-01
4.286077187250192898e-05 2.916892414500846288e-05 -1.357284191936491112e-04 -2.513560982587731310e-04
-1.671661361557093828e-01 -6.771644899938166207e-01 -3.774566035154090088e-02 -1.710196848270359560e+00
4.720820881882338560e-02 -5.536231800059592256e-01 6.207836678861271273e-02 -1.538693265989105718e+00
6.348372502550687635e-01 -1.488985849348471557e+00 1.717959491896041690e-01 -1.239943613208368989e+00
