-1.609445590364459722e-01 6.275130518512879452e-02 1.019798576764955111e+00 -1.015449317747873170e+00
-4.335475716378493494e-01 3.752664491422649708e-03 9.766020034609429468e-01 -1.128908290441224205e+00
-4.842156299091273652e-01 5.013903067625884447e-01 1.233723060713885156e+00 -1.506333820535196599e+00
-1.396279484110278801e+00 1.587618547795586643e+00 1.146407120281288217e+00 -9.280132288916790317e-01
-7.066628069313702909e-01 2.900946877625981135e-01 1.536142151790860000e+00 -2.040511999383241459e+00
-5.319534091990935076e-01 1.980610019512080711e-01 1.148828310550757958e+00 -1.120484715693655708e+00
-7.641745126928541909e-01 3.979910470609330786e-01 1.177778208577106689e+00 -1.511396461268438074e+00
-7.170168581501875638e-01 1.039677500476274413e-01 9.647839060736828065e-01 -1.632565579300154557e+00
-5.362181847953905178e-01 6.512724339660701522e-01 1.123538320143248503e+00 -9.682782930505231533e-01
-3.803920809042415363e-01 7.901060315198883410e-01 1.244917705504783756e+00 -1.311158234381331278e+00
-5.566780379413102109e-01 8.739101753706528530e-01 1.345735799895109830e+00 -1.249599727072747690e+00
-8.161415058401342293e-01 8.050956961242760057e-01 1.266582547862870500e+00 -1.741344118150052633e+00
-4.260642732509347663e-01 2.991835920543501337e-01 9.047365270204630328e-01 -1.119397303472305483e+00
-6.972692237577506891e-01 3.823655159241364232e-01 1.013528242495470799e+00 -8.735831121575511338e-01
-4.934632080761432449e-01 -1.256290425636011898e-01 1.072717263405922772e+00 -1.426657174870090694e+00
-7.589893400909250021e-01 4.140121951000365619e-01 1.327956515795211345e+00 -1.589362728415162351e+00
-1.063013593880497876e+00 1.035805714965987612e+00 1.334405340937986573e+00 -1.512924609180763103e+00
-2.883090663933980946e-01 4.714407337853736002e-01 8.954248087193668049e-01 -9.934535015311938277e-01
-5.047860688489935743e-01 1.267885079900849810e-01 1.102945818311890536e+00 -8.369771061907643750e-01
-5.001549590587438532e-01 3.112248463226847117e-01 1.134868497425806089e+00 -1.598955313039046811e+00
-7.858738428801687048e-01 4.740751818918905180e-01 1.085173721765758881e+00 -1.468794352266903580e+00
-4.131134181681913042e-01 1.055311564966635862e-01 1.208487866310549386e+00 -1.372492811754352005e+00
-2.741109944397110976e-01 2.853570096919839649e-01 1.304252994818481337e+00 -1.622042411235911530e+00
-5.730770358070367276e-01 4.599803549801628755e-01 1.157731672751143970e+00 -1.290638512403202265e+00
-1.027330359202982546e+00 9.456722391911334125e-01 1.073967518873365723e+00 -9.301254206737274988e-01
-7.028710689057026118e-01 3.068902860532148891e-01 1.482972747459029739e+00 -1.578488179008119774e+00
-9.483607443742483323e-01 8.798786856145478508e-01 1.105515063539815435e+00 -1.445452682496548569e+00
-4.747544072091660072e-01 3.008004700161180378e-01 9.503444790334217851e-01 -1.232545597270381155e+00
-5.171306596603739703e-01 6.111514751765421138e-01 1.032239296050511124e+00 -1.252300206222632717e+00
-4.643329919759197622e-01 3.221938638488347495e-01 1.304929693873212893e+00 -1.090460223638243242e+00
-7.437791276375781413e-01 4.703823341316521467e-01 1.181116666084691014e+00 -1.074610339523935032e+00
-5.996153077594160719e-01 7.012539750073958356e-01 1.202157920639549182e+00 -1.075298206783261046e+00
-7.767406676481657390e-01 5.550002727598229990e-01 1.136318127067208694e+00 -1.324381649330110156e+00
-4.034394299904724979e-01 2.683026762899564654e-01 1.255493124100820257e+00 -1.496330394875238445e+00
-5.723606264962821655e-01 3.715766733853727022e-01 1.142547221609103936e+00 -1.669111441171613697e+00
-2.210166140744497243e-01 3.870246480279170287e-01 1.361206075512011227e+00 -1.222611505057020542e+00
-5.316977114548766536e-01 3.225394921244816859e-01 1.249340722681133276e+00 -1.450940334150042199e+00
-8.012726693340139761e-01 6.501709758511636794e-01 1.155598103955514322e+00 -1.487005981341376959e+00
-6.923754973547718850e-01 5.030509835828034237e-01 1.206573779646485267e+00 -1.295946110034981613e+00
-8.589413337932036985e-01 5.032079097243149501e-01 9.213954804149662170e-01 -1.148140131432106692e+00
-4.746660063306231137e-01 4.018546159017921116e-01 1.749369998710526897e+00 -1.860005428320828047e+00
-2.556015459955169322e-01 3.295950800193726549e-01 1.271251848109481886e+00 -1.360976862202318616e+00
-1.043807644339298291e+00 8.215075513813787644e-01 1.253669796870337416e+00 -1.449994169281287215e+00
-7.792260991443828999e-01 5.978358233792933074e-01 8.708156986852072512e-01 -1.076941878630229832e+00
-5.302330989372819881e-01 1.841391216917826201e-01 7.027291019779268177e-01 -8.706647329566999938e-01
-3.789371361625334389e-01 2.423209963391608213e-01 1.565946382737955389e+00 -1.812090551277528494e+00
-1.022979042328720167e+00 7.297604684675725872e-01 1.366945496745909816e+00 -1.252530517381039488e+00
-1.808168875099487594e-01 3.964947199578084946e-01 1.681689090929458230e-01 -7.256463071571569445e-01
-1.894231860995917727e-01 2.749871247279301323e-01 1.086933343550735342e+00 -9.629852827454462583e-01
-8.043400788698574777e-01 2.582281439407477786e-01 9.560404866970011462e-01 -1.125566863842147880e+00
-4.513175803098598005e-01 -9.399665012499557049e-02 1.110001627572151373e+00 -1.450702813832391858e+00
-1.061331025243604342e+00 7.200097206070177336e-01 1.132831925947330953e+00 -1.181826506039693303e+00
-4.421057835857222229e-01 4.346632808942575976e-01 1.196793995691700196e+00 -1.570382497733734617e+00
-3.078252158403154692e-01 3.279583920608572511e-01 1.015274159892764594e+00 -1.302693221766677789e+00
-8.544693545950252656e-01 9.745345276812927837e-01 1.414961170582272221e+00 -1.143861758486082847e+00
-6.770759433226231083e-01 3.979746845555851009e-01 1.606616249934601504e+00 -1.414702730743036652e+00
-6.319265881178024458e-01 6.851237037502670990e-01 8.905467819494176096e-01 -8.185469422854187993e-01
-4.132686524903429470e-01 2.842901682611906344e-01 1.139217991758514570e+00 -1.490695695648768027e+00
-5.936328492380524846e-01 4.588476491695358539e-01 1.337847015137858531e+00 -1.472868280571618893e+00
-7.714513017203858958e-01 5.323854971706087902e-01 8.482483805187738257e-01 -1.399233910464151798e+00
-1.254861024170820460e+00 1.146466940467110840e+00 1.602826885956434078e+00 -1.599865988913471648e+00
-3.446906289167502302e-01 3.633779602041343204e-01 7.904397920312402626e-01 -9.272858561793575483e-01
-7.322250051093068257e-02 2.390948865334785456e-01 1.203168389465546051e+00 -1.351177931040294933e+00
-8.733889150799022394e-01 1.017444349109250107e-01 8.000898319912099765e-01 -1.555262223880477190e+00
-6.932345139111414367e-01 6.462676641466356120e-01 1.563357120022851099e+00 -1.257847802055885200e+00
-9.132190309021744890e-01 6.509537229536488390e-01 1.209072652347220611e+00 -1.315503472693027476e+00
-5.806964122123913219e-01 4.418844020055985311e-01 9.484659785802298515e-01 -1.258274401725539837e+00
-2.689881689741088211e-01 1.653952698866302806e-01 4.591981123866982761e-01 -4.751898198574754373e-01
-5.115578232290388799e-02 1.718660894237993564e-01 1.011690422867282280e+00 -1.076643739981338666e+00
-8.044757722513742326e-01 4.094237272976014586e-01 1.283781125821421121e+00 -1.662309798853992104e+00
-4.130496644187010014e-01 7.703378501675295364e-01 1.090770465517178156e+00 -9.261745611580487481e-01
-2.783220757058415540e-01 1.539222748948873565e-02 1.351355511725574443e+00 -1.610850604493570648e+00
-1.098736937808862724e+00 3.364863405124572937e-01 5.802695728264138930e-01 -1.195619373034460642e+00
-1.033361366654857116e+00 1.183600980356739107e+00 1.296255032245572814e+00 -8.896778521591539590e-01
-2.491574010394871086e-01 -2.003127691988141820e-02 1.380277073751551287e+00 -1.907435001360944238e+00
-5.456634735259761060e-01 6.233817419345885069e-01 1.084415383090218565e+00 -1.111832214662111351e+00
-9.396953742921196895e-01 5.843220742609828156e-01 1.689026777298374693e+00 -2.009936030168628207e+00
-4.896852201923079240e-01 1.479143658631029701e-01 1.121599018842460715e+00 -1.288617188215403608e+00
-4.568954534286485680e-01 2.930781819561495971e-01 1.111499156654915721e+00 -1.204521980318475460e+00
-6.439891217066681106e-01 6.201363705785150060e-01 8.001540119459522593e-01 -1.008521642965745757e+00
-3.392228415236456240e-01 8.787332885458244702e-02 1.146656655773192091e+00 -1.403751022962545170e+00
-9.604570609944189652e-01 7.509951521551053721e-01 8.352509543410530091e-01 -1.365444027123312143e+00
-4.474186056358853691e-01 2.375633925255597190e-01 1.427118534113356541e+00 -1.678172757307708540e+00
-3.963648340609346454e-01 2.357249977936880514e-01 1.099810486149844335e+00 -1.239842212322492809e+00
-9.305531542988622062e-01 1.004006206723945915e+00 1.331225817406757939e+00 -9.575110848629828642e-01
-1.405606510088200367e-01 1.599747135994042946e-01 1.132658013176963685e+00 -1.534761516073281262e+00
-4.421342565323731488e-01 3.552674212632374040e-01 9.433188767389557583e-01 -1.110130604703480017e+00
-1.015792598811739333e+00 6.133989260197484361e-01 1.109746264184723996e+00 -1.513069886841734268e+00
-6.158274041773159624e-01 8.595343542738898002e-01 1.295817447359292940e+00 -1.127034996833565561e+00
-7.263041102840850360e-01 2.589133787066500991e-01 1.248101844199340338e+00 -1.209652515161915964e+00
-4.769172216483241189e-01 6.796287329465684479e-01 1.136549663710681113e+00 -9.639824967787381516e-01
-5.258276215911005247e-01 5.184046006282235775e-01 1.440464333041587830e+00 -1.439978047858967658e+00
-6.932098210241174341e-01 2.641516926397585729e-01 9.850987513714908328e-01 -1.162936736835508134e+00
-6.764799884376342387e-01 1.596566289890344881e-01 1.335679834280136147e+00 -1.890829434909466533e+00
-7.356738893753221875e-01 7.141624545912228506e-01 1.050935018200897852e+00 -1.278385838498067528e+00
-1.116643454313443584e+00 1.064035700842716370e+00 1.208403262902155939e+00 -1.570865723138244130e+00
-9.961014671674801590e-01 7.120668456305677685e-01 1.158880518631791423e+00 -1.276773505987522928e+00
-2.256635984269420303e-01 -1.372036940151758477e-01 1.250416099305110107e+00 -1.868244342894237464e+00
-3.804709311407172279e-01 3.161845553351834148e-01 1.093459676511983947e+00 -7.762776256478782777e-01
-3.703941032095602881e-01 3.277709779857236327e-01 1.159961220510200341e+00 -1.273833260107849918e+00
-6.554631074906964727e-01 5.008684778624359346e-01 1.011894371504006740e+00 -1.207148153296852211e+00
-4.684493865927570888e-01 1.416755037454775212e-01 1.515420491247083001e+00 -1.650853927788153985e+00
-6.138167948443825628e-01 6.747683555978148950e-01 8.758939947295358852e-01 -1.039738581467715584e+00
-6.193663029165071832e-01 6.776776330995760989e-02 1.269118310214915946e+00 -1.646119352317888085e+00
-7.879131173581430669e-01 1.014686644721524811e+00 1.188121874631244301e+00 -1.090883399279728661e+00
-6.108455699403657624e-01 2.094161445497593199e-01 1.326385995613517998e+00 -1.449928545958312887e+00
-6.400375392374501038e-01 4.433423512896603191e-01 1.230230738004346014e+00 -1.270863069532991219e+00
-1.046348396229948463e+00 7.713698261452854865e-01 1.270469507778459572e+00 -1.789995902843307896e+00
-3.561940863229083321e-01 6.220688823640840859e-01 9.424181880682143131e-01 -9.639974884749008543e-01
-4.445205188453665301e-01 2.797348230543873493e-01 1.082937663535645356e+00 -1.205553202367545484e+00
-1.707371457136351300e-01 -2.091156848446214245e-01 1.132161491331396430e+00 -1.758659407174696598e+00
-9.446472860446585296e-01 8.414769265746008253e-01 1.325439375205156090e+00 -1.482503085606200033e+00
-4.894407574884719891e-01 5.065156751640488286e-01 1.221502698720726476e+00 -1.196292286384513792e+00
-5.944253627170988930e-01 5.238887196760882992e-01 1.265393559711063487e+00 -1.238637902926219780e+00
-8.908553719529533899e-01 7.080542998606816907e-01 9.321120640826053849e-01 -9.966678348983105673e-01
4.631448542236742680e-05 1.121506372748203864e-04 2.400942215490479693e-05 -1.186185604717305040e-04
-8.572061963624365566e-01 2.380326006345532541e-01 1.034135636879779829e+00 -1.689430044244764506e+00
-7.695888279909818275e-01 8.013614429777969894e-01 9.376374919020795673e-01 -9.899392240481498240e-01
-2.515811753196118827e-01 2.294601084800185764e-01 1.353031298309653740e+00 -1.452935991823458561e+00
-8.351199422974099340e-01 3.150905749387650778e-01 1.473470799454635660e+00 -1.499437603823404741e+00
-9.149362950280427453e-01 8.110529647311371937e-01 1.134165624073266265e+00 -1.011005750148365134e+00
-7.098417509021622829e-01 5.147490018092896191e-01 1.609026271574084399e+00 -1.674200459820069486e+00
-4.331108111331936628e-01 5.552037595275767512e-02 1.047956568428268564e+00 -1.626340674655771368e+00
-3.414686421240316072e-01 7.580423744490865090e-01 1.097445717465163284e+00 -1.061951786963552413e+00
-3.288731601981054742e-01 9.392641887522281546e-03 3.537469782112924732e-01 -5.628738991072201880e-01
-5.635419266973067387e-01 5.541609097658759531e-01 1.516045341760076326e+00 -1.943915008838835723e+00
-5.762468771558429959e-01 6.299805319950275706e-01 1.385292087357593127e+00 -1.091958071701985222e+00
-3.313483484996231354e-01 3.702008206896521547e-01 5.683527796895868622e-01 -9.750012785005153226e-01
-1.197955690242062055e+00 7.126521473435659670e-01 1.081069238421084489e+00 -1.185160913562887108e+00
-4.307634495201087543e-01 1.312103024928752137e-01 1.336195157505050357e+00 -1.456348085902140044e+00
-4.575519010625928584e-01 4.210327171589173800e-01 1.150905176690719456e+00 -1.345128786941608645e+00
-7.909014028862194623e-01 8.432330038426852914e-01 7.932748949379410108e-01 -7.721876000405437646e-01
-7.216578452031247037e-01 5.641463903414687397e-01 1.176536546658223159e+00 -1.485080938041414500e+00
-5.809378102381562714e-01 4.594812716717063261e-01 1.218168135802241814e+00 -1.149760831697419716e+00
-4.747528226858041545e-01 4.490266288404184784e-03 1.322481071830955424e+00 -1.698975529215803526e+00
-5.784487665678956780e-01 5.815275299136859477e-01 8.649688699803863567e-01 -1.134423394549492814e+00
-5.387288909952131499e-01 3.353137200479634483e-01 1.216820583034875058e+00 -1.667194409929507293e+00
-4.631810987321023920e-01 3.408360715542793629e-01 1.500513411054929414e+00 -1.485586661689877186e+00
-9.844207434099619912e-05 -6.124758260170699495e-05 1.201489296774078540e-04 1.809629958197773260e-05
-9.264118569750839915e-01 8.036982323886454616e-01 1.444127696827988583e+00 -1.867712572113173319e+00
-9.410841917676213697e-01 5.003660176979003449e-01 1.063732963017100630e+00 -1.346256180030984240e+00
-2.503046530452399110e-01 1.594218615024429186e-01 7.296933027848886422e-01 -1.162126120441307364e+00
-6.253944254499450572e-01 7.820675262344697343e-01 1.488557036651165122e+00 -1.153252862615019136e+00
-9.477097631820705637e-01 7.799253108191724904e-01 1.380073604941498555e+00 -1.300442240391933346e+00
-3.080002238232362743e-01 9.677801383527297185e-02 1.217433468059903046e+00 -1.706484830193047530e+00
-3.410617619731232120e-01 5.887220878986876293e-01 1.316872478029095683e+00 -1.466878839713293470e+00
-5.081110147129855870e-01 2.213968382275604274e-01 1.543029574147812166e+00 -2.097995425503055511e+00
-1.001227464395027189e+00 7.290902415931169722e-01 7.944424089058548244e-01 -8.637781267686542863e-01
-8.242385957648089567e-01 5.614630517470415860e-01 1.548795707286066747e+00 -1.329145942130016689e+00
-4.545191844482141530e-01 2.524124621117528888e-01 7.479248232229739335e-01 -9.708815826982528652e-01
-4.663315007407992097e-01 2.075326619477467494e-01 1.377749843022030962e+00 -1.748792006711653579e+00
-4.747177757650306029e-01 5.496151398553968948e-01 1.319438999893597142e+00 -1.485057538869346550e+00
-4.914054004502888540e-01 3.853312948364638335e-01 8.484432431056764257e-01 -1.108696443500570838e+00
-9.927203572672996801e-01 7.495080837188217160e-01 1.229686667451133975e+00 -9.086753961643555533e-01
-7.227256747399833925e-01 5.300727084217434770e-01 1.175186774135273726e+00 -1.386034106886233186e+00
-4.614311921741371947e-01 -5.952708750309868013e-02 1.123481126915894857e+00 -1.569539234413051210e+00
-5.621857472446777360e-01 5.831210140679986276e-02 1.050047825707698612e+00 -1.364022193663762872e+00
-4.190140532940048734e-01 5.108851609721577480e-01 1.261706841817878066e+00 -1.032759306295265134e+00
-1.028638119877585355e+00 1.300299622114861275e+00 1.024285333428963662e+00 -1.067349174449830906e+00
-6.054510813358934262e-01 4.860142060253432872e-01 1.199637323246103948e+00 -1.419401263266778068e+00
-5.021637091299677724e-01 4.631057470128689402e-01 1.461001414832423073e+00 -1.499996239303898582e+00
-3.219671099236958711e-01 8.011176379467196962e-02 1.067310888400782032e+00 -1.578859043027625697e+00
-2.535352305277896456e-01 2.483204801579263349e-02 9.624666790258816773e-01 -1.551561710069009337e+00
-1.225162061954263581e+00 7.709017544723107962e-01 1.424755903904807219e+00 -1.380900750306663483e+00
-8.415703296350907081e-01 1.044240964243435155e+00 1.000344715349098967e+00 -6.277033684559986115e-01
-5.060069806251425995e-01 5.430376431714715180e-01 1.695089432972607391e+00 -1.439109922309375733e+00
-4.457139461883936060e-01 1.665707221233947988e-01 1.067981800191562636e+00 -1.270649508874989175e+00
-6.785665760710237748e-01 3.414435862919259490e-01 1.066463027006537168e+00 -1.391792347983151101e+00
-9.958562236875269091e-01 5.215743661411657017e-01 9.693341554958531114e-01 -1.461315946362114149e+00
-4.544834123977132267e-01 7.587832448605118518e-01 1.102271576802724695e+00 -1.108252565472880091e+00
-5.458293794347707228e-01 1.354181912520654729e-01 1.349826733310494298e+00 -1.247281836813463496e+00
-5.014023729319083689e-01 6.941560130382730121e-01 1.070248827023870142e+00 -1.259504453903334431e+00
-6.060525826029543595e-01 2.446235046312288108e-01 1.461155973384316464e+00 -1.422712543996550449e+00
-6.020948263745478091e-01 4.624413812835612148e-01 1.063646648091274960e+00 -1.515536899876442911e+00
-8.405519694954743937e-01 7.843831381498068689e-01 9.043722180882231010e-01 -1.166343970683330067e+00
-4.135489319898032479e-01 1.275375256209854702e-01 1.348326920752567881e+00 -1.901761933675170102e+00
-8.583665482572916394e-01 4.862921023514439889e-01 1.165592869090318784e+00 -1.270974180645339402e+00
-8.890834134004171885e-01 9.307709046066307002e-01 1.019252674041361217e+00 -8.865467917694347388e-01
-4.809056300669741768e-01 4.074406994869142484e-01 1.098510196188615007e+00 -1.219586160525887086e+00
-4.086884166722559719e-01 4.218589506404474276e-01 1.276808550884020788e+00 -1.384872111684382290e+00
-5.692815708967997601e-01 4.366652541377480934e-01 1.407574261236375746e+00 -1.528550884684504174e+00
-5.220452011638961887e-01 2.840426683024729546e-02 1.080451282676622160e+00 -1.444564826765981636e+00
-1.112841934852087489e+00 7.116041934790019452e-01 7.701605733134847531e-01 -1.012840231315994100e+00
-7.976366396415560667e-01 1.499756287869938642e+00 1.689851141078132057e+00 -9.693804847033479222e-01
-1.243499433994977033e-01 -2.674570330403315821e-01 9.758675451933195300e-01 -1.752430554869000234e+00
-5.074532621551772760e-01 6.426088439239209249e-01 1.224195098258827663e+00 -1.303320279650700408e+00
-5.406625328533799513e-01 1.806112582475886130e-01 1.233256806514673176e+00 -1.306844668524587139e+00
-9.707400928430569564e-01 4.571485853492271989e-01 1.323723606814086518e+00 -1.672924833253049082e+00
-4.677639726918457197e-01 1.237282562320138890e+00 1.138753416662644957e+00 -8.083215991819941992e-01
-5.558172619352523824e-01 -1.173109903990166847e-01 9.644427443778166298e-01 -1.447539228531363298e+00
-6.622511533187622756e-01 4.776197621415034789e-01 1.300990595809733641e+00 -1.529398645783922150e+00
-3.067962685365475672e-01 1.121444011101829924e-01 1.007046610236755013e+00 -1.152497373223810850e+00
-7.304697963958174389e-01 5.968898497634208544e-01 1.195186550552154836e+00 -1.214133828116159775e+00
-8.499513035653367687e-01 5.174519468078516704e-01 1.203809720901970914e+00 -1.310780139957602897e+00
-5.884842817162976303e-01 6.471883073341975212e-01 1.145938674675126556e+00 -1.453847731302363000e+00
-5.903511544564179481e-01 6.308445158218783932e-01 1.234079452136108035e+00 -1.337533120957568933e+00
-5.367952081047387969e-01 3.791808719018383012e-01 1.233792722880478365e+00 -1.363708815225630477e+00
-5.096338758737430918e-01 2.321847287302997720e-01 1.156563876654653988e+00 -1.495599104714029126e+00
-8.097348829167262396e-01 5.000779718166733501e-01 1.125458983404226343e+00 -1.279349446071877949e+00
-6.658201063907869255e-01 5.739392654567583296e-01 1.056926852297233266e+00 -1.176854041405887452e+00
-2.704143784133156148e-01 6.945063672835546376e-01 1.391364029528608492e+00 -1.421047057517193180e+00
-7.789888567234942718e-01 8.221977357313992041e-01 1.136154819361686386e+00 -1.140428864432676992e+00
-3.980961613851066727e-01 -1.112017398205543267e-01 8.136846970571016691e-01 -1.165297004841206130e+00
-8.249117751272658783e-01 4.254742906015522297e-01 1.246664346853572081e+00 -1.404351824091722101e+00
-6.767854290394056394e-01 4.279919224282192625e-01 1.293443236296536236e+00 -1.501494564126027331e+00
-1.026737216154233634e+00 6.984915922678661682e-01 1.133713045162568545e+00 -1.374569490346669420e+00
-2.736372606564646537e-01 2.141336905799242629e-01 1.292996521616063266e+00 -1.480014764068348976e+00
-8.011900760583017256e-01 3.956859255581057777e-01 8.553442219174812733e-01 -1.062018576828051231e+00
-4.296880622358073554e-01 2.564157741172097826e-01 1.063936515437669428e+00 -1.334215519098592484e+00
-4.820223953683392404e-01 7.313997712704878307e-01 1.598565138633411875e+00 -1.417106992179805180e+00
-5.718518922145423566e-01 4.010109660054632652e-01 1.267849114742622518e+00 -1.145441420979760760e+00
-4.570043449708556249e-01 2.403937184347013090e-01 1.116639336083992351e+00 -1.462121991149129219e+00
-3.121496938758666073e-01 5.215725372517434621e-01 1.147023863865102244e+00 -1.283364747403499706e+00
-6.661881337977472173e-01 4.790787426491368017e-01 9.180700745309334776e-01 -7.130926741651316680e-01
-9.943951019617961462e-01 6.384166363084236018e-01 1.369959343910425620e+00 -1.976017306795283757e+00
-5.271268983768685468e-01 6.869745332141351524e-01 1.610502446922966291e+00 -1.673481359131512969e+00
-7.609541011703754299e-01 4.616837224031552500e-01 1.244420283889288159e+00 -1.407668947846046903e+00
-6.323536154704132439e-01 3.580530434468505163e-01 1.054074446311091151e+00 -1.136546890350284444e+00
-4.302325072440423281e-01 3.109651460847326909e-01 1.128033008505474832e+00 -1.354964789498836586e+00
-7.724284300768241573e-01 5.716382403521373945e-01 8.730910242814353683e-01 -1.112617062597320849e+00
-2.557784659414370207e-05 5.451312765034518036e-05 -1.648184574257439635e-05 -1.566594091578867086e-04
-3.541012182970288968e-01 6.776303339747007382e-01 1.426075090376965893e+00 -1.457930355931589039e+00
-1.115413181187344227e+00 8.058572461184594360e-01 1.049189599860241406e+00 -1.125428817377535085e+00
-1.091888982417072579e-01 3.319348704742330347e-01 1.150582709199053033e+00 -1.060574516893564301e+00
-8.133891347147378381e-01 6.394565708107823043e-02 1.492954306298744038e+00 -1.716268680048147699e+00
-4.888709454145750422e-01 1.905745949423768848e-01 8.792614249010255456e-01 -9.972221350331873513e-01
-1.012622419374087146e+00 5.381523833719460415e-01 1.076849980648919569e+00 -1.327045280481248701e+00
-3.571759917290950881e-01 2.935586584927013520e-01 1.047713134218588138e+00 -1.783256465399216895e+00
-5.901714402709127283e-01 6.414954197538057512e-01 1.364163274707664408e+00 -1.124328816131326514e+00
-5.524026478513315297e-01 6.374605884528775634e-01 1.505215627556181213e+00 -1.421737706592580475e+00
-6.137995760251816479e-01 6.504188494351164085e-01 9.519167927142012653e-01 -9.104028958518055603e-01
-2.955882788912859716e-01 4.704156105830005763e-01 1.151468929280459186e+00 -1.160289929527855479e+00
-7.713748486303788621e-01 4.273388616285969110e-01 9.029305694378940705e-01 -1.369262493964778615e+00
-5.682095401594694506e-01 1.327549807700427187e-01 9.459436937794709621e-01 -1.370738979312625450e+00
-7.814661889999542366e-01 6.181377785912192113e-01 1.707377915936899360e+00 -1.562713721051071980e+00
-7.714310660283427712e-01 6.063475098379798034e-01 1.315573807072399459e+00 -1.397353968085461196e+00
-7.530777999739042272e-01 8.627951643341675858e-01 1.370267838756449086e+00 -1.128525024314013914e+00
-3.612125340000722495e-01 4.154958733653421610e-01 1.357722689388997539e+00 -1.629448800552023124e+00
-3.320309362018856736e-01 -4.713253287794036579e-03 9.303453231949792013e-01 -1.317984477357361239e+00
-8.600243707684323002e-01 4.733508309119817681e-01 9.544503227557001868e-01 -1.211642954582410558e+00
-5.721483866299597043e-01 6.577037947817122587e-01 1.385629152262943808e+00 -1.409057225288800508e+00
-6.468425830097964679e-01 3.925232010185539799e-01 7.355917660331530161e-01 -1.139070628344185598e+00
-6.686343418459095300e-01 8.214196031671922027e-01 1.023215397059299647e+00 -8.282735798959800499e-01
-7.939090483506797691e-01 2.295289195713809127e-01 1.599708312718269854e+00 -1.502448702599250785e+00
-3.269741868875394863e-01 2.356468142511567443e-01 1.007666311006249815e+00 -1.573190372094952938e+00
-8.361762063062190954e-05 -1.246817342715236235e-05 7.082495964628620808e-05 -9.789615169366034820e-06
-7.468299204287380810e-01 2.415391094164633656e-01 1.126994755078216226e+00 -1.642633809092035824e+00
-5.416619389727906908e-01 3.604878758508471837e-01 1.239992457734223841e+00 -1.491379607379159644e+00
-8.344015863451459403e-01 7.495443683502865939e-01 1.292436034946987222e+00 -1.600161110753404836e+00
-2.532109638295144682e-01 3.352228126392632346e-01 1.124111271652697752e+00 -1.141269379065409595e+00
-8.322931069685276517e-01 1.066584939032026114e+00 1.546140297633731731e+00 -9.508926541828554013e-01
-7.453194997104064523e-01 7.625702581576663253e-01 1.027797307601002519e+00 -1.200906666615349172e+00
-2.106659789473555347e-05 3.412592055009107964e-05 -1.425348512688339483e-05 -1.203043210014297885e-04
-4.366524910690205985e-01 1.205066697983021573e-01 1.346563314378432352e+00 -1.876272100615536287e+00
-6.401621423713855785e-01 2.191372575932902245e-01 1.185873039539979468e+00 -1.399945411901470038e+00
-4.983838342000239119e-01 3.335795128407942345e-01 1.087554912863581080e+00 -1.224880017125063780e+00
-4.990353943266234715e-01 5.906539148831809610e-02 9.661714410933426311e-01 -1.191967826912235129e+00
-5.884798961018561370e-01 8.351863646539563479e-01 1.185113949245779175e+00 -7.421964715276341273e-01
-6.329816143459605637e-01 2.584928870911176735e-01 9.885591630594430246e-01 -1.871418144152253049e+00
-9.253128770339996700e-01 9.143386908132348223e-01 1.623127944948247414e+00 -1.554748744702142638e+00
-7.344951391835260468e-01 8.568760544931605105e-01 9.994932270224883286e-01 -1.052369821680779971e+00
-3.069315961977914786e-01 1.274575512589813941e-01 1.039728631988745322e+00 -1.283734039514760727e+00
-1.001513862115886999e+00 4.670438738918203381e-01 1.136520472599154674e+00 -1.826209179110870995e+00
-6.341689693364606084e-01 5.902703796072902298e-01 1.350376966296740422e+00 -1.148855900176631417e+00
-3.349285688896498359e-01 1.531386041313789748e-01 1.150017131539423421e+00 -1.190729099538867741e+00
-1.026475271655606702e+00 9.624534536018491959e-01 1.483426542792446901e+00 -1.649653997536790095e+00
-5.954627689217992792e-01 4.434377667909604748e-01 8.601428673603096486e-01 -8.991640281848104488e-01
-4.708836919549405087e-01 2.143088292816645313e-01 1.025575046569164206e+00 -1.042983974053083962e+00
-3.505562193346889455e-01 9.072255869926909577e-02 1.359153389470481255e+00 -1.813184444341379375e+00
-6.184246980295061702e-01 6.742403936497440853e-01 1.134975322416223342e+00 -1.119285836827182079e+00
-7.540409114233955767e-01 4.887279004859275688e-01 1.270679762243354771e+00 -1.631355128302905522e+00
-6.810921836466872215e-01 2.916664709677356249e-01 9.766176192747454410e-01 -1.312033799978783888e+00
-7.549211094288268420e-01 8.133410353445249541e-01 1.627642083821544405e+00 -1.507295280945932792e+00
-1.650171304131363703e-01 4.340195473014945571e-01 1.011375414025205810e+00 -9.695137247697576122e-01
-7.021455493220783994e-01 3.504900215028443067e-01 1.090258367014328211e+00 -1.261623166477150448e+00
-5.609576704877755615e-01 3.106081042694994743e-01 9.429774104358787934e-01 -1.102047999341987383e+00
-1.016735890670492193e+00 1.185717889909022604e+00 1.472670992027551362e+00 -1.345323558396698926e+00
-9.419728437400642918e-01 6.766657868863857894e-01 1.241174047658106128e+00 -1.395743974872350801e+00
-3.520960380685607123e-05 -5.168785180144442400e-05 8.002329914038355503e-05 -2.848625623667411580e-05
-4.771188268894352436e-01 2.621331549026449381e-01 1.396663168597149340e+00 -1.992153888809092832e+00
-5.118087189001052639e-01 -5.001367386353615168e-04 1.004305711205089491e+00 -1.707967045773311598e+00
-3.642821335545354811e-01 2.460862891303760291e-01 1.247714604324873244e+00 -1.299036920688577457e+00
-4.195167746588714386e-01 5.656724429609040206e-01 1.465882444273972185e+00 -1.127296053417328858e+00
-5.861573018824213221e-01 8.323450807204731960e-01 1.192552816400701765e+00 -1.268622960309040648e+00
-1.288748126618266987e+00 7.620973743951712231e-01 8.615300306487824189e-01 -1.117093272672551096e+00
-4.582757640146286060e-01 2.500841355775704211e-01 1.221204529176015630e+00 -1.575914395854210337e+00
-8.003120183159090351e-01 6.716803231792783935e-01 1.265490388447157999e+00 -1.201804179403719086e+00
-3.040128140747274110e-01 1.058587079046179602e-01 9.139691573414550074e-01 -1.166487913822066513e+00
-8.529592462746041770e-01 7.635482653418705912e-01 1.436116291799121036e+00 -1.493255333711857258e+00
-7.146425679585414192e-01 5.997679953257777363e-01 1.102644011567671889e+00 -1.262020912947108497e+00
-8.165826021739025498e-01 2.985888488787283856e-01 1.097649305892171911e+00 -1.051820913751627895e+00
-5.091461992940953252e-01 4.481380606909300957e-01 1.038757528246588624e+00 -1.359359375409934900e+00
-6.395301721096391390e-01 6.209066365214451766e-01 9.423245540310832835e-01 -9.251202846371049393e-01
-4.335667815072798414e-01 1.990223833959482158e-01 1.086612264791574578e+00 -1.409781885520191569e+00
-7.804932641684859673e-01 8.117147522694815320e-01 1.760573463380989523e+00 -2.010047049439605882e+00
-6.788525084404755106e-01 2.031053700477919999e-01 1.429959129952016017e+00 -1.859840751869295428e+00
-3.651373137868064167e-01 2.604610826929406597e-01 8.282664411561193596e-01 -8.106614659580432258e-01
-3.605704352220796549e-01 9.488157590846106881e-01 1.361175547036232114e+00 -9.991719531673703969e-01
-9.129717260002953028e-01 5.739690343352219504e-01 1.119134215538028165e+00 -1.498641672328514529e+00
-7.445968864730377890e-01 3.499583002706493362e-01 1.185151060548781610e+00 -1.542431237082464435e+00
-1.128400649122194510e+00 8.490481700949950028e-01 1.349999744014636960e+00 -1.463074580328903584e+00
-4.870219296505801099e-01 1.895848422406952727e-01 1.449959369509715712e+00 -1.546630629385236322e+00
-8.939070169884379968e-01 7.326687713024927495e-01 1.317582281569794178e+00 -1.514526937439284016e+00
-5.639517003158462938e-01 7.466570173777264952e-01 1.190635338016726275e+00 -9.622695950097196471e-01
1.442625335728309064e-05 3.375159944326470236e-05 -3.094269940585791867e-05 -1.494558481451781651e-04
-2.594493076597703118e-01 2.215101414099946986e-01 1.317107683588135458e+00 -1.566760176300181051e+00
-4.092351445472651172e-01 3.257878080320614766e-01 1.165935513744518870e+00 -1.545306302902393458e+00
-8.487413770524552259e-01 2.351634728394696450e-01 1.025890858481598666e+00 -1.127474650786182142e+00
-9.663849596899827255e-01 1.240019640735183781e+00 1.224441891780489344e+00 -1.092784571297447105e+00
-6.249037082302723034e-01 4.171131233523289739e-01 1.225437081207739975e+00 -1.315641223901145240e+00
-6.339010354484603260e-01 5.897562410874578331e-01 9.155845589100789494e-01 -1.229643075651476014e+00
-5.656131760076545945e-01 1.622629690492365107e-01 7.231140611772515214e-01 -1.302480130654019908e+00
-7.651665989446535532e-01 4.769588103990415329e-01 1.438321994497915313e+00 -1.229313889962232009e+00
-6.061688384976251509e-01 6.423033551760257698e-01 1.335785022476649653e+00 -1.463214769112737068e+00
-4.661671234981987211e-01 4.368141953427627788e-01 1.309248496193704092e+00 -1.294913195067245448e+00
-5.803004299642944286e-01 2.521739667055224454e-01 8.241744637556428499e-01 -1.108446461073121947e+00
-8.779249770532903119e-01 1.179336877182088905e+00 1.535768925182945610e+00 -1.425155297008549704e+00
-6.952552046614166592e-01 4.443177641799839761e-01 1.233335995093764348e+00 -1.168579798561232508e+00
-1.028845890862823131e-01 -5.394035377320918756e-02 1.348446580629315772e+00 -1.660668864150093071e+00
-8.963636774651398964e-01 6.709308297079034089e-01 1.019891288226524972e+00 -1.266403174233705409e+00
-7.207857459530013777e-01 4.468110921044006756e-01 1.069095526713497613e+00 -1.503343601474102842e+00
-4.445205321067497439e-01 1.909354715493465915e-01 1.052684698568950195e+00 -1.504013734532011703e+00
-5.714469689422380094e-01 7.309552876469076477e-01 1.040025645813614563e+00 -8.137517169107147952e-01
-6.697430955229665139e-01 5.016451977009572794e-01 1.735548868466305850e+00 -1.751807642682851496e+00
-6.566774645783359787e-01 5.530406831680144686e-01 1.141809685760218684e+00 -1.146673296621621985e+00
-4.454576172661261491e-01 7.684806158887960148e-01 8.329649514892067952e-01 -8.800689529095733210e-01
-5.540795125181305902e-01 1.129560972897226817e-01 1.581936387990209969e+00 -1.857336578566010088e+00
-8.867445650326383211e-01 3.237689092704132410e-01 1.149553631833115208e+00 -1.759300346485982658e+00
-3.275593004553072340e-01 6.337315622163340878e-01 1.055396736023541004e+00 -8.102773476944459263e-01
-8.422359153811983523e-01 5.518996103759914451e-01 1.296724862092488717e+00 -1.321245486234511102e+00
-1.123888866410932552e+00 8.069117979191514634e-01 1.270328394056625676e+00 -1.559177642827417110e+00
-2.251819401167415580e-01 3.981073967231029131e-01 1.357517862182138213e+00 -1.258798238920365131e+00
-3.150091175262389465e-01 4.435391994759781409e-01 1.390027858179097686e+00 -1.404009947608093611e+00
-7.129024450235527111e-01 4.122286147567019166e-01 6.669477863184469779e-01 -8.702414583747837273e-01
-8.085053662933547880e-01 4.209211915369941437e-01 1.291093581939699142e+00 -1.589709245339985477e+00
-9.214787448582205664e-01 8.287983323888802323e-01 9.071630482883467073e-01 -1.066406523223587977e+00
-5.818621246262024593e-01 6.197825627763362544e-01 1.438892281883856317e+00 -1.162181197952138811e+00
-5.947451205695074572e-01 2.229248791144599062e-01 1.065488006704163881e+00 -1.145512644055201035e+00
-7.469231020929276710e-01 7.177457181999985503e-01 1.328108804767428319e+00 -1.343168695613512931e+00
-1.300183694726967376e-01 -1.530531339386112348e-02 3.813767556691907701e-01 -9.107964938045949310e-01
-4.753622006120843402e-01 2.743346023813192369e-01 1.102257349488433569e+00 -1.548500607554803121e+00
-3.222381903980228168e-01 3.493981338955854943e-01 1.161232513264460975e+00 -1.468941481748421651e+00
-1.134968119757716387e+00 9.751264106524667463e-01 1.321221611491937065e+00 -1.039237199434364545e+00
-5.052579363809740487e-01 6.791262340434466305e-01 1.353851414528067343e+00 -1.078272963680822150e+00
-5.637509803504020534e-01 3.929616037936353029e-02 8.372441126935262767e-01 -1.300650889410340350e+00
-8.050501299514319919e-01 6.433449580927773637e-01 9.691771273962952460e-01 -1.305200563458206675e+00
-5.690012751376595235e-01 5.807916422498251574e-01 1.395359367154554997e+00 -1.624328300230924782e+00
-5.702780082027152364e-01 3.182385519911635208e-01 1.102631013510830815e+00 -1.389350229179555418e+00
-5.665452947838800490e-01 4.006360976130783347e-01 1.283329295315552399e+00 -1.405962423781778936e+00
-5.996414875872113637e-01 4.091480317312530257e-01 1.166497304784307243e+00 -9.633285161311024858e-01
-7.619007981922318873e-01 8.068953932788526240e-01 1.388367083332019192e+00 -1.543683239136963925e+00
-5.039274706932497239e-01 3.242646918507216536e-01 1.364767194793052640e+00 -1.362271588502374398e+00
-5.757598458083883486e-01 5.291850330942192704e-01 1.308573154999677080e+00 -1.039911147838441741e+00
-4.442610862831859464e-01 5.073415513877230221e-02 7.855646614370477288e-01 -1.408230630760550328e+00
-8.197169637965233679e-01 6.835226007146014693e-01 1.055804156128412830e+00 -1.276805545243209439e+00
-3.622275945733906544e-01 2.263961051908619793e-01 1.141593733585906767e+00 -1.305346409191934232e+00
-7.540543363663809728e-01 6.767307284928661959e-01 1.074517671645888850e+00 -1.413324574557936808e+00
-5.835284437693679660e-01 4.075169237499381425e-01 1.567983716780313230e+00 -1.635659193628273833e+00
-6.874055858014317399e-01 7.370384447975747433e-01 1.295585786123362171e+00 -1.307721952130902698e+00
-7.152360625888104506e-01 2.926940120051340077e-01 8.287192999867933896e-01 -1.072789199416609440e+00
-7.773522896660938208e-01 8.463566561659363607e-01 1.394361359235432252e+00 -1.466588697577063227e+00
-3.104058886560812774e-02 1.098720605612127643e-01 8.750570155184634880e-01 -1.125313396416903311e+00
-1.185990633863230004e+00 3.077227793359704200e-01 1.009859009250168027e+00 -1.433732692469311232e+00
-3.788659192715063684e-01 6.459971211000314906e-01 1.579037722873641636e+00 -1.492882031727786663e+00
-7.139006858278490464e-01 4.069498370107015872e-01 9.717668881025829375e-01 -1.085863462469854435e+00
-9.608785695685834183e-01 7.835948149040300459e-01 1.687698189089974932e+00 -1.791234422174695640e+00
-8.473947156979585449e-01 5.730917604932473930e-01 8.860549515487246008e-01 -9.740052586395002709e-01
-1.004460889920723160e-01 -1.122260953336829820e-01 1.139682680610612175e+00 -1.122340965574366800e+00
-4.414779849063254491e-01 3.274341584801361282e-01 1.197360290568691976e+00 -1.457665858315182028e+00
-7.093152656100797371e-01 7.422027043433413462e-01 9.894505224721334979e-01 -1.315661165311271086e+00
-8.589581712265053071e-01 5.857666420185227985e-01 9.002740426627388048e-01 -1.271838933545512917e+00
-2.105567950462330917e-01 3.838107845049724270e-02 1.014286279410441027e+00 -1.649868317234676862e+00
-7.128677238668076344e-01 4.568171213181809742e-01 1.071992607247370000e+00 -1.389034930528437739e+00
-5.735633959144431637e-01 4.247656190040180468e-01 1.400228216559465055e+00 -1.454721565519241366e+00
-7.251294901200546761e-01 8.318337249856224691e-01 1.435343539203882468e+00 -8.981457700989019521e-01
-5.149889314747641000e-01 3.309545232311784657e-01 1.180273592058102006e+00 -1.727985135907958547e+00
-6.828522589871478532e-01 1.026323663238685735e-01 1.156218458217389555e+00 -1.597246586791203349e+00
-6.420517275929652490e-01 7.601127409840359173e-01 1.369168731942159267e+00 -1.230707629142707260e+00
-6.636460438771042414e-01 8.254369107526990934e-01 9.309644577298673562e-01 -8.708085840068107153e-01
-6.028983873130162596e-01 3.488723893395637710e-01 1.268003400320494301e+00 -1.239806568440925849e+00
-7.072421930599103179e-01 6.853985018557007258e-01 1.428484613078322196e+00 -1.355363978024388460e+00
-8.527436314368227466e-01 4.651793445718238607e-01 1.108524223365801253e+00 -1.142047325522699275e+00
-1.149688760158730505e-01 6.778366970508971356e-02 6.511778824197685944e-01 -1.195976320222408074e+00
-9.479023323182749206e-01 1.049718339183477234e+00 1.310474000911833636e+00 -1.404783104128959792e+00
-5.369096975480734946e-01 1.441508447060835807e-01 1.362100773845088320e+00 -1.517486515490521048e+00
-2.375249263811343714e-01 9.852652240719332599e-02 1.082279133915849068e+00 -1.200413859859696508e+00
-6.570312571413239322e-01 6.078104863389318657e-01 1.097507241032966485e+00 -9.373041514716495826e-01
-8.347363131481518872e-01 7.595180748288605788e-01 1.041970169541958091e+00 -1.273183927123378023e+00
-6.774266741929557689e-01 5.170469474697935164e-01 1.422163072518083382e+00 -1.601440122241991171e+00
-7.618086000598665031e-01 4.132582076167105600e-01 1.279118726608044376e+00 -1.741242052526589257e+00
-9.105048479966532105e-01 5.449401147890647890e-01 1.234166304152678251e+00 -1.252843426969824314e+00
-3.022912078172450556e-01 2.011229832894702585e-01 1.476962247361328195e+00 -1.513430474781532808e+00
-3.136405637654405831e-01 1.194207415144966367e-01 1.133001818987067644e+00 -1.318737136524301023e+00
-2.209345432681395216e-01 1.287922006099248562e-01 1.502460515223822124e-01 -4.676840110326760391e-01
-1.069406839474151827e+00 1.131501042008828284e+00 1.439658974335653596e+00 -1.598228032132525955e+00
-7.417436735909497258e-01 5.861913793623051427e-01 9.571093013881473155e-01 -1.251695406185423298e+00
-7.729594290448007499e-01 6.955502783868137140e-01 1.572168663539856404e+00 -1.765388527865002555e+00
-9.159816516820263876e-01 4.314008257607040431e-01 1.196321427161536333e+00 -1.282353458399761115e+00
-2.265902864896242319e-01 7.895940747254275027e-02 1.058770412945455819e+00 -1.033542301512730965e+00
-4.794404400680589151e-01 5.880415912335149597e-01 1.119556847108311270e+00 -1.357158894845881481e+00
-9.010675130215691775e-01 6.560898496042344430e-01 1.223724023692446927e+00 -1.329983033126446168e+00
-5.695989975467672384e-01 4.392167352280749726e-01 1.065530067152604898e+00 -1.070224401615033738e+00
-4.708388730399288291e-01 6.984729088573610190e-01 1.559161001242787892e+00 -1.466143493794475727e+00
-5.245909378268583945e-01 2.937419322140198408e-01 1.024372933094313654e+00 -1.532714727376169872e+00
-6.145286750359927330e-01 2.163592145289762458e-01 9.823159777134750081e-01 -1.265744008503976170e+00
-5.424902065741201707e-01 6.273169281331930636e-01 1.306212373645708302e+00 -1.381679047960567619e+00
-3.813249304560705766e-01 1.911062204825570432e-01 9.577994838242569475e-01 -1.218573888148491546e+00
-7.686491330941949141e-01 5.455971127935942411e-01 1.239267403277575674e+00 -1.019371221452314957e+00
-4.373476746508489499e-01 1.260950652131688846e-02 1.317459357094718841e+00 -1.671083401386910028e+00
-9.560559646057643635e-01 9.564193528542429545e-01 1.069029030928246637e+00 -1.372217219162160218e+00
-6.986431996211244222e-01 5.028398401782224747e-01 1.181984960597400658e+00 -1.497353691266091413e+00
-5.778142944275926896e-01 3.191975688528024269e-01 1.107927886006350837e+00 -1.280772510724415003e+00
-5.878887878634234676e-01 5.613568220522600072e-01 1.307130338251512924e+00 -1.430045704288168018e+00
-5.631746869804367117e-01 8.236008594712983522e-01 1.218232094367408536e+00 -1.131677052595526423e+00
-6.516470133322489477e-01 1.850692089423087161e-01 1.090200877915566524e+00 -1.308611541961998803e+00
-3.071594032427351628e-01 7.159376753027824059e-02 1.218455403082680188e+00 -1.530921331376543737e+00
-1.077348324527323653e+00 1.375885877749935204e+00 1.300807439671378907e+00 -9.289784653539689963e-01
-3.981009941755791481e-01 -1.324564504345658589e-01 1.272931550411419144e+00 -1.572478339629895805e+00
-5.214631978380221966e-01 3.688465736719105936e-01 1.003629318294348982e+00 -1.260292298749182471e+00
-9.098868224736582633e-01 7.415526811372347149e-01 1.077863359664665621e+00 -1.383226522920849799e+00
-5.200729218918441477e-02 3.811139955322535022e-01 1.167568016854152901e+00 -1.264343468494445233e+00
-9.155988394855989476e-01 5.593733087237735546e-01 1.239761596190151138e+00 -1.130452419745411774e+00
-1.445981966551557640e+00 1.077877106074221825e+00 1.111681276515213090e+00 -1.419355182767731316e+00
-1.998473268201284292e-01 -3.956645319406689731e-01 1.006122207868805241e+00 -1.378948560145725200e+00
-4.535188555625612739e-01 7.448683394156508930e-01 1.400594189871796624e+00 -1.430698469152698937e+00
-4.787897624584186995e-01 5.072249388779555002e-01 1.190598530889402928e+00 -1.310295202758713140e+00
-5.238225938835989748e-01 4.460183742087646674e-01 1.504761042027707107e+00 -1.410924087952087902e+00
-7.792715132389216315e-01 5.260766743263570744e-01 9.066036734957466647e-01 -7.815020035080311178e-01
-2.757627996632657230e-01 1.815049816911134262e-01 1.211579532586497310e+00 -1.800406783706976599e+00
-1.030897681846424385e+00 7.115240894811156735e-01 1.022658531716567065e+00 -1.358770886177224302e+00
-5.192212981358684809e-01 4.505538005709113780e-01 1.086996825221740570e+00 -1.266376951249678973e+00
-7.665854074369675697e-01 5.285726943519997167e-01 1.349845716026120579e+00 -1.547178014112131406e+00
-5.159681820183734668e-01 2.309197814791804082e-01 9.666771268163630859e-01 -1.316675353365668100e+00
-8.465861411223679633e-01 9.270245474429862353e-01 1.457276069235705851e+00 -9.066539981714485386e-01
-4.232626843293029739e-01 1.662900541534984011e-01 8.731595323094201166e-01 -1.451112621223792809e+00
-5.168801049427346195e-01 4.288946444125891211e-01 1.094476364292514825e+00 -1.013217411396101664e+00
-6.564640671074793987e-01 6.134230042127013505e-01 1.351613893609544759e+00 -1.430005506066741816e+00
-6.319708344699488389e-01 4.451965975900072370e-01 1.212189676501337798e+00 -1.627010962509589875e+00
-5.316532162417292318e-01 2.355622806527179203e-01 8.429645597389175959e-01 -1.114753835858039555e+00
-7.747136712060634922e-01 5.492624576223134047e-01 1.399389886923549264e+00 -1.551882541927664505e+00
-1.046246942770209465e+00 9.425208251843882890e-01 1.759123081553426227e+00 -1.741454116969379573e+00
-4.595963746418060825e-01 -4.061443979953553718e-02 1.048929859757495198e+00 -1.579887562794360489e+00
-3.694859415886179166e-01 7.019918962031470588e-01 1.349231839485782514e+00 -1.210484527305602853e+00
-6.430689249416626785e-01 7.451722198603789593e-01 6.741612001217015537e-01 -7.225697174510306020e-01
-5.473065753911925402e-01 3.178583317236722411e-02 1.130608035016904545e+00 -1.461009136650282203e+00
-6.324154600597865494e-01 9.449022767123569366e-01 1.303526941096114999e+00 -1.302674674642313679e+00
-7.998493945350552137e-01 5.889362855300699362e-01 9.637939264967457786e-01 -1.136260701060320955e+00
-5.435245291361946451e-01 2.868370385393228528e-01 1.259554715592815954e+00 -1.297428497662944435e+00
-2.323370003488383351e-01 -2.648468203860816078e-02 1.354993361509614580e+00 -1.447167000893779587e+00
-8.298558496390578965e-01 4.562264011507976558e-01 9.992382535218361506e-01 -1.552051154391856258e+00
-6.558849780578660527e-01 1.145882023063163002e+00 1.629684098168424189e+00 -1.328420332194026443e+00
-1.630920400950263971e-01 -2.949013391699195630e-02 7.297866808375824688e-01 -1.075165872944873868e+00
-7.259938206573796071e-01 5.091520933749963396e-01 1.226202990738875842e+00 -1.471573360816754716e+00
-5.535864632358452608e-01 1.707052476299386612e-01 1.027714354233810301e+00 -1.184346000926982612e+00
-9.557574618575576109e-01 5.272609244146022611e-01 1.283454874561805736e+00 -1.592487586283239276e+00
-9.029968570432217456e-01 5.366446905711231841e-01 1.478323523681099427e+00 -1.762951670718638342e+00
-3.650513440808507426e-02 5.792336298448958615e-02 8.461987860372105485e-01 -1.119401470853390368e+00
-7.540577609297994810e-01 7.462431716763932021e-01 9.320225943748464692e-01 -1.084591972154672401e+00
-6.712814168420930816e-01 6.795308860100658377e-01 1.533442411968889640e+00 -1.553189018934997279e+00
-7.372239499910572258e-01 3.322814594931290944e-01 1.073097423671050210e+00 -1.090964914556269427e+00
-6.934560109475360612e-01 4.740385192274659820e-01 1.179089599882279682e+00 -1.596477787705496754e+00
-5.652992844486790514e-01 7.680665574277304453e-01 1.493621145218541946e+00 -1.315438056628726038e+00
-5.156101389361220644e-01 3.246769006921612633e-01 1.042519886505296700e+00 -1.263392039536361366e+00
-6.191312640853245952e-01 2.479238074633882682e-01 1.471764840189462076e+00 -1.304437693236844886e+00
-7.129422254118598090e-01 5.857232643677086070e-01 7.010776803687965852e-01 -1.153311803128436397e+00
-6.406992746124117177e-01 7.059341676188317649e-01 1.307606990458169527e+00 -1.372864650816594034e+00
-4.197691195155741628e-01 6.185974355926334711e-01 9.662547129917423705e-01 -1.216846423485482998e+00
-5.464094057361083001e-01 4.637703220866936094e-01 1.641619777802936886e+00 -1.569663304272750137e+00
-7.875151513938550840e-01 3.237670741640709671e-01 1.405627001305504775e+00 -1.505493011494487998e+00
-6.821552740776331003e-01 2.632056593838369429e-01 6.781076620532582311e-01 -1.063911546607378300e+00
-6.883676414159103363e-01 8.778132722983266190e-01 1.219517694869199920e+00 -1.285263161625018524e+00
-8.102116932426114415e-01 6.217152554960589939e-01 1.201496797553571305e+00 -1.489530682727593147e+00
-7.258385430112207493e-01 2.353139169625926008e-01 1.069251878552307522e+00 -1.027199342579436125e+00
-2.048138383972705756e-01 7.084124594853163925e-02 9.221657619674521467e-01 -1.256706914572561562e+00
-6.582041664537400250e-01 5.335125316055938649e-01 1.366863071546762676e+00 -1.491103458466286114e+00
-7.147410428220112300e-01 5.885062671243629362e-01 1.141962167656554339e+00 -1.268783740218055955e+00
-7.450259170942256093e-01 4.599096280736469367e-01 1.276589776412298871e+00 -1.813503234271684139e+00
-5.898165335024841971e-01 5.915398696685409963e-01 1.504691443252617056e+00 -1.647640294501876657e+00
-2.808962206836812525e-01 1.526914226504480221e-01 1.052346500977420884e+00 -1.092513460375335033e+00
-7.568274456532451122e-01 5.027096132965712671e-01 8.690021684589960271e-01 -8.385154597886463890e-01
-5.001207964918406024e-01 8.295975886419258705e-02 8.246921042956119052e-01 -9.914110096887889245e-01
6.963069183606579438e-05 8.927716030625984967e-05 -1.722521772303494590e-05 -1.556782565099140811e-04
-7.826123748991615781e-01 6.154696989233059412e-01 1.690280245804088866e+00 -1.720122351956743900e+00
-9.293876150882833809e-01 4.123546829440776773e-01 1.112778916164582244e+00 -1.173481629743450494e+00
-9.266233614085520598e-01 1.105502788827787519e+00 1.437009696968600814e+00 -1.643931695967530748e+00
-5.262322540189798836e-01 5.012505487988142550e-01 1.087938796097970284e+00 -1.112475163884837803e+00
-3.867801518513201975e-01 8.868213474764453652e-01 1.482527789924563466e+00 -1.014852099993638790e+00
-9.339039613444061194e-01 5.646921370706647902e-01 1.279996259919344181e+00 -1.666356549671765608e+00
-6.075135399009830017e-01 4.449355890131043711e-01 1.066961940155668476e+00 -1.194442605366421217e+00
-5.829288134888532813e-01 -4.656708602195829688e-02 8.117030626274511773e-01 -1.469677174299748756e+00
-1.074914464365961830e+00 1.299124745964810757e+00 1.383965138322447608e+00 -1.237796574238801517e+00
-8.321674595544876762e-01 1.849820163490196179e-01 8.625751693376861873e-01 -1.444741599740912985e+00
-5.887308430889509614e-01 3.457200342317572339e-01 1.249862091190051983e+00 -1.414418659003830125e+00
-2.981616462205417539e-01 4.222530486676061012e-01 1.078219549377428921e+00 -9.613981067874861619e-01
-4.067401775058718250e-01 2.559888706653328239e-01 1.311993962971646610e+00 -1.563212691955329525e+00
-8.029089341483227615e-01 7.639852289342955460e-01 1.151791419240131065e+00 -1.177783119267203249e+00
-1.048206243133020577e+00 8.586388764877003199e-01 1.194024054716553707e+00 -1.492905961684088290e+00
-5.827851204199852031e-01 9.170631708250895353e-02 7.541149488764198328e-01 -1.028743868177963261e+00
-4.185266092113044123e-01 1.823908502635267492e-01 1.193214189603245989e+00 -1.286800272120440125e+00
-1.513850957294991251e-01 3.109584931091828874e-01 1.449113639442933588e+00 -1.594913971003957709e+00
