0.0 0.0 16.767448538794109680
0.0 1.0 16.675764776462777661
0.0 2.0 16.661595401472848010
0.0 3.0 16.762792603095384436
0.0 4.0 16.648158054609027090
1.0 0.0 16.739531664173348702
1.0 1.0 16.798891934136509718
1.0 2.0 16.592574907666783446
1.0 3.0 16.776743716350352997
1.0 4.0 16.585185038516627287
2.0 0.0 16.742130274149609193
2.0 1.0 16.683720439269556834
2.0 2.0 16.688383618355768334
2.0 3.0 16.802495431266969206
2.0 4.0 16.648160999186199405
3.0 0.0 16.755885567993676233
3.0 1.0 16.716279262589502252
3.0 2.0 16.635735764055183949
3.0 3.0 16.594349147397100097
3.0 4.0 16.768523174202833559
4.0 0.0 16.730231521780169146
4.0 1.0 16.604649225642354793
4.0 2.0 16.702325641149133872
4.0 3.0 16.800008957004713750
4.0 4.0 16.663507416869219213
5.0 0.0 16.711627617543232560
5.0 1.0 16.734897134491841797
5.0 2.0 16.694062832594173784
5.0 3.0 16.697674241560989117
5.0 4.0 16.733173357514800728
6.0 0.0 16.790696932555619014
6.0 1.0 16.655499933153922854
6.0 2.0 16.662484355570455818
6.0 3.0 16.786021222003615350
6.0 4.0 16.532399529670641414
7.0 0.0 16.759443842083680209
7.0 1.0 16.655809994880570457
7.0 2.0 16.683717016029628866
7.0 3.0 16.697683701991525851
7.0 4.0 16.702428153800838118
8.0 0.0 16.683704009930988121
8.0 1.0 16.772079808602406104
8.0 2.0 16.586043513183589937
8.0 3.0 16.708152571614970583
8.0 4.0 16.762223117590046684
9.0 0.0 16.730234778786201133
9.0 1.0 16.638055402040173192
9.0 2.0 16.612607072158997568
9.0 3.0 16.772094218464932425
9.0 4.0 16.666666899408131286
10.0 0.0 16.772094020965152339
10.0 1.0 16.669765841250242744
10.0 2.0 16.640838180020057990
10.0 3.0 16.711627835805291653
10.0 4.0 16.675966677469563848
11.0 0.0 16.651167908442626953
11.0 1.0 16.734872152676192769
11.0 2.0 16.693028685919188092
11.0 3.0 16.797871428821007811
11.0 4.0 16.644286852116813691
12.0 0.0 16.758141510401721064
12.0 1.0 16.637420621288256939
12.0 2.0 16.515276947452573353
12.0 3.0 16.767435182205801425
12.0 4.0 16.773141275361776792
13.0 0.0 16.762784999265626595
13.0 1.0 16.806402309663411643
13.0 2.0 16.704403849895378187
13.0 3.0 16.525580886597694530
13.0 4.0 16.730732236403145663
14.0 0.0 16.744010800987240373
14.0 1.0 16.739526935053401502
14.0 2.0 16.672609853660240731
14.0 3.0 16.785865634186880158
14.0 4.0 16.507382512267248842
15.0 0.0 16.711619129920869398
15.0 1.0 16.641860247408672535
15.0 2.0 16.725581055026921717
15.0 3.0 16.790762509577511707
15.0 4.0 16.592581448181370263
16.0 0.0 16.767435774664850356
16.0 1.0 16.660458149995957200
16.0 2.0 16.659563582943903270
16.0 3.0 16.714596257216694397
16.0 4.0 16.693349382833719829
17.0 0.0 16.795483321632723062
17.0 1.0 16.757000638244448965
17.0 2.0 16.665118241720719539
17.0 3.0 16.660458104914106059
17.0 4.0 16.676790974077963625
18.0 0.0 16.795343759457640687
18.0 1.0 16.562797895741088183
18.0 2.0 16.725579246578089254
18.0 3.0 16.790702245342895793
18.0 4.0 16.583327203592265420
19.0 0.0 16.646905228531991838
19.0 1.0 16.598422638521888928
19.0 2.0 16.710177612943567738
19.0 3.0 16.875330716279890453
19.0 4.0 16.675944594983004521
20.0 0.0 16.697676583609560197
20.0 1.0 16.716277320400049433
20.0 2.0 16.748831173720464705
20.0 3.0 16.744191197923374403
20.0 4.0 16.534882363446467224
21.0 0.0 16.688182523990100492
21.0 1.0 16.786046513257655732
21.0 2.0 16.714564468140732600
21.0 3.0 16.576753511197356517
21.0 4.0 16.722232800102890593
22.0 0.0 16.693028596804250441
22.0 1.0 16.730229882367996908
22.0 2.0 16.775827556473963398
22.0 3.0 16.702329243633062816
22.0 4.0 16.537038247148981185
23.0 0.0 16.772024763225410027
23.0 1.0 16.648719062243500844
23.0 2.0 16.683722394089127050
23.0 3.0 16.710602642516377614
23.0 4.0 16.689813931182879259
24.0 0.0 16.762788490130496655
24.0 1.0 16.627906048544488726
24.0 2.0 16.776747565463466572
24.0 3.0 16.773103147712479455
24.0 4.0 16.587939079792604957
25.0 0.0 16.683764426577671003
25.0 1.0 16.795348991046914477
25.0 2.0 16.665119636832113059
25.0 3.0 16.679065640037372020
25.0 4.0 16.665058012947326915
26.0 0.0 16.860477134379483033
26.0 1.0 16.544184029196507879
26.0 2.0 16.753212614866466623
26.0 3.0 16.646148693313438827
26.0 4.0 16.633085649044097920
27.0 0.0 16.786994512082046072
27.0 1.0 16.572087878845067621
27.0 2.0 16.734863780442147174
27.0 3.0 16.768986402788410572
27.0 4.0 16.638891862013259981
28.0 0.0 16.729482847987181771
28.0 1.0 16.633747265374360325
28.0 2.0 16.730228931641597967
28.0 3.0 16.693026478367514187
28.0 4.0 16.685186729675237416
29.0 0.0 16.706973134452780982
29.0 1.0 16.618604640053501242
29.0 2.0 16.734893215384087028
29.0 3.0 16.693710854450465320
29.0 4.0 16.708328923376644326
30.0 0.0 16.809308085293398705
30.0 1.0 16.604881655676670960
30.0 2.0 16.630061153390002460
30.0 3.0 16.688364467902104593
30.0 4.0 16.680553857318287214
31.0 0.0 16.748839174555325116
31.0 1.0 16.697006036654116201
31.0 2.0 16.632554923971309080
31.0 3.0 16.709640428735578865
31.0 4.0 16.722223878265168651
32.0 0.0 16.762444472150839658
32.0 1.0 16.693249573614831860
32.0 2.0 16.627907884051278842
32.0 3.0 16.753494356588767289
32.0 4.0 16.620400763089900664
33.0 0.0 16.683721039134894681
33.0 1.0 16.688375025513078498
33.0 2.0 16.729942645185172267
33.0 3.0 16.734884542211538871
33.0 4.0 16.597220409990267598
34.0 0.0 16.739534929498518068
34.0 1.0 16.702341226263175855
34.0 2.0 16.581390449860258229
34.0 3.0 16.737118814000336187
34.0 4.0 16.675945956390240354
35.0 0.0 16.748842410716441975
35.0 1.0 16.755773675435484904
35.0 2.0 16.669767645716444093
35.0 3.0 16.751570260677553392
35.0 4.0 16.586016274897922074
36.0 0.0 16.697092404759604989
36.0 1.0 16.769088998753371555
36.0 2.0 16.757231775783115069
36.0 3.0 16.651172718745886669
36.0 4.0 16.569439697899387198
37.0 0.0 16.834322965554783025
37.0 1.0 16.687923969973475380
37.0 2.0 16.646518148424686245
37.0 3.0 16.730224020958154085
37.0 4.0 16.592599107430764604
38.0 0.0 16.697673012392808545
38.0 1.0 16.711641018855932117
38.0 2.0 16.613953655341379800
38.0 3.0 16.711628434934564069
38.0 4.0 16.742762433765346231
39.0 0.0 16.799991825533354017
39.0 1.0 16.711635353565711171
39.0 2.0 16.656783110636254719
39.0 3.0 16.661241406708473534
39.0 4.0 16.671277983609140705
40.0 0.0 16.693011015411332920
40.0 1.0 16.637209673390920273
40.0 2.0 16.781290433632850778
40.0 3.0 16.695090176111360591
40.0 4.0 16.685200908112665985
41.0 0.0 16.655814127361487920
41.0 1.0 16.702322827094111091
41.0 2.0 16.742657498492807377
41.0 3.0 16.720935406044198146
41.0 4.0 16.685175057346757654
42.0 0.0 16.790695490938809087
42.0 1.0 16.762793865870538212
42.0 2.0 16.669766658972495321
42.0 3.0 16.672892032625224346
42.0 4.0 16.546302966985084737
43.0 0.0 16.655823656880262007
43.0 1.0 16.717853440410340937
43.0 2.0 16.706976600546425971
43.0 3.0 16.804660948005256671
43.0 4.0 16.583330521960292003
44.0 0.0 16.748837743660736521
44.0 1.0 16.595347175510841709
44.0 2.0 16.772098553176650881
44.0 3.0 16.660473250371527598
44.0 4.0 16.713011208577405853
45.0 0.0 16.655810152330822405
45.0 1.0 16.786057021051568938
45.0 2.0 16.706996377545646482
45.0 3.0 16.615266106872667251
45.0 4.0 16.717592822622123094
46.0 0.0 16.800017828836146805
46.0 1.0 16.646508130316227891
46.0 2.0 16.739546587598663763
46.0 3.0 16.706964223361254085
46.0 4.0 16.564819842308853737
47.0 0.0 16.781375102158641255
47.0 1.0 16.465115022759270857
47.0 2.0 16.753489434760638233
47.0 3.0 16.669764631703248625
47.0 4.0 16.782399005693392269
48.0 0.0 16.758109051869585215
48.0 1.0 16.877820735442369937
48.0 2.0 16.558921477347212203
48.0 3.0 16.731298688542182163
48.0 4.0 16.624993140879361420
49.0 0.0 16.758144168799859131
49.0 1.0 16.679072393717557787
49.0 2.0 16.781388074668118549
49.0 3.0 16.567442080005875482
49.0 4.0 16.698085506973754377
50.0 0.0 16.758138801615299229
50.0 1.0 16.716273024457219520
50.0 2.0 16.739541640640933196
50.0 3.0 16.641859263587289064
50.0 4.0 16.601827298297898494
51.0 0.0 16.651149127503863667
51.0 1.0 16.611332199072709415
51.0 2.0 16.790586716626830110
51.0 3.0 16.720940088246365463
51.0 4.0 16.712964363100155651
52.0 0.0 16.837212298024269330
52.0 1.0 16.651182373752824617
52.0 2.0 16.711617903859735890
52.0 3.0 16.572762369526316206
52.0 4.0 16.666808937549681957
53.0 0.0 16.790691764643202788
53.0 1.0 16.702324571005828346
53.0 2.0 16.684885651906480319
53.0 3.0 16.576743447577221957
53.0 4.0 16.749097440178505991
54.0 0.0 16.833366472378809675
54.0 1.0 16.841871177672103954
54.0 2.0 16.553495758832202256
54.0 3.0 16.711632236222662584
54.0 4.0 16.673508724099079359
55.0 0.0 16.755565762792727469
55.0 1.0 16.724707639706462459
55.0 2.0 16.604673552592572605
55.0 3.0 16.734886795839997831
55.0 4.0 16.717601897790824950
56.0 0.0 16.752911259698276325
56.0 1.0 16.740264299936537640
56.0 2.0 16.651792837777488643
56.0 3.0 16.660464068025131468
56.0 4.0 16.675927732340525722
57.0 0.0 16.674415746971220642
57.0 1.0 16.627700356205370014
57.0 2.0 16.697674672526044759
57.0 3.0 16.758162701810494610
57.0 4.0 16.685236722503937301
58.0 0.0 16.690365835744952250
58.0 1.0 16.783131120333859343
58.0 2.0 16.656216327221251561
58.0 3.0 16.679080260737816133
58.0 4.0 16.675931443610647165
59.0 0.0 16.720920648738808012
59.0 1.0 16.683733542960759166
59.0 2.0 16.632558591742444776
59.0 3.0 16.712680414866728285
59.0 4.0 16.740745616248656091
60.0 0.0 16.800019209907336659
60.0 1.0 16.586048946750292288
60.0 2.0 16.674431367660648817
60.0 3.0 16.758723059044172032
60.0 4.0 16.674111668696422583
61.0 0.0 16.655831343672360845
61.0 1.0 16.767439211147163292
61.0 2.0 16.600029564261021164
61.0 3.0 16.806575600608113064
61.0 4.0 16.601861967668355646
62.0 0.0 16.739535080740303385
62.0 1.0 16.786567869852941470
62.0 2.0 16.716291613015922479
62.0 3.0 16.683724377898414559
62.0 4.0 16.564682768509968014
63.0 0.0 16.630477872992468491
63.0 1.0 16.702325232382555953
63.0 2.0 16.783876118250425691
63.0 3.0 16.725593546938956280
63.0 4.0 16.629640778338263374
64.0 0.0 16.767442349161090220
64.0 1.0 16.655799547732275556
64.0 2.0 16.755361628201786317
64.0 3.0 16.684334723637249454
64.0 4.0 16.564821158652147659
65.0 0.0 16.586047669099137636
65.0 1.0 16.702325626339177944
65.0 2.0 16.697676801226705834
65.0 3.0 16.762794005065234870
65.0 4.0 16.757766723495866046
66.0 0.0 16.760966838852304761
66.0 1.0 16.688360400613195367
66.0 2.0 16.587132390130385318
66.0 3.0 16.848847840072131987
66.0 4.0 16.620369558627608342
67.0 0.0 16.784175671246075012
67.0 1.0 16.697892651789640439
67.0 2.0 16.544179638595363002
67.0 3.0 16.728680092261679846
67.0 4.0 16.722242803224776964
68.0 0.0 16.767469009149795767
68.0 1.0 16.753489259207675843
68.0 2.0 16.730872065556098960
68.0 3.0 16.637219633271175923
68.0 4.0 16.562700893047704653
69.0 0.0 16.696879791603194576
69.0 1.0 16.739529294446661822
69.0 2.0 16.734885893096535625
69.0 3.0 16.632551707277222874
69.0 4.0 16.680563983023635188
70.0 0.0 16.786039473245338627
70.0 1.0 16.730234835881912403
70.0 2.0 16.646193394673865384
70.0 3.0 16.655817732167044198
70.0 4.0 16.620373629640354807
71.0 0.0 16.740931015169618234
71.0 1.0 16.651149931185855735
71.0 2.0 16.795265625642525009
71.0 3.0 16.745691612225531486
71.0 4.0 16.532408467706726896
72.0 0.0 16.693029627039269513
72.0 1.0 16.690810085917238581
72.0 2.0 16.674420712294899971
72.0 3.0 16.665117998529112242
72.0 4.0 16.757604515062578088
73.0 0.0 16.661895256407596833
73.0 1.0 16.520931654068110817
73.0 2.0 16.711637288722531736
73.0 3.0 16.772071312341395810
73.0 4.0 16.808036547648104175
74.0 0.0 16.739530945327832256
74.0 1.0 16.717816681346427288
74.0 2.0 16.651149485186035548
74.0 3.0 16.679063937320734112
74.0 4.0 16.706425339914510175
75.0 0.0 16.825099614709404960
75.0 1.0 16.618237728201350478
75.0 2.0 16.720943755968963984
75.0 3.0 16.590698487276029027
75.0 4.0 16.643998205761018738
76.0 0.0 16.813949720090015205
76.0 1.0 16.793424689842645137
76.0 2.0 16.655811792345748046
76.0 3.0 16.697686170009088613
76.0 4.0 16.548202790512480220
77.0 0.0 16.764585023188370627
77.0 1.0 16.669767044055987526
77.0 2.0 16.790706760981986889
77.0 3.0 16.599997058116933601
77.0 4.0 16.677659444945916789
78.0 0.0 16.758150678493038299
78.0 1.0 16.691908614958819612
78.0 2.0 16.691229454624078699
78.0 3.0 16.790699193655509447
78.0 4.0 16.564813682078451507
79.0 0.0 16.609304859320619840
79.0 1.0 16.836115608127375509
79.0 2.0 16.628743174148532091
79.0 3.0 16.618626585305992904
79.0 4.0 16.745385360490072202
80.0 0.0 16.767448704206181276
80.0 1.0 16.761133909060784930
80.0 2.0 16.674384090884490917
80.0 3.0 16.681261390832776925
80.0 4.0 16.564817579465355379
81.0 0.0 16.699767630306020294
81.0 1.0 16.581399031698538238
81.0 2.0 16.739547932772030236
81.0 3.0 16.865600341440146082
81.0 4.0 16.564813374791487632
82.0 0.0 16.720931297525854831
82.0 1.0 16.720924359140770576
82.0 2.0 16.623268164211182807
82.0 3.0 16.669784128860776207
82.0 4.0 16.767443147086229516
83.0 0.0 16.795351886817325493
83.0 1.0 16.618606904570114580
83.0 2.0 16.632594334801268587
83.0 3.0 16.769205177959225495
83.0 4.0 16.615742715860307044
84.0 0.0 16.574511127489941487
84.0 1.0 16.651261092844009681
84.0 2.0 16.734888101393156745
84.0 3.0 16.753494656465523605
84.0 4.0 16.740738600507143019
85.0 0.0 16.651162560427462012
85.0 1.0 16.655811199653566490
85.0 2.0 16.835311971768675221
85.0 3.0 16.730227169863542969
85.0 4.0 16.671290781989014818
86.0 0.0 16.767444991313887215
86.0 1.0 16.843239620401213585
86.0 2.0 16.739531972327075238
86.0 3.0 16.576744041103005145
86.0 4.0 16.638892543725837925
87.0 0.0 16.809305610661443353
87.0 1.0 16.632558030337094124
87.0 2.0 16.697670268531975779
87.0 3.0 16.644843471808442814
87.0 4.0 16.666660271766183143
88.0 0.0 16.692883043228214035
88.0 1.0 16.709902488763745509
88.0 2.0 16.651158445768643901
88.0 3.0 16.744190155091001060
88.0 4.0 16.657054198451650251
89.0 0.0 16.756150833517523324
89.0 1.0 16.679068875493012314
89.0 2.0 16.629870902014424416
89.0 3.0 16.679070809768415273
89.0 4.0 16.680573071758072246
90.0 0.0 16.800400615387470538
90.0 1.0 16.718408130840821002
90.0 2.0 16.683710166928321428
90.0 3.0 16.744172159553947665
90.0 4.0 16.574073893399496882
91.0 0.0 16.716279888324610425
91.0 1.0 16.641862181294612810
91.0 2.0 16.637211530636307089
91.0 3.0 16.730231329791120487
91.0 4.0 16.807891113752539525
92.0 0.0 16.706985013488736769
92.0 1.0 16.595351564608709083
92.0 2.0 16.720940127687633492
92.0 3.0 16.781400119349637379
92.0 4.0 16.659037723855497859
93.0 0.0 16.879993935805931216
93.0 1.0 16.656144544359047899
93.0 2.0 16.553487532424995266
93.0 3.0 16.646510934151919514
93.0 4.0 16.717613744399535847
94.0 0.0 16.679071119975947823
94.0 1.0 16.715067191955419901
94.0 2.0 16.627906455954462928
94.0 3.0 16.869763007594400506
94.0 4.0 16.572214480025582617
95.0 0.0 16.646507445203909015
95.0 1.0 16.604657766683928344
95.0 2.0 16.665117752638153092
95.0 3.0 16.724736077835419934
95.0 4.0 16.791669905465820278
96.0 0.0 16.735715289914061543
96.0 1.0 16.693016820494086971
96.0 2.0 16.609303205506854795
96.0 3.0 16.781405304083143903
96.0 4.0 16.638905976696108269
97.0 0.0 16.804650291018141672
97.0 1.0 16.613944056012311279
97.0 2.0 16.797484342144205272
97.0 3.0 16.633315880286502875
97.0 4.0 16.705732190601196407
98.0 0.0 16.776746043148531129
98.0 1.0 16.623253326412832820
98.0 2.0 16.768898225766918131
98.0 3.0 16.669767425746282896
98.0 4.0 16.638884589028997141
99.0 0.0 16.739542092537210038
99.0 1.0 16.744180689254445582
99.0 2.0 16.791581208973216377
99.0 3.0 16.567431753477876555
99.0 4.0 16.671295576426260254
