6.705511452022243635e-01 -5.211055362489167564e-01
1.240750305776445961e+00 -5.894502468851428034e-01
2.202001993395880347e-04 1.003173094903691729e-04
9.320539310198643346e-01 -4.478556147979249058e-01
1.730680062393841353e-04 9.638572985441573430e-05
1.325406575346882660e-04 5.949542808057047482e-05
1.369496475851551571e-04 7.256331512197056720e-05
1.198075839219077121e+00 -8.781543790343525613e-01
1.409114710592162423e+00 -7.933109659497089572e-01
5.960494293703866298e-01 8.574863873125859737e-02
6.473696447579816438e-01 -6.251413856844102723e-02
1.046866220872855857e+00 -6.424859183929156892e-01
1.227002905618849171e+00 -6.738521225743664411e-01
1.346871992336388978e-04 1.091463649290926697e-04
1.220318634703122962e+00 -6.923530014956433831e-01
1.347861611596886444e+00 -1.009697996327503899e+00
1.545180035773797121e-04 1.163535241508488114e-04
1.179277573242127675e+00 -2.975100114140916130e-01
1.030906638103426420e+00 -3.153939147316032199e-01
1.070355299220567158e+00 -8.523931851248387481e-01
2.084840759487100674e-04 7.551285870465569933e-05
1.196896594721734930e+00 -7.120383278136624972e-01
1.269297994229498183e+00 -7.765105343864301402e-01
1.215603318144458419e-04 1.143601728248132537e-04
1.476119916105968503e-04 6.063585372861931134e-05
8.297847682362366657e-05 2.728127869578415802e-05
1.586414361141675888e+00 -1.144869459912471132e+00
1.909474205123232724e-04 8.898837717651146833e-05
6.279336186377740825e-01 -1.846284468059768494e-02
1.397057593772212656e-04 8.436492266034594661e-05
9.485705199845013980e-02 3.613796543635539732e-02
1.644830358916319901e-01 1.012745646738367616e-01
1.246221264057567391e+00 -7.879781210648323375e-01
1.091357112659179895e+00 -6.752470908688696927e-01
1.231319751750955760e+00 -7.178853229120291113e-01
1.263540375796623261e+00 -9.798431867232002546e-01
1.695476756640401607e-04 6.469234770239505725e-05
1.320400114071815852e-04 4.981942451219363875e-05
1.655505437543162428e-01 8.955528021455884391e-02
1.282703176850718424e-04 5.832727123830118015e-05
1.398773080406268410e-01 6.358631881071330483e-02
1.810387741169558506e-04 1.329672880313176580e-04
1.251505604534328825e-04 2.124858172738050037e-05
1.154199210885788093e-04 -8.019047638033451891e-06
1.688154081649327089e-04 7.025572026430632478e-05
1.623625922070607219e-04 4.864252640312409276e-05
1.140704631590055834e-01 4.027868984020862436e-02
1.310208405408380905e+00 -9.067513005384127966e-01
1.300668871698969394e-02 5.333972007064707518e-03
1.915749669601153236e-04 1.237056052450965225e-04
1.610915185905982039e+00 -7.621958753070574577e-01
1.461209091524904235e-04 7.586774138715882869e-05
1.180860635347740341e-04 6.187794846948828278e-05
8.713535421320609542e-01 -3.656266923664396873e-01
1.299939426404068010e+00 -8.616025980389980798e-01
1.809868008697357138e-04 7.285248952157904741e-05
5.685110060183954372e-01 -2.038819302936283138e-03
5.040281341871981624e-01 -6.293105762011079463e-02
1.748411286753595269e-04 1.249280245490735290e-04
1.042445505308190690e+00 -9.477893258425832412e-01
1.404834337737868255e+00 -7.362955541170811413e-01
1.169874465697675573e-04 1.043600590478798638e-04
1.462293504999992111e+00 -8.053518569682470707e-01
1.141769237831598449e+00 -8.532791747946725236e-01
1.550316121945172481e-04 8.305249279763526264e-05
1.262570574904385623e+00 -7.237022510605403136e-01
7.514620758806599410e-01 6.459187565657198427e-02
1.104406061674432005e+00 -7.760171562365015818e-01
1.355328812229001549e-04 8.413427811288602394e-05
1.115171130052790402e-04 3.227885581547544440e-05
1.892288773411141445e-04 1.470817155565310168e-04
1.229506235310690254e+00 -1.142395730831221812e+00
1.579764395335476523e+00 -9.254322648563330089e-01
1.385517656457355552e-04 1.097329529485461088e-04
1.581764661544045715e-04 5.187092225649089230e-05
1.228470815421063067e+00 -7.070449462858025003e-01
4.170129314733599379e-01 -4.308693656561809093e-04
7.865112223061899721e-01 -4.535866777127595117e-01
2.262375655605324432e-04 1.055029023519284690e-04
5.080549843799447851e-01 -7.717946867574637659e-02
1.447269229301067931e-04 6.818160225536900546e-05
1.296742894030141535e+00 -8.344747338291099714e-01
1.036198325967458311e+00 -3.792256741726543479e-01
1.450330687473628533e-01 4.966237508425599273e-02
8.581051165923815338e-01 -4.014295565465257343e-01
1.059154920092670427e+00 -2.163928645975171372e-01
1.254841491210516802e+00 -8.482489169509203064e-01
7.912797065688985665e-01 -3.441388234643342758e-01
2.102815208686468400e-04 1.277772947914064072e-04
9.532674768739657356e-01 -6.881936146738090176e-01
1.212643728330795367e+00 -5.257796304766599871e-01
5.171699678765842023e-01 -4.835457709951113126e-02
1.098997071167439055e+00 -5.263526022702609275e-01
5.052532922485049038e-01 1.704720947239347362e-01
1.069929870610729417e+00 -8.806775339118712020e-01
1.109726391176944604e+00 -4.175433680998241193e-01
1.221667630691985085e-04 6.675320167858242004e-05
6.702177995659356347e-01 -4.421186064385536629e-01
1.641943960019114579e+00 -8.511829303119912149e-01
1.164198791859268001e+00 -5.244219853680383014e-01
1.303291683546819394e-04 7.153387755754129075e-05
1.036991848746835698e+00 -5.172792571910140857e-01
1.973765217632871189e-04 9.884790668920845162e-05
1.530037050212526895e+00 -1.089657104377714791e+00
1.468178738347692878e-04 7.620476851507136879e-05
1.571811162167749442e-04 8.608067634392239866e-05
8.272696647422487226e-01 -8.899147137774396366e-02
1.137647959320656987e+00 -8.826910301521023738e-01
1.184410157251784890e+00 -4.699907661035210293e-01
1.296690482951311285e+00 -8.089271349602509265e-01
1.908956035861107063e-04 1.308163442846636468e-04
8.672169862984504540e-01 -7.559339987479631873e-01
1.175450922962953282e+00 -6.525684440783804385e-01
1.270893400422302294e-04 5.776108015884506803e-05
2.191724043844241751e-04 9.100297515933447416e-05
9.271114347574640480e-01 -4.538632595170977724e-01
5.266570370835718107e-01 -1.674686342984856302e-01
9.518686416359586344e-01 -1.877020115217280516e-01
9.615432914246438358e-05 9.911755252700547497e-06
1.434033136447011358e+00 -5.884326032031307330e-01
1.674005171137319650e-04 7.135763664496657776e-05
1.175614976027746129e-04 2.905402248714144512e-05
1.642504128957573062e-04 7.224170643764011744e-05
1.068564779978677493e+00 -6.146753762533169185e-01
9.212538761029028800e-01 -1.906374560484342395e-01
5.808863541889422999e-01 -8.029869209496840257e-03
8.899960489246376838e-01 -3.124798959349486260e-01
1.712047667477483381e+00 -1.029479439635281768e+00
6.882841505464940557e-01 -3.903897089203873239e-01
1.404736507071824812e-04 6.879067413261509751e-05
1.322658382149175527e+00 -7.717698230300685802e-01
1.227667894654807100e-04 5.776433901238962399e-05
1.772462090901389953e+00 -1.129378100336755564e+00
1.439318111834095889e-04 9.478326232070604079e-05
4.111765811503386714e-01 2.557814932027144966e-02
1.505851294889861390e-04 8.952409645225280633e-05
1.320011901569097213e-04 3.996479346187411819e-05
1.049731833384534685e+00 -3.032030811889191435e-01
8.651504561646242446e-05 2.358611481015628303e-05
1.732244111700952605e+00 -1.072289595437456500e+00
5.388692603412645887e-01 -1.505518033894550078e-01
1.324196995290686976e-04 9.064364499500276692e-05
1.988748406939053399e-04 1.365490245946307177e-04
1.363080586409632033e+00 -6.792502683613610426e-01
1.212515239048706395e+00 -9.792478904991571698e-01
1.074392496409313003e+00 -4.615184354101377617e-01
1.096079721450676114e+00 -7.256036679294177727e-01
1.287428673350087948e-04 6.739973651425616860e-05
1.370011659183588471e+00 -8.013466446275669952e-01
1.699509681008028487e-04 1.166088663539031331e-04
1.689357999191744048e-04 9.571700583711038207e-05
1.797217014839517732e-04 1.006772456669230821e-04
1.589438351164238705e+00 -1.047502556914415628e+00
1.157897894225739854e+00 -7.252533413820403396e-01
1.000002612239102648e-04 6.462264845610038596e-05
1.302893215539527860e+00 -7.276943008179068695e-01
7.909377353334747784e-01 -5.553914085997312122e-02
9.517190787506579763e-01 -5.093077902020294312e-01
1.354615208732158127e+00 -9.189449889656291504e-01
1.537082086436614159e-04 9.672643007258530069e-05
2.107116689251044446e-04 1.352299006975045653e-04
9.831687813355767535e-05 1.566533082036650285e-05
1.575556923740746518e+00 -9.567522459099342402e-01
1.177384444544235043e-04 3.823592899995881754e-05
1.542582605380383000e-04 7.657968713883082012e-05
7.338650789451017786e-01 -1.975656189490343773e-01
1.048715448748273271e+00 -2.013071657399322090e-01
1.285465590489587973e+00 -7.397242113071714753e-01
1.144132032564797896e+00 -7.055708391334317708e-01
9.981237298301334215e-01 -5.632565464559545765e-01
1.616169808382265623e-04 1.410324706356525209e-04
1.960631990466370933e+00 -1.203461819544556111e+00
5.239367403810637480e-01 -1.151842265871248772e-01
8.607322407656831098e-01 -5.188530114316369790e-01
1.276444787607312545e-04 4.906142808104491283e-05
8.973681723708363256e-01 -5.474555827734909341e-01
8.514723842784274188e-01 -4.627982371969538433e-01
1.456364809099315316e+00 -8.639247836589840635e-01
1.726686820134821826e-04 7.314502167906376860e-05
1.136935465515860555e+00 -2.469399082464059647e-01
5.929052984330146492e-01 -2.725976717886793854e-02
5.209595013279320064e-01 -2.142018954407447218e-02
1.003502453922907378e+00 -6.499166257670229152e-01
8.049243234431817662e-01 -2.656823733440463187e-01
1.336440358625214264e+00 -6.951717626798727956e-01
1.319584683093406041e-01 5.026055928673454215e-02
8.505493315690042721e-05 1.740532086525020910e-05
1.088310807220931693e-04 5.120617438436660400e-05
1.527037949575664300e+00 -7.249947847349963448e-01
1.305811593218089817e+00 -5.742117076529933417e-01
8.379850159867373582e-01 -6.021431507327159594e-01
1.257035804422448454e-04 6.476291378459063906e-05
1.423325376689249744e+00 -8.059207560951054949e-01
1.323657339610404104e+00 -5.440223019442402830e-01
1.053341027160635379e+00 -3.277144508320672389e-01
1.721534780923634697e-02 7.235575275171931414e-03
1.173993971070000475e+00 -4.508576019304765259e-01
8.677431650329224810e-01 -6.180131622071189934e-01
1.678427454307927183e-04 8.173050836897142253e-05
1.306272720088071289e-04 5.082628941460013875e-05
1.303253273620055941e+00 -5.985765614967006876e-01
1.112029203641765385e+00 -5.241121278721327936e-01
1.192150838038570182e-04 7.294058495297798563e-05
1.029459080700486417e+00 -4.135059637603301086e-01
1.112418507911394405e+00 -7.182611670753660249e-01
6.002602136845983649e-01 -4.270579869623714053e-01
1.399478978501143183e-04 9.015372765328410576e-05
7.053598225385794285e-01 5.751386227309714799e-02
1.894585656509224503e+00 -1.168329513976312350e+00
1.492087038929905907e+00 -9.815546448274160563e-01
8.932167003608784575e-05 4.048881687962458103e-05
1.789379440013811218e+00 -9.493249597814052976e-01
1.168840169118127298e-01 4.238933352019870482e-02
1.494157557797798428e-04 5.086274513344382685e-05
8.644398382208405840e-01 -3.053475275625720520e-01
1.437891810611416354e-02 5.298323407408453943e-03
9.456964293398781862e-01 -4.598620741077625862e-01
1.570966022332293108e-04 8.003167064620615116e-05
1.597828432268562970e+00 -9.406479067506859915e-01
4.569910183854907770e-01 -1.403579640104188515e-02
1.075329050057041158e+00 -5.639528901980747078e-01
1.837772825178368285e-04 9.744854211586639111e-05
1.055442236712901392e-04 1.376781894241270412e-05
9.294377702674084807e-01 -5.740137109419342076e-01
6.868859213441010914e-01 4.844019164646085063e-02
1.277517250168042735e-04 6.303789267799147621e-05
6.472746798430314419e-01 -4.631864098998985657e-01
1.454195529800401454e+00 -8.435175167548636388e-01
1.366603787355944677e+00 -5.451612074223142201e-01
1.777886594555926579e-04 1.068354655992132397e-04
1.144242139862475591e-04 8.187844644835047449e-05
1.268565547977896779e+00 -7.650463987537206023e-01
2.042896455864146716e-04 1.071207307335479079e-04
1.264038810316089334e+00 -6.145029346688622995e-01
9.773570143475320826e-01 -5.923716639088747460e-01
1.742371064867981854e-04 6.312577655280911986e-05
8.380055516272435501e-01 -4.583118927596671610e-01
1.076682234344341405e+00 -7.402268003555834142e-01
1.377713293210294505e-04 7.332357119529000317e-05
1.748313463451612593e-01 9.020950665336827101e-02
1.286915300583734156e+00 -6.010440952786072488e-01
1.379223218189590483e+00 -1.070450718359457820e+00
1.626339377462447775e-04 1.074225477154394930e-04
1.907477716533240110e-04 1.191795612524011543e-04
8.682027931585074576e-01 -5.411797060181131602e-01
1.563064995224189432e-04 1.069081006653010600e-04
1.515516847741775530e+00 -8.751615778561789849e-01
1.551246820531580121e-04 4.635892518913088597e-05
1.052820752303850194e+00 -5.435977365168720432e-01
9.331289486767951891e-01 -4.752212946060177523e-01
1.942113611096342072e-04 7.995667025162396882e-05
1.039020113737498363e+00 -4.576754302336625835e-01
9.511734776889803399e-05 4.434388149897116682e-05
1.499042940168422433e-01 7.123707663595069128e-02
1.185692014485505874e+00 -8.752647601171462677e-01
9.965645085384899904e-01 -7.628469149284882178e-01
6.474900725750842856e-01 4.518957700829427659e-02
8.535579547243876686e-01 -6.428826524808805010e-01
1.202328366715724295e+00 -6.465759342210107841e-01
2.055733434632054865e-04 1.541627446782916115e-04
1.281285036614591142e-04 6.477423677735701221e-05
1.173797840169706373e-04 3.864599483167014727e-05
1.403993735942524967e+00 -9.535567010352932193e-01
1.972672720468980504e-04 9.622327893659691404e-05
1.246229757992759618e-01 4.044980848720994282e-02
1.315423878350122866e+00 -4.450256261461702501e-01
1.213639746230961158e+00 -3.125070498602803837e-01
5.026086958310219677e-01 3.319499834344680211e-02
8.176226195591326240e-01 -4.439684606777526965e-01
8.419453738672000309e-01 -7.772586759175205140e-01
1.249267508042540609e+00 -8.171134419209007405e-01
7.556161191765130569e-01 -3.456537040975722341e-01
6.926561939972318838e-01 -8.060835796279471055e-02
1.981839981649469065e-04 1.455813389371617714e-04
1.045905617182186109e+00 -7.400803503546720119e-01
1.113900149653311189e+00 -5.411710223515449059e-01
1.836904655551802339e-04 1.376169901376169888e-04
7.887915874895627955e-01 -6.857821546679927494e-01
1.409836494612413560e+00 -8.534377023692732989e-01
1.959393261810100267e-04 9.300964112218975104e-05
1.332952454391677977e+00 -7.536927880411817826e-01
8.853154403635687952e-01 -4.632644759429723202e-01
1.084172416073585277e+00 -4.973908659952561706e-01
1.312626956327860115e-04 6.961633932596070033e-05
6.313347896624885713e-01 -3.651288510161013884e-02
1.121054111662473485e+00 -2.898292914761079198e-01
1.540835397122526595e+00 -7.297674924936194962e-01
8.059186905097505127e-01 -3.040524026761299292e-01
1.120405554892919486e+00 -6.672093975234938412e-01
8.186317759348202827e-01 -5.380924398248849716e-01
1.659116258401056587e+00 -1.125722876334745104e+00
1.100388434873672105e+00 -7.637900674882909247e-01
1.230143873331460247e+00 -5.134645536741209160e-01
1.382167536737947677e-01 7.722224536397603867e-02
1.109721830475666679e-04 8.561936961981697993e-05
1.637071190256343971e-04 1.007375938831349383e-04
1.640415725155347948e+00 -1.146928325153268480e+00
1.663430601027221789e-01 4.440569060825982906e-02
1.482763182844818611e-04 1.131410437333445619e-04
6.785141182086825706e-01 -5.056410058145728303e-01
1.246029742014463482e+00 -3.175187595177932920e-01
1.652045399348087251e+00 -1.402687510257560666e+00
1.639063480822984032e-04 5.342018990840891783e-05
8.205302416271880173e-01 -2.021014180434261565e-01
1.148987181196761204e-04 7.556583632461825442e-05
9.822353484495451870e-01 -5.835803682363660538e-01
1.591831001511663285e-04 7.695348666109486601e-05
1.433333656779647747e+00 -9.563675817649076594e-01
1.692659968551689538e-04 1.336073529992250349e-04
1.097399876969463950e+00 -5.479520392135187601e-01
1.323480238457295677e+00 -7.107031013456182045e-01
1.912516965336039359e-04 1.394464686521803426e-04
8.397730351240117834e-05 3.352176560910248918e-05
1.460815301048263626e+00 -1.022671217720950709e+00
1.074544744596179102e+00 -5.010608602440115300e-01
1.541837780124286897e-04 5.409438678015316039e-05
5.317276586020656115e-01 1.273625276049013544e-01
1.576460482731247351e-02 7.329391367720422025e-03
8.600980206665622685e-01 -5.522482656657838884e-01
6.204560596841383058e-01 -1.991848424711357701e-01
1.017842925421585276e+00 -3.116579515909677633e-01
1.287153390991592483e-01 4.188667196661085418e-02
1.696763478121391495e-04 8.202672371565335456e-05
1.309115673207428499e+00 -8.683426659919203372e-01
9.646188159276740670e-01 -5.000026600986335890e-01
1.262856294653510236e+00 -6.615994226747589080e-01
7.892432955353588797e-01 -2.005103270644930658e-01
1.164340695166397266e+00 -6.341372962672684466e-01
1.675743805621088766e-04 8.094046861945423000e-05
1.101328047421453959e+00 -5.884062424672260594e-01
1.660476322246245181e-04 5.780980564612602619e-05
1.411552600064767569e-04 7.380433474737935207e-05
1.552265458479517024e+00 -1.178734450022751012e+00
1.060353689886164297e+00 -7.334515430299030081e-01
1.987800218300521610e-04 1.725254008108456465e-04
1.021537885999640460e+00 -6.854754282597879111e-01
1.431549184973310274e-04 1.034577090981660721e-04
1.175052188198311559e-01 3.968397096512244621e-02
1.542805658969368610e+00 -1.007145684709280786e+00
1.948236440754820770e-04 8.861324379414479773e-05
1.143826671556502195e+00 -7.214099803644344888e-01
9.053940704805801820e-01 -4.923591883494050081e-01
1.252875901725573282e+00 -5.722584114389501764e-01
1.263498063440398056e+00 -6.153062137180093094e-01
1.636959053627469820e-04 1.028695997941104633e-04
5.585238520274775631e-01 -6.848191363082024863e-02
1.829840478327251889e-04 1.615398662534880893e-04
1.173066343907945619e+00 -8.749102062151732362e-01
1.260316785411691616e-04 5.928567772830300851e-05
1.471186726771813280e+00 -9.406508025987644350e-01
7.689213116016679894e-01 -6.749487368056827918e-01
1.545201156118405537e-04 1.039547812133579475e-04
1.216454464064558039e+00 -5.430203228580468000e-01
1.609962990331577914e-01 6.618900364376237300e-02
1.517387530880068617e-04 4.268762306013691737e-05
1.071044539276423180e+00 -3.986021367041331920e-01
1.565515140072414768e+00 -1.199844626363311351e+00
1.455743898853971191e-04 8.157325204116646104e-05
1.468508560937141667e-04 1.116745603779431876e-04
1.074028359904301011e+00 -5.545735119535013524e-01
1.220763919123320496e-01 2.228949808910456881e-02
1.673970717372391247e-04 1.064768829689887250e-04
1.740983667982607189e-02 6.456149229287524299e-03
1.153837807654911340e-01 5.117333468728171159e-02
1.020232471070429581e+00 -7.357954648903410888e-01
1.563532391233697361e-01 5.498089855268624426e-02
1.928491058210778217e-04 1.159399590866270005e-04
8.026607022796864443e-01 -2.459541715505535187e-01
1.607060131569420625e+00 -8.996202227191846257e-01
7.253544851997367759e-01 -6.982068344540653948e-01
1.560588887852979889e+00 -9.698756092137211793e-01
8.724192929703288302e-01 -5.677541747913958936e-01
1.080821961987359954e-04 8.260161922792917731e-05
1.060344526798555176e+00 -1.708079252691322159e-01
1.518984188028219995e+00 -9.151605217579705798e-01
6.508125399051130078e-01 7.322977771077307518e-02
1.382579888937544244e+00 -6.861132874263871084e-01
1.631702830563518472e-04 1.055431963699522295e-04
9.646731730430060381e-01 -8.665976867335590805e-01
9.233831462848619553e-01 -4.747592856919749527e-01
1.400030285879315439e+00 -4.766875921353979084e-01
1.176557667730744550e+00 -4.245657247357572661e-01
1.065520245027486101e+00 -5.908721785944878180e-01
6.906961737145537183e-01 -4.751132981874455763e-01
1.246516075318421452e-04 3.941836102502905301e-05
1.797512497504887843e-04 1.047272211844454357e-04
1.292868339025734503e+00 -9.812769762490104464e-01
1.869730213893631542e-04 1.176941288964512399e-04
7.555983703628305070e-01 -3.143288633857983516e-01
1.148400310285950132e+00 -6.164247904180660820e-01
1.187115912858998312e+00 -7.686664779964631489e-01
1.720601500633202796e-04 9.387819312843059068e-05
1.402905314455772700e-04 9.024516578616313233e-05
2.171692586404335270e-04 9.394271882661025803e-05
9.654542631418487897e-01 -6.982793841565758663e-01
1.267204405162858361e-04 5.670547594389668681e-05
1.569950820660540147e+00 -1.073864538652422151e+00
1.110843791150866400e+00 -3.449159245150869579e-01
1.515027339412533406e-04 7.302731061202963130e-05
8.653184263159255929e-01 -3.976549288161233542e-01
1.258369362543856118e+00 -5.995541947450413467e-01
9.210382987387225606e-01 -1.993771390245397956e-01
1.276177442565167297e+00 -8.824514672376151392e-01
1.134544873352113514e+00 -6.956934038386034524e-01
1.448176120926937429e-04 1.017451573155551232e-04
1.774513279814129898e-04 6.267958474902882117e-05
1.461685220371046934e-04 1.099909310561442328e-04
1.085044762179135258e+00 -4.352556345085348832e-01
1.105274698912773301e+00 -7.868278606422480781e-01
1.153864175256753999e+00 -5.681335839228930373e-01
1.104971852501172025e+00 -5.499104631287942135e-01
1.326141085139795415e-04 8.760907108239140485e-05
6.076332187215435221e-01 -3.492478932802902669e-01
1.261319291980194324e+00 -3.869085899766215308e-01
1.505753667127535778e+00 -9.180567752701702666e-01
1.212087936268246180e+00 -5.177038089226470019e-01
1.114507753105642153e-04 6.938687700016217812e-05
1.090407609007464806e+00 -4.235523520905406514e-01
1.288715896539614476e-04 4.009302962244300477e-05
1.349971659031070192e+00 -7.503837550588372540e-01
1.454653888524297944e-01 2.950495729945642673e-02
1.928032713881324160e-04 1.297314197080888488e-04
1.620888421601422991e+00 -1.112631870644076537e+00
1.490090475735041055e-04 8.718132536482707182e-05
7.070270725670483314e-01 -4.952916701561490553e-01
1.273699174709848059e+00 -8.360744895803861043e-01
1.565675264335639303e-04 1.131366846131389478e-04
1.231162849313628405e+00 -5.659523917916927660e-01
1.324790287483187652e-04 7.181368423613331356e-05
1.087063608302699658e+00 -5.865245122016741197e-01
1.988353053329276049e-04 1.393361944135217080e-04
1.364803066922344013e-04 4.588766319871509823e-05
1.043420094522752306e+00 -4.816441576233518318e-01
1.504852313368332251e+00 -8.244752544724607279e-01
7.523013170490470136e-01 -5.345572401370184412e-01
1.013320967997537903e+00 -6.262683297687874351e-01
1.073968926416482450e+00 -5.174174255335426409e-01
1.811167095736564159e-04 1.244569277540236998e-04
1.921346643815422407e-04 7.015601983041616912e-05
9.766129179390727055e-02 1.989555643051785574e-02
1.416307482366993442e+00 -7.452594966021355294e-01
9.876782237670079789e-01 -6.293342029202325660e-01
1.823049239593950996e-04 1.417113841268105589e-04
4.706544702477776787e-01 7.440597214222535727e-03
1.329091481118685358e+00 -9.754559392454569267e-01
1.509795393641645837e-04 9.794718349560757294e-05
8.584639573875667562e-01 -2.569225930378171152e-01
1.248509629621557204e+00 -9.937275773913901711e-01
1.208371686733809902e+00 -6.037135284989193496e-01
6.006388404709143147e-01 -4.227997194370516215e-02
2.088654068612953552e+00 -1.569911172484180550e+00
1.696384689901052464e-04 1.127602738779121954e-04
1.690745304915851636e-04 9.054684217077544218e-05
1.142442068209389684e-04 6.909681352681845137e-05
1.111626688376529497e-04 2.965299285412756000e-05
1.063022111557289762e+00 -6.585004522075580402e-01
4.774395614359785434e-01 9.432966574807188920e-02
9.432263261183413405e-01 -4.760154330345520712e-01
1.421858115941693603e-04 6.477951616458504328e-05
1.894968170046819149e-04 6.584569836719445434e-05
1.260768788744398350e+00 -6.045673516270199110e-01
1.271921951070605461e+00 -8.317382226486244035e-01
1.599361367402208256e-04 9.414936476863413066e-05
1.086423599953351804e+00 -5.806435514060297454e-01
1.462581901692237331e-04 7.843757828138384612e-05
1.369844054112145493e+00 -7.820095779414941717e-01
9.506818032296056179e-05 3.115522491017342770e-05
1.471044983824161545e-01 2.973099421153571620e-02
1.626925309237431546e-04 1.130588198291490810e-04
1.077959865065424516e+00 -5.498913780908933902e-01
1.113657102257223253e+00 -7.731994366890019288e-01
1.142888968516440033e-04 4.186050927749700059e-05
1.030208763386723504e-04 2.177630334561376425e-05
1.562309004664846235e+00 -5.237384842835262067e-01
1.100081463952966798e+00 -3.369106310601783782e-01
6.724112390805756512e-01 5.476110961509836339e-02
1.247712804765184424e+00 -6.849785793508694764e-01
1.298886855975891264e+00 -1.123738462356616674e+00
9.377789200142747639e-01 -2.809113664201347560e-01
1.162531097365782497e-04 8.774239097550145996e-05
1.631479625355395091e-01 7.726980724540698231e-02
1.064820435215551253e+00 -6.064739979817551641e-01
1.081929657651355736e+00 -4.921053117786018394e-01
1.314334816922235527e+00 -8.637833959583121057e-01
1.145144830101708493e-04 6.005408695065793471e-05
1.752742078049064345e+00 -8.647860728582126288e-01
8.212722794915173763e-01 -5.108674312406890072e-01
8.271976661357248739e-01 -6.570007485802402680e-01
4.886223927232257735e-01 4.002414267399432429e-02
9.334927941500470450e-01 -1.077470232919154336e-01
2.049216222733484080e-04 1.356165161255564345e-04
1.258366697964184100e+00 -8.328701634990901548e-01
1.733790639161238666e-04 4.488881131082687117e-05
1.572275069084143773e-04 8.511775001338702711e-05
6.768485438694459289e-01 -3.685117320146958919e-01
1.614165756204790172e-04 1.216090091311651782e-04
9.028205222472428515e-01 -3.095254922212509752e-01
1.324372202046659064e+00 -8.804661478372800554e-01
1.247420407893773620e+00 -5.563312618937423792e-01
1.182544162313741598e+00 -7.896968098372725287e-01
