0.000000000000000000e+00 0.000000000000000000e+00 5.655942523333198219e-02
0.000000000000000000e+00 1.000000000000000000e+00 7.347326972278590829e-02
0.000000000000000000e+00 2.000000000000000000e+00 2.746771503179065710e-02
0.000000000000000000e+00 3.000000000000000000e+00 1.160939727194831850e-02
0.000000000000000000e+00 4.000000000000000000e+00 7.586521529850345780e-02
1.000000000000000000e+00 0.000000000000000000e+00 5.635852469651596482e-03
1.000000000000000000e+00 1.000000000000000000e+00 6.556294241605511997e-02
1.000000000000000000e+00 2.000000000000000000e+00 2.654690459432563002e-02
1.000000000000000000e+00 3.000000000000000000e+00 3.810739495220421408e-02
1.000000000000000000e+00 4.000000000000000000e+00 2.441421907193389029e-02
2.000000000000000000e+00 0.000000000000000000e+00 1.211713717822027539e-02
2.000000000000000000e+00 1.000000000000000000e+00 2.336366884405806366e-02
2.000000000000000000e+00 2.000000000000000000e+00 1.335288316856609453e-02
2.000000000000000000e+00 3.000000000000000000e+00 2.816239581777163839e-02
2.000000000000000000e+00 4.000000000000000000e+00 3.353572050301062424e-02
3.000000000000000000e+00 0.000000000000000000e+00 4.421633789727409669e-02
3.000000000000000000e+00 1.000000000000000000e+00 1.283230150548678866e-02
3.000000000000000000e+00 2.000000000000000000e+00 3.189998610960056991e-02
3.000000000000000000e+00 3.000000000000000000e+00 2.851463599090973272e-02
3.000000000000000000e+00 4.000000000000000000e+00 4.246215170407216521e-02
4.000000000000000000e+00 0.000000000000000000e+00 4.913286309356668796e-02
4.000000000000000000e+00 1.000000000000000000e+00 4.678497285870500400e-02
4.000000000000000000e+00 2.000000000000000000e+00 1.104453539651349160e-02
4.000000000000000000e+00 3.000000000000000000e+00 5.094973600648356610e-02
4.000000000000000000e+00 4.000000000000000000e+00 2.750065794123948693e-02
5.000000000000000000e+00 0.000000000000000000e+00 2.586863917724308709e-02
5.000000000000000000e+00 1.000000000000000000e+00 3.838166191223008755e-02
5.000000000000000000e+00 2.000000000000000000e+00 1.944721806976684730e-02
5.000000000000000000e+00 3.000000000000000000e+00 1.843710343413626149e-02
5.000000000000000000e+00 4.000000000000000000e+00 5.734901818255663808e-02
6.000000000000000000e+00 0.000000000000000000e+00 4.032030155945880157e-02
6.000000000000000000e+00 1.000000000000000000e+00 1.883790811218176431e-02
6.000000000000000000e+00 2.000000000000000000e+00 5.077873708720601759e-02
6.000000000000000000e+00 3.000000000000000000e+00 2.755949699501048650e-02
6.000000000000000000e+00 4.000000000000000000e+00 7.585548382679760393e-02
7.000000000000000000e+00 0.000000000000000000e+00 3.639712990528261305e-02
7.000000000000000000e+00 1.000000000000000000e+00 8.898395432502927485e-03
7.000000000000000000e+00 2.000000000000000000e+00 1.309426208884521825e-02
7.000000000000000000e+00 3.000000000000000000e+00 8.042087736809323817e-02
7.000000000000000000e+00 4.000000000000000000e+00 2.454658596459700221e-02
8.000000000000000000e+00 0.000000000000000000e+00 2.179703373382610443e-02
8.000000000000000000e+00 1.000000000000000000e+00 1.937458599680338261e-02
8.000000000000000000e+00 2.000000000000000000e+00 6.143415013743705466e-02
8.000000000000000000e+00 3.000000000000000000e+00 4.252258037234719207e-02
8.000000000000000000e+00 4.000000000000000000e+00 3.004890668394581341e-02
9.000000000000000000e+00 0.000000000000000000e+00 2.945935933790546496e-02
9.000000000000000000e+00 1.000000000000000000e+00 1.419062113224477811e-02
9.000000000000000000e+00 2.000000000000000000e+00 6.404353069914482666e-02
9.000000000000000000e+00 3.000000000000000000e+00 3.860378005447073074e-02
9.000000000000000000e+00 4.000000000000000000e+00 1.692791275877052193e-02
1.000000000000000000e+01 0.000000000000000000e+00 3.289530946859868521e-02
1.000000000000000000e+01 1.000000000000000000e+00 3.242635830638304628e-02
1.000000000000000000e+01 2.000000000000000000e+00 5.211997661871078935e-02
1.000000000000000000e+01 3.000000000000000000e+00 2.787287605477452648e-02
1.000000000000000000e+01 4.000000000000000000e+00 4.722235722133092534e-02
1.100000000000000000e+01 0.000000000000000000e+00 1.992307465051412416e-02
1.100000000000000000e+01 1.000000000000000000e+00 2.672917785078406799e-02
1.100000000000000000e+01 2.000000000000000000e+00 3.365544457681977908e-02
1.100000000000000000e+01 3.000000000000000000e+00 1.948598561167674825e-02
1.100000000000000000e+01 4.000000000000000000e+00 7.691821701450779480e-02
1.200000000000000000e+01 0.000000000000000000e+00 3.133829068248340788e-02
1.200000000000000000e+01 1.000000000000000000e+00 7.578513770451248202e-03
1.200000000000000000e+01 2.000000000000000000e+00 2.143945562789617912e-02
1.200000000000000000e+01 3.000000000000000000e+00 6.052981838708584167e-03
1.200000000000000000e+01 4.000000000000000000e+00 1.055234245630442061e-02
1.300000000000000000e+01 0.000000000000000000e+00 2.134648571987082105e-02
1.300000000000000000e+01 1.000000000000000000e+00 6.889341871592288835e-02
1.300000000000000000e+01 2.000000000000000000e+00 5.836226042039253936e-02
1.300000000000000000e+01 3.000000000000000000e+00 4.632085424325656925e-02
1.300000000000000000e+01 4.000000000000000000e+00 6.665262315497884338e-02
1.400000000000000000e+01 0.000000000000000000e+00 3.408708480087106751e-02
1.400000000000000000e+01 1.000000000000000000e+00 1.259559767755527235e-02
1.400000000000000000e+01 2.000000000000000000e+00 3.041399335957691713e-02
1.400000000000000000e+01 3.000000000000000000e+00 1.632493988287120681e-02
1.400000000000000000e+01 4.000000000000000000e+00 7.809866205700365105e-02
1.500000000000000000e+01 0.000000000000000000e+00 5.423625869300156138e-02
1.500000000000000000e+01 1.000000000000000000e+00 2.794653204932303486e-02
1.500000000000000000e+01 2.000000000000000000e+00 3.773793366483960132e-02
1.500000000000000000e+01 3.000000000000000000e+00 1.922577859214713580e-02
1.500000000000000000e+01 4.000000000000000000e+00 1.993517289536227144e-02
1.600000000000000000e+01 0.000000000000000000e+00 3.870892058860879448e-02
1.600000000000000000e+01 1.000000000000000000e+00 3.325528278637497615e-02
1.600000000000000000e+01 2.000000000000000000e+00 4.628126473051129980e-02
1.600000000000000000e+01 3.000000000000000000e+00 5.140131520655780856e-02
1.600000000000000000e+01 4.000000000000000000e+00 1.274420864866636707e-02
1.700000000000000000e+01 0.000000000000000000e+00 1.146128084427498403e-02
1.700000000000000000e+01 1.000000000000000000e+00 3.349897560362870980e-02
1.700000000000000000e+01 2.000000000000000000e+00 2.492787350367490443e-03
1.700000000000000000e+01 3.000000000000000000e+00 7.209015655534131359e-03
1.700000000000000000e+01 4.000000000000000000e+00 4.391183427799761479e-02
1.800000000000000000e+01 0.000000000000000000e+00 2.696302724018093816e-02
1.800000000000000000e+01 1.000000000000000000e+00 1.824889059913021097e-02
1.800000000000000000e+01 2.000000000000000000e+00 2.739575555234571858e-02
1.800000000000000000e+01 3.000000000000000000e+00 4.884780654915378550e-02
1.800000000000000000e+01 4.000000000000000000e+00 6.063979593655562106e-02
1.900000000000000000e+01 0.000000000000000000e+00 2.874771179302859636e-02
1.900000000000000000e+01 1.000000000000000000e+00 5.619973732866058447e-02
1.900000000000000000e+01 2.000000000000000000e+00 2.213722079594509368e-02
1.900000000000000000e+01 3.000000000000000000e+00 3.854098029103317224e-02
1.900000000000000000e+01 4.000000000000000000e+00 3.554370270331998205e-02
2.000000000000000000e+01 0.000000000000000000e+00 4.615104767816392145e-02
2.000000000000000000e+01 1.000000000000000000e+00 9.831163990076331738e-02
2.000000000000000000e+01 2.000000000000000000e+00 3.134394308498199971e-02
2.000000000000000000e+01 3.000000000000000000e+00 7.356371409729547950e-02
2.000000000000000000e+01 4.000000000000000000e+00 5.082224962782379979e-02
2.100000000000000000e+01 0.000000000000000000e+00 1.998492415275697140e-02
2.100000000000000000e+01 1.000000000000000000e+00 4.381642365733768446e-02
2.100000000000000000e+01 2.000000000000000000e+00 9.693564208519193925e-02
2.100000000000000000e+01 3.000000000000000000e+00 1.283307107875240535e-02
2.100000000000000000e+01 4.000000000000000000e+00 1.951951274275127990e-02
2.200000000000000000e+01 0.000000000000000000e+00 2.842033315007831684e-02
2.200000000000000000e+01 1.000000000000000000e+00 5.963406297059183070e-02
2.200000000000000000e+01 2.000000000000000000e+00 7.892993657383129413e-02
2.200000000000000000e+01 3.000000000000000000e+00 3.972071952706719700e-02
2.200000000000000000e+01 4.000000000000000000e+00 7.894293987782133315e-02
2.300000000000000000e+01 0.000000000000000000e+00 3.877444657231061964e-02
2.300000000000000000e+01 1.000000000000000000e+00 2.686201593945110322e-02
2.300000000000000000e+01 2.000000000000000000e+00 3.865875356712073635e-02
2.300000000000000000e+01 3.000000000000000000e+00 3.702609980634270770e-02
2.300000000000000000e+01 4.000000000000000000e+00 4.129334447951035769e-02
2.400000000000000000e+01 0.000000000000000000e+00 3.007790295713863582e-02
2.400000000000000000e+01 1.000000000000000000e+00 4.320070704280606910e-02
2.400000000000000000e+01 2.000000000000000000e+00 1.693041205575732816e-02
2.400000000000000000e+01 3.000000000000000000e+00 2.948489977395004485e-02
2.400000000000000000e+01 4.000000000000000000e+00 4.877024487911849754e-02
2.500000000000000000e+01 0.000000000000000000e+00 3.402274903204815376e-02
2.500000000000000000e+01 1.000000000000000000e+00 3.547809149598201567e-02
2.500000000000000000e+01 2.000000000000000000e+00 1.613460236136057130e-02
2.500000000000000000e+01 3.000000000000000000e+00 2.391481778493905960e-02
2.500000000000000000e+01 4.000000000000000000e+00 5.659654835209117218e-02
2.600000000000000000e+01 0.000000000000000000e+00 4.263823945182084602e-02
2.600000000000000000e+01 1.000000000000000000e+00 2.830172297729384445e-02
2.600000000000000000e+01 2.000000000000000000e+00 9.662945305355535169e-03
2.600000000000000000e+01 3.000000000000000000e+00 6.281179632851018046e-02
2.600000000000000000e+01 4.000000000000000000e+00 1.278359797747029986e-02
2.700000000000000000e+01 0.000000000000000000e+00 3.943035651417016452e-02
2.700000000000000000e+01 1.000000000000000000e+00 2.047979679403852740e-02
2.700000000000000000e+01 2.000000000000000000e+00 6.215428103736745161e-03
2.700000000000000000e+01 3.000000000000000000e+00 6.155438254614992166e-02
2.700000000000000000e+01 4.000000000000000000e+00 3.487097498233457382e-02
2.800000000000000000e+01 0.000000000000000000e+00 5.257137752316093371e-02
2.800000000000000000e+01 1.000000000000000000e+00 6.027299758498595728e-02
2.800000000000000000e+01 2.000000000000000000e+00 2.470008077018858925e-02
2.800000000000000000e+01 3.000000000000000000e+00 5.790975899771153707e-02
2.800000000000000000e+01 4.000000000000000000e+00 5.933772473348014609e-02
2.900000000000000000e+01 0.000000000000000000e+00 3.217480448772686019e-02
2.900000000000000000e+01 1.000000000000000000e+00 3.112848452940395957e-02
2.900000000000000000e+01 2.000000000000000000e+00 4.346255305129261004e-02
2.900000000000000000e+01 3.000000000000000000e+00 1.980922947221069874e-02
2.900000000000000000e+01 4.000000000000000000e+00 1.120487574832524508e-02
3.000000000000000000e+01 0.000000000000000000e+00 3.238767032678215030e-02
3.000000000000000000e+01 1.000000000000000000e+00 4.541313248173743655e-02
3.000000000000000000e+01 2.000000000000000000e+00 6.368375501089948432e-02
3.000000000000000000e+01 3.000000000000000000e+00 3.820959601917094106e-02
3.000000000000000000e+01 4.000000000000000000e+00 1.312385836619616407e-02
3.100000000000000000e+01 0.000000000000000000e+00 7.714751982744051662e-02
3.100000000000000000e+01 1.000000000000000000e+00 5.149601640755589738e-02
3.100000000000000000e+01 2.000000000000000000e+00 4.975623244650696775e-02
3.100000000000000000e+01 3.000000000000000000e+00 2.930198641013236766e-02
3.100000000000000000e+01 4.000000000000000000e+00 1.797655384743979470e-02
3.200000000000000000e+01 0.000000000000000000e+00 6.862002376466634634e-02
3.200000000000000000e+01 1.000000000000000000e+00 1.401753066256992454e-02
3.200000000000000000e+01 2.000000000000000000e+00 2.800933740759887353e-02
3.200000000000000000e+01 3.000000000000000000e+00 1.734879434352654820e-02
3.200000000000000000e+01 4.000000000000000000e+00 1.892128313424978892e-02
3.300000000000000000e+01 0.000000000000000000e+00 2.068754618721767302e-02
3.300000000000000000e+01 1.000000000000000000e+00 6.029656530719712526e-02
3.300000000000000000e+01 2.000000000000000000e+00 1.385308991000590295e-02
3.300000000000000000e+01 3.000000000000000000e+00 5.964546936311720254e-02
3.300000000000000000e+01 4.000000000000000000e+00 4.364810538617749924e-02
3.400000000000000000e+01 0.000000000000000000e+00 3.119387351672307102e-02
3.400000000000000000e+01 1.000000000000000000e+00 4.775009469124830153e-02
3.400000000000000000e+01 2.000000000000000000e+00 3.095273431967691252e-02
3.400000000000000000e+01 3.000000000000000000e+00 2.885595958262919883e-02
3.400000000000000000e+01 4.000000000000000000e+00 1.270973133980405831e-02
3.500000000000000000e+01 0.000000000000000000e+00 3.433959300168287071e-02
3.500000000000000000e+01 1.000000000000000000e+00 4.911751195575626144e-02
3.500000000000000000e+01 2.000000000000000000e+00 1.594360488277761501e-02
3.500000000000000000e+01 3.000000000000000000e+00 5.824581103196172643e-02
3.500000000000000000e+01 4.000000000000000000e+00 4.480567992825971319e-02
3.600000000000000000e+01 0.000000000000000000e+00 4.281176101601755213e-02
3.600000000000000000e+01 1.000000000000000000e+00 4.769903692938340378e-02
3.600000000000000000e+01 2.000000000000000000e+00 1.655667700244957061e-02
3.600000000000000000e+01 3.000000000000000000e+00 2.290813855702878571e-02
3.600000000000000000e+01 4.000000000000000000e+00 3.478168200059721105e-02
3.700000000000000000e+01 0.000000000000000000e+00 1.429666962421105927e-02
3.700000000000000000e+01 1.000000000000000000e+00 4.105256934439126260e-02
3.700000000000000000e+01 2.000000000000000000e+00 5.268946661754503671e-03
3.700000000000000000e+01 3.000000000000000000e+00 4.453003999420625941e-02
3.700000000000000000e+01 4.000000000000000000e+00 2.218835712842149449e-02
3.800000000000000000e+01 0.000000000000000000e+00 2.209681037249211846e-02
3.800000000000000000e+01 1.000000000000000000e+00 1.887603274508725670e-02
3.800000000000000000e+01 2.000000000000000000e+00 3.321189728319219603e-02
3.800000000000000000e+01 3.000000000000000000e+00 4.176800738669861346e-02
3.800000000000000000e+01 4.000000000000000000e+00 1.836408720067523453e-02
3.900000000000000000e+01 0.000000000000000000e+00 3.218351762752365980e-02
3.900000000000000000e+01 1.000000000000000000e+00 3.796449836826781832e-02
3.900000000000000000e+01 2.000000000000000000e+00 6.197182103760504740e-02
3.900000000000000000e+01 3.000000000000000000e+00 5.070217627955700412e-02
3.900000000000000000e+01 4.000000000000000000e+00 4.211312378771134984e-02
4.000000000000000000e+01 0.000000000000000000e+00 4.340343557107251282e-02
4.000000000000000000e+01 1.000000000000000000e+00 7.859512116234779189e-02
4.000000000000000000e+01 2.000000000000000000e+00 4.888825798275604761e-02
4.000000000000000000e+01 3.000000000000000000e+00 2.716497356808921307e-02
4.000000000000000000e+01 4.000000000000000000e+00 1.165631960946996760e-02
4.100000000000000000e+01 0.000000000000000000e+00 4.361037591040663186e-02
4.100000000000000000e+01 1.000000000000000000e+00 6.281147983051421635e-02
4.100000000000000000e+01 2.000000000000000000e+00 5.991595931175475870e-02
4.100000000000000000e+01 3.000000000000000000e+00 5.732602202298590910e-02
4.100000000000000000e+01 4.000000000000000000e+00 5.678268272603526762e-02
4.200000000000000000e+01 0.000000000000000000e+00 6.846063835416393503e-03
4.200000000000000000e+01 1.000000000000000000e+00 6.264782398257193186e-02
4.200000000000000000e+01 2.000000000000000000e+00 2.937609987196103736e-02
4.200000000000000000e+01 3.000000000000000000e+00 2.420544490759883247e-02
4.200000000000000000e+01 4.000000000000000000e+00 4.695227863879494062e-02
4.300000000000000000e+01 0.000000000000000000e+00 5.466624442072086365e-02
4.300000000000000000e+01 1.000000000000000000e+00 4.400782266348705896e-03
4.300000000000000000e+01 2.000000000000000000e+00 6.228327050700388848e-03
4.300000000000000000e+01 3.000000000000000000e+00 3.293385605327246030e-02
4.300000000000000000e+01 4.000000000000000000e+00 1.629129117031253779e-02
4.400000000000000000e+01 0.000000000000000000e+00 7.414454888082865069e-02
4.400000000000000000e+01 1.000000000000000000e+00 3.420230117074224419e-02
4.400000000000000000e+01 2.000000000000000000e+00 2.996836782751940292e-02
4.400000000000000000e+01 3.000000000000000000e+00 2.328036907630348998e-02
4.400000000000000000e+01 4.000000000000000000e+00 1.837734905885186204e-02
4.500000000000000000e+01 0.000000000000000000e+00 3.941727637896624836e-02
4.500000000000000000e+01 1.000000000000000000e+00 2.482340350380794064e-02
4.500000000000000000e+01 2.000000000000000000e+00 4.782525261560018059e-02
4.500000000000000000e+01 3.000000000000000000e+00 5.959006610993833331e-02
4.500000000000000000e+01 4.000000000000000000e+00 2.476258472091714957e-02
4.600000000000000000e+01 0.000000000000000000e+00 8.434481521722879405e-02
4.600000000000000000e+01 1.000000000000000000e+00 4.501932276171062564e-02
4.600000000000000000e+01 2.000000000000000000e+00 4.910612867247446389e-02
4.600000000000000000e+01 3.000000000000000000e+00 4.547482121212375467e-02
4.600000000000000000e+01 4.000000000000000000e+00 3.652205686699511872e-03
4.700000000000000000e+01 0.000000000000000000e+00 1.288418716098290590e-02
4.700000000000000000e+01 1.000000000000000000e+00 1.034079192627007475e-02
4.700000000000000000e+01 2.000000000000000000e+00 3.808300736863612368e-02
4.700000000000000000e+01 3.000000000000000000e+00 3.702150124061976549e-02
4.700000000000000000e+01 4.000000000000000000e+00 1.120336744429957163e-02
4.800000000000000000e+01 0.000000000000000000e+00 4.257658110521497091e-02
4.800000000000000000e+01 1.000000000000000000e+00 4.478849261844836116e-02
4.800000000000000000e+01 2.000000000000000000e+00 5.151435426847183335e-02
4.800000000000000000e+01 3.000000000000000000e+00 8.359152656834166820e-03
4.800000000000000000e+01 4.000000000000000000e+00 2.311774057867721499e-02
4.900000000000000000e+01 0.000000000000000000e+00 3.790632033214409724e-02
4.900000000000000000e+01 1.000000000000000000e+00 3.851652922475574253e-02
4.900000000000000000e+01 2.000000000000000000e+00 4.266300697260139163e-02
4.900000000000000000e+01 3.000000000000000000e+00 1.622250014597804990e-02
4.900000000000000000e+01 4.000000000000000000e+00 3.965906950205515258e-02
5.000000000000000000e+01 0.000000000000000000e+00 2.819457508174869065e-02
5.000000000000000000e+01 1.000000000000000000e+00 1.852637268253826131e-02
5.000000000000000000e+01 2.000000000000000000e+00 3.122837920485486973e-02
5.000000000000000000e+01 3.000000000000000000e+00 1.783373491571279418e-02
5.000000000000000000e+01 4.000000000000000000e+00 1.300995041533479536e-02
5.100000000000000000e+01 0.000000000000000000e+00 3.433887478082204431e-02
5.100000000000000000e+01 1.000000000000000000e+00 1.601105170465676186e-02
5.100000000000000000e+01 2.000000000000000000e+00 9.135476310113639642e-03
5.100000000000000000e+01 3.000000000000000000e+00 4.320135226506344878e-02
5.100000000000000000e+01 4.000000000000000000e+00 2.432314465428923184e-02
5.200000000000000000e+01 0.000000000000000000e+00 2.924392057329334299e-02
5.200000000000000000e+01 1.000000000000000000e+00 4.417936097511857008e-02
5.200000000000000000e+01 2.000000000000000000e+00 6.726642974487456739e-02
5.200000000000000000e+01 3.000000000000000000e+00 5.173104634445248318e-02
5.200000000000000000e+01 4.000000000000000000e+00 2.393001477975208180e-02
5.300000000000000000e+01 0.000000000000000000e+00 3.470477380616158319e-02
5.300000000000000000e+01 1.000000000000000000e+00 3.671678928463638358e-02
5.300000000000000000e+01 2.000000000000000000e+00 3.360667533198725271e-02
5.300000000000000000e+01 3.000000000000000000e+00 5.499280136684629727e-02
5.300000000000000000e+01 4.000000000000000000e+00 1.021621194367289091e-02
5.400000000000000000e+01 0.000000000000000000e+00 1.339328547254328358e-02
5.400000000000000000e+01 1.000000000000000000e+00 3.598638333804046741e-02
5.400000000000000000e+01 2.000000000000000000e+00 8.601583140013241424e-02
5.400000000000000000e+01 3.000000000000000000e+00 3.480632254899353878e-02
5.400000000000000000e+01 4.000000000000000000e+00 5.185880051979752103e-02
5.500000000000000000e+01 0.000000000000000000e+00 4.751571962702626217e-02
5.500000000000000000e+01 1.000000000000000000e+00 2.497033517571465092e-02
5.500000000000000000e+01 2.000000000000000000e+00 4.481384842738832253e-02
5.500000000000000000e+01 3.000000000000000000e+00 4.847796390035225694e-02
5.500000000000000000e+01 4.000000000000000000e+00 7.690699261337608297e-03
5.600000000000000000e+01 0.000000000000000000e+00 2.472899566168515473e-02
5.600000000000000000e+01 1.000000000000000000e+00 3.455025710570300973e-02
5.600000000000000000e+01 2.000000000000000000e+00 1.839575382173826504e-02
5.600000000000000000e+01 3.000000000000000000e+00 4.010734741105165257e-02
5.600000000000000000e+01 4.000000000000000000e+00 2.609678809882249456e-02
5.700000000000000000e+01 0.000000000000000000e+00 3.752195737526961561e-02
5.700000000000000000e+01 1.000000000000000000e+00 4.027037523664695612e-02
5.700000000000000000e+01 2.000000000000000000e+00 3.230112222798468824e-02
5.700000000000000000e+01 3.000000000000000000e+00 8.334185108386903129e-02
5.700000000000000000e+01 4.000000000000000000e+00 2.663674685455748314e-02
5.800000000000000000e+01 0.000000000000000000e+00 2.565584030849230729e-02
5.800000000000000000e+01 1.000000000000000000e+00 3.686879785235185752e-02
5.800000000000000000e+01 2.000000000000000000e+00 2.355348403007988256e-02
5.800000000000000000e+01 3.000000000000000000e+00 2.364861394864041857e-02
5.800000000000000000e+01 4.000000000000000000e+00 3.060639255862648150e-02
5.900000000000000000e+01 0.000000000000000000e+00 6.440739237828025515e-03
5.900000000000000000e+01 1.000000000000000000e+00 4.451257947598238895e-02
5.900000000000000000e+01 2.000000000000000000e+00 5.306079341608457151e-02
5.900000000000000000e+01 3.000000000000000000e+00 6.604037984798334648e-02
5.900000000000000000e+01 4.000000000000000000e+00 4.953406529970165451e-02
6.000000000000000000e+01 0.000000000000000000e+00 1.989057057691957439e-02
6.000000000000000000e+01 1.000000000000000000e+00 3.428755908777185446e-02
6.000000000000000000e+01 2.000000000000000000e+00 7.581602506529300234e-02
6.000000000000000000e+01 3.000000000000000000e+00 3.902302626022254028e-02
6.000000000000000000e+01 4.000000000000000000e+00 5.595064176147533652e-02
6.100000000000000000e+01 0.000000000000000000e+00 4.661740064236509495e-02
6.100000000000000000e+01 1.000000000000000000e+00 3.160860501388997046e-02
6.100000000000000000e+01 2.000000000000000000e+00 7.048312222733417454e-02
6.100000000000000000e+01 3.000000000000000000e+00 2.285956005342152861e-02
6.100000000000000000e+01 4.000000000000000000e+00 1.670639274880408170e-02
6.200000000000000000e+01 0.000000000000000000e+00 3.863803399873260574e-02
6.200000000000000000e+01 1.000000000000000000e+00 4.556914639964292080e-02
6.200000000000000000e+01 2.000000000000000000e+00 2.947851351843986528e-02
6.200000000000000000e+01 3.000000000000000000e+00 4.269388743660270519e-02
6.200000000000000000e+01 4.000000000000000000e+00 7.394260487579434882e-02
6.300000000000000000e+01 0.000000000000000000e+00 2.505004870606997863e-02
6.300000000000000000e+01 1.000000000000000000e+00 1.363219226110539556e-02
6.300000000000000000e+01 2.000000000000000000e+00 4.064636505675432721e-02
6.300000000000000000e+01 3.000000000000000000e+00 2.448759629240438232e-02
6.300000000000000000e+01 4.000000000000000000e+00 1.584388925173277340e-02
6.400000000000000000e+01 0.000000000000000000e+00 5.045059947897193725e-02
6.400000000000000000e+01 1.000000000000000000e+00 5.980697885833898692e-02
6.400000000000000000e+01 2.000000000000000000e+00 4.744955323573996075e-02
6.400000000000000000e+01 3.000000000000000000e+00 2.205302586070550380e-02
6.400000000000000000e+01 4.000000000000000000e+00 3.044256200472052545e-02
6.500000000000000000e+01 0.000000000000000000e+00 2.268049885550580541e-02
6.500000000000000000e+01 1.000000000000000000e+00 8.008028678347463292e-02
6.500000000000000000e+01 2.000000000000000000e+00 2.686418754701708905e-02
6.500000000000000000e+01 3.000000000000000000e+00 1.035520263421170310e-02
6.500000000000000000e+01 4.000000000000000000e+00 4.412601303872542430e-02
6.600000000000000000e+01 0.000000000000000000e+00 2.412715507265334944e-02
6.600000000000000000e+01 1.000000000000000000e+00 3.700926882985822869e-02
6.600000000000000000e+01 2.000000000000000000e+00 9.686852775794586867e-02
6.600000000000000000e+01 3.000000000000000000e+00 1.570733634103891468e-02
6.600000000000000000e+01 4.000000000000000000e+00 6.539735518749008325e-02
6.700000000000000000e+01 0.000000000000000000e+00 3.298114932520203324e-02
6.700000000000000000e+01 1.000000000000000000e+00 1.861484050827671294e-02
6.700000000000000000e+01 2.000000000000000000e+00 8.383421711135331800e-02
6.700000000000000000e+01 3.000000000000000000e+00 2.545702768698856339e-02
6.700000000000000000e+01 4.000000000000000000e+00 6.679435720797015363e-02
6.800000000000000000e+01 0.000000000000000000e+00 4.359173697802180142e-02
6.800000000000000000e+01 1.000000000000000000e+00 6.361785138950051821e-02
6.800000000000000000e+01 2.000000000000000000e+00 3.308754558941828273e-03
6.800000000000000000e+01 3.000000000000000000e+00 1.865203230994769146e-02
6.800000000000000000e+01 4.000000000000000000e+00 1.912011401972923269e-02
6.900000000000000000e+01 0.000000000000000000e+00 4.882230108748615571e-02
6.900000000000000000e+01 1.000000000000000000e+00 5.672981954540290417e-02
6.900000000000000000e+01 2.000000000000000000e+00 4.022985551856735065e-02
6.900000000000000000e+01 3.000000000000000000e+00 6.779662745730266615e-02
6.900000000000000000e+01 4.000000000000000000e+00 2.376279281975649665e-02
7.000000000000000000e+01 0.000000000000000000e+00 2.121809354035833831e-02
7.000000000000000000e+01 1.000000000000000000e+00 1.627984972927534399e-02
7.000000000000000000e+01 2.000000000000000000e+00 2.342795508666025567e-02
7.000000000000000000e+01 3.000000000000000000e+00 1.169612369833461334e-02
7.000000000000000000e+01 4.000000000000000000e+00 8.676523759223373627e-03
7.100000000000000000e+01 0.000000000000000000e+00 3.161326431434077072e-02
7.100000000000000000e+01 1.000000000000000000e+00 4.537115095635327333e-02
7.100000000000000000e+01 2.000000000000000000e+00 3.625076337753838085e-02
7.100000000000000000e+01 3.000000000000000000e+00 6.179501229949779795e-02
7.100000000000000000e+01 4.000000000000000000e+00 7.523132678202465451e-02
7.200000000000000000e+01 0.000000000000000000e+00 1.309824960763274551e-02
7.200000000000000000e+01 1.000000000000000000e+00 6.386765156503853257e-03
7.200000000000000000e+01 2.000000000000000000e+00 4.866718594519993391e-02
7.200000000000000000e+01 3.000000000000000000e+00 3.240898375714111601e-02
7.200000000000000000e+01 4.000000000000000000e+00 7.019855209008467323e-02
7.300000000000000000e+01 0.000000000000000000e+00 2.801050308522660959e-02
7.300000000000000000e+01 1.000000000000000000e+00 4.334677710967395348e-02
7.300000000000000000e+01 2.000000000000000000e+00 4.067671705430385420e-02
7.300000000000000000e+01 3.000000000000000000e+00 2.621550914637134355e-02
7.300000000000000000e+01 4.000000000000000000e+00 2.020773187483840966e-02
7.400000000000000000e+01 0.000000000000000000e+00 3.098140385728233998e-02
7.400000000000000000e+01 1.000000000000000000e+00 2.742847045566038436e-02
7.400000000000000000e+01 2.000000000000000000e+00 2.908693374316474040e-02
7.400000000000000000e+01 3.000000000000000000e+00 5.320938210477639541e-02
7.400000000000000000e+01 4.000000000000000000e+00 3.767461871604606272e-02
7.500000000000000000e+01 0.000000000000000000e+00 4.099393018970124564e-02
7.500000000000000000e+01 1.000000000000000000e+00 1.842741704643075309e-02
7.500000000000000000e+01 2.000000000000000000e+00 3.325245526375243676e-02
7.500000000000000000e+01 3.000000000000000000e+00 3.385010567761952138e-02
7.500000000000000000e+01 4.000000000000000000e+00 2.715585165444620724e-02
7.600000000000000000e+01 0.000000000000000000e+00 2.440901991591677006e-02
7.600000000000000000e+01 1.000000000000000000e+00 8.740188255563839659e-02
7.600000000000000000e+01 2.000000000000000000e+00 2.463598959992762891e-02
7.600000000000000000e+01 3.000000000000000000e+00 6.059578314018324030e-02
7.600000000000000000e+01 4.000000000000000000e+00 5.510536987872975689e-02
7.700000000000000000e+01 0.000000000000000000e+00 6.213833401289527159e-02
7.700000000000000000e+01 1.000000000000000000e+00 2.512323377939155306e-02
7.700000000000000000e+01 2.000000000000000000e+00 2.700625983780195402e-02
7.700000000000000000e+01 3.000000000000000000e+00 3.476864278572951161e-02
7.700000000000000000e+01 4.000000000000000000e+00 3.815206900918361593e-02
7.800000000000000000e+01 0.000000000000000000e+00 9.760700432724671305e-02
7.800000000000000000e+01 1.000000000000000000e+00 2.812609089141655111e-02
7.800000000000000000e+01 2.000000000000000000e+00 5.400238620640383791e-02
7.800000000000000000e+01 3.000000000000000000e+00 3.130233374480094477e-02
7.800000000000000000e+01 4.000000000000000000e+00 6.248518457635796053e-02
7.900000000000000000e+01 0.000000000000000000e+00 4.039621670453111962e-02
7.900000000000000000e+01 1.000000000000000000e+00 2.087516264316735884e-02
7.900000000000000000e+01 2.000000000000000000e+00 7.227055181473369949e-02
7.900000000000000000e+01 3.000000000000000000e+00 5.398598836755219912e-03
7.900000000000000000e+01 4.000000000000000000e+00 5.837161559684238277e-02
8.000000000000000000e+01 0.000000000000000000e+00 3.130100056883297621e-02
8.000000000000000000e+01 1.000000000000000000e+00 3.896299015755287642e-02
8.000000000000000000e+01 2.000000000000000000e+00 2.632348908377431934e-02
8.000000000000000000e+01 3.000000000000000000e+00 5.048294078234138310e-02
8.000000000000000000e+01 4.000000000000000000e+00 1.536849333889359071e-02
8.100000000000000000e+01 0.000000000000000000e+00 4.832672031344477370e-02
8.100000000000000000e+01 1.000000000000000000e+00 4.691581055561207941e-02
8.100000000000000000e+01 2.000000000000000000e+00 4.764718358717534574e-02
8.100000000000000000e+01 3.000000000000000000e+00 1.532275464603504930e-02
8.100000000000000000e+01 4.000000000000000000e+00 3.619322258139280601e-02
8.200000000000000000e+01 0.000000000000000000e+00 2.754271195909067937e-02
8.200000000000000000e+01 1.000000000000000000e+00 2.765898883286693755e-02
8.200000000000000000e+01 2.000000000000000000e+00 7.816955130716214672e-02
8.200000000000000000e+01 3.000000000000000000e+00 4.929486031680757607e-02
8.200000000000000000e+01 4.000000000000000000e+00 2.084103880818859514e-02
8.300000000000000000e+01 0.000000000000000000e+00 9.418143511261414802e-02
8.300000000000000000e+01 1.000000000000000000e+00 7.040583634229631571e-02
8.300000000000000000e+01 2.000000000000000000e+00 3.266107611044849479e-02
8.300000000000000000e+01 3.000000000000000000e+00 3.547379753957935478e-02
8.300000000000000000e+01 4.000000000000000000e+00 3.917190410673548201e-02
8.400000000000000000e+01 0.000000000000000000e+00 3.418238108692390337e-02
8.400000000000000000e+01 1.000000000000000000e+00 5.931296259016224232e-03
8.400000000000000000e+01 2.000000000000000000e+00 1.773038984514272928e-02
8.400000000000000000e+01 3.000000000000000000e+00 5.145465642457233701e-02
8.400000000000000000e+01 4.000000000000000000e+00 7.964843660570861128e-03
8.500000000000000000e+01 0.000000000000000000e+00 2.267337018321469166e-02
8.500000000000000000e+01 1.000000000000000000e+00 1.062403820010900113e-01
8.500000000000000000e+01 2.000000000000000000e+00 4.146943232555606873e-02
8.500000000000000000e+01 3.000000000000000000e+00 6.049771616460088847e-02
8.500000000000000000e+01 4.000000000000000000e+00 4.685510096530481200e-02
8.600000000000000000e+01 0.000000000000000000e+00 2.824208232256981282e-02
8.600000000000000000e+01 1.000000000000000000e+00 5.354621172334124435e-02
8.600000000000000000e+01 2.000000000000000000e+00 2.214192584260226554e-02
8.600000000000000000e+01 3.000000000000000000e+00 1.141220397089155736e-02
8.600000000000000000e+01 4.000000000000000000e+00 4.503355216647067505e-02
8.700000000000000000e+01 0.000000000000000000e+00 4.645040393756960651e-02
8.700000000000000000e+01 1.000000000000000000e+00 1.032635420251609010e-02
8.700000000000000000e+01 2.000000000000000000e+00 4.205312350472290017e-02
8.700000000000000000e+01 3.000000000000000000e+00 1.920578539461193640e-02
8.700000000000000000e+01 4.000000000000000000e+00 5.673002597587969986e-02
8.800000000000000000e+01 0.000000000000000000e+00 3.439213440511422470e-02
8.800000000000000000e+01 1.000000000000000000e+00 3.324861841288910547e-02
8.800000000000000000e+01 2.000000000000000000e+00 3.702665047683615512e-02
8.800000000000000000e+01 3.000000000000000000e+00 3.134784932050372480e-02
8.800000000000000000e+01 4.000000000000000000e+00 6.861809910350478992e-02
8.900000000000000000e+01 0.000000000000000000e+00 3.381297342667038269e-02
8.900000000000000000e+01 1.000000000000000000e+00 5.468378673398988782e-02
8.900000000000000000e+01 2.000000000000000000e+00 3.285915608894066087e-02
8.900000000000000000e+01 3.000000000000000000e+00 6.998998389250095375e-02
8.900000000000000000e+01 4.000000000000000000e+00 5.291599787760671580e-02
9.000000000000000000e+01 0.000000000000000000e+00 2.675130922285467311e-02
9.000000000000000000e+01 1.000000000000000000e+00 2.622796716576169737e-02
9.000000000000000000e+01 2.000000000000000000e+00 6.243233678124815444e-02
9.000000000000000000e+01 3.000000000000000000e+00 3.335865512211239753e-02
9.000000000000000000e+01 4.000000000000000000e+00 2.633908647629073368e-02
9.100000000000000000e+01 0.000000000000000000e+00 9.861757147501971216e-03
9.100000000000000000e+01 1.000000000000000000e+00 2.649084023496238102e-02
9.100000000000000000e+01 2.000000000000000000e+00 6.677897694034762299e-02
9.100000000000000000e+01 3.000000000000000000e+00 5.668872854468653272e-02
9.100000000000000000e+01 4.000000000000000000e+00 6.521995987269741703e-03
9.200000000000000000e+01 0.000000000000000000e+00 4.268528089062086778e-02
9.200000000000000000e+01 1.000000000000000000e+00 3.780415263965815342e-02
9.200000000000000000e+01 2.000000000000000000e+00 2.271721465228581510e-02
9.200000000000000000e+01 3.000000000000000000e+00 2.324785891682757885e-02
9.200000000000000000e+01 4.000000000000000000e+00 7.284429159832611633e-02
9.300000000000000000e+01 0.000000000000000000e+00 4.128840694954431789e-02
9.300000000000000000e+01 1.000000000000000000e+00 1.731125595478076942e-02
9.300000000000000000e+01 2.000000000000000000e+00 1.325591610129518705e-02
9.300000000000000000e+01 3.000000000000000000e+00 2.166756884203407951e-02
9.300000000000000000e+01 4.000000000000000000e+00 1.729077281625916729e-02
9.400000000000000000e+01 0.000000000000000000e+00 6.671007829223153662e-02
9.400000000000000000e+01 1.000000000000000000e+00 2.850007617192970577e-02
9.400000000000000000e+01 2.000000000000000000e+00 3.380840044737758177e-02
9.400000000000000000e+01 3.000000000000000000e+00 2.428291567763437436e-02
9.400000000000000000e+01 4.000000000000000000e+00 3.335130268674049020e-02
9.500000000000000000e+01 0.000000000000000000e+00 5.945981756466333507e-02
9.500000000000000000e+01 1.000000000000000000e+00 4.672070898675854261e-02
9.500000000000000000e+01 2.000000000000000000e+00 3.803206130206777946e-02
9.500000000000000000e+01 3.000000000000000000e+00 5.996898480251017932e-02
9.500000000000000000e+01 4.000000000000000000e+00 2.490510602147109204e-02
9.600000000000000000e+01 0.000000000000000000e+00 2.289611369052944184e-02
9.600000000000000000e+01 1.000000000000000000e+00 9.615538195910839497e-03
9.600000000000000000e+01 2.000000000000000000e+00 3.923617883023764602e-02
9.600000000000000000e+01 3.000000000000000000e+00 3.761305243547441446e-02
9.600000000000000000e+01 4.000000000000000000e+00 1.940928940486488785e-02
9.700000000000000000e+01 0.000000000000000000e+00 9.913168609957598298e-03
9.700000000000000000e+01 1.000000000000000000e+00 3.987685682876786902e-02
9.700000000000000000e+01 2.000000000000000000e+00 4.239526026816711063e-02
9.700000000000000000e+01 3.000000000000000000e+00 5.824699732664423424e-02
9.700000000000000000e+01 4.000000000000000000e+00 8.270740181005114058e-03
9.800000000000000000e+01 0.000000000000000000e+00 3.690936731348094801e-02
9.800000000000000000e+01 1.000000000000000000e+00 2.159928542504596649e-02
9.800000000000000000e+01 2.000000000000000000e+00 2.958783004007863385e-02
9.800000000000000000e+01 3.000000000000000000e+00 2.882655865802716960e-02
9.800000000000000000e+01 4.000000000000000000e+00 5.136274771925572469e-02
9.900000000000000000e+01 0.000000000000000000e+00 4.757761747511217443e-02
9.900000000000000000e+01 1.000000000000000000e+00 2.794799173403815507e-02
9.900000000000000000e+01 2.000000000000000000e+00 3.650040457942072686e-02
9.900000000000000000e+01 3.000000000000000000e+00 6.887071230166455504e-02
9.900000000000000000e+01 4.000000000000000000e+00 2.800661818527978159e-02
