0.000000000000000000e+00 0.000000000000000000e+00 9.540453719281299927e-02
0.000000000000000000e+00 1.000000000000000000e+00 4.956706587410554532e-02
0.000000000000000000e+00 2.000000000000000000e+00 5.454438019853923708e-02
0.000000000000000000e+00 3.000000000000000000e+00 8.745617855627083048e-02
0.000000000000000000e+00 4.000000000000000000e+00 5.973209446735128214e-02
1.000000000000000000e+00 0.000000000000000000e+00 2.769145986325610015e-02
1.000000000000000000e+00 1.000000000000000000e+00 8.038051086922497201e-02
1.000000000000000000e+00 2.000000000000000000e+00 5.705785874504144123e-02
1.000000000000000000e+00 3.000000000000000000e+00 5.083043665184198978e-02
1.000000000000000000e+00 4.000000000000000000e+00 9.155207219990887935e-02
2.000000000000000000e+00 0.000000000000000000e+00 4.815569597137647068e-02
2.000000000000000000e+00 1.000000000000000000e+00 8.297469325113342176e-02
2.000000000000000000e+00 2.000000000000000000e+00 8.319860204751194921e-02
2.000000000000000000e+00 3.000000000000000000e+00 6.360862212771575819e-02
2.000000000000000000e+00 4.000000000000000000e+00 2.348999669541173077e-02
3.000000000000000000e+00 0.000000000000000000e+00 5.484273017522318938e-02
3.000000000000000000e+00 1.000000000000000000e+00 9.348402950540354861e-02
3.000000000000000000e+00 2.000000000000000000e+00 5.700734853072761399e-02
3.000000000000000000e+00 3.000000000000000000e+00 1.006930113591544135e-01
3.000000000000000000e+00 4.000000000000000000e+00 2.727139379522493245e-02
4.000000000000000000e+00 0.000000000000000000e+00 6.107846957397383703e-02
4.000000000000000000e+00 1.000000000000000000e+00 5.837267450379474143e-02
4.000000000000000000e+00 2.000000000000000000e+00 3.490485489118685947e-02
4.000000000000000000e+00 3.000000000000000000e+00 5.698442342746343203e-02
4.000000000000000000e+00 4.000000000000000000e+00 1.151617862112979535e-01
5.000000000000000000e+00 0.000000000000000000e+00 4.205142333733576099e-02
5.000000000000000000e+00 1.000000000000000000e+00 5.061299155910273240e-02
5.000000000000000000e+00 2.000000000000000000e+00 7.252489401603526287e-02
5.000000000000000000e+00 3.000000000000000000e+00 8.797238391460129869e-02
5.000000000000000000e+00 4.000000000000000000e+00 5.741445658690798315e-02
6.000000000000000000e+00 0.000000000000000000e+00 5.103249020411871478e-02
6.000000000000000000e+00 1.000000000000000000e+00 1.164121461933874530e-01
6.000000000000000000e+00 2.000000000000000000e+00 2.487709126141323529e-02
6.000000000000000000e+00 3.000000000000000000e+00 3.265487250742947489e-02
6.000000000000000000e+00 4.000000000000000000e+00 6.684245897299537220e-02
7.000000000000000000e+00 0.000000000000000000e+00 4.177237226128359404e-02
7.000000000000000000e+00 1.000000000000000000e+00 4.023893239259275501e-02
7.000000000000000000e+00 2.000000000000000000e+00 6.537429834648113280e-02
7.000000000000000000e+00 3.000000000000000000e+00 8.701437968504034670e-02
7.000000000000000000e+00 4.000000000000000000e+00 6.555916304881220791e-02
8.000000000000000000e+00 0.000000000000000000e+00 3.361747175998400228e-02
8.000000000000000000e+00 1.000000000000000000e+00 6.160407571897597023e-02
8.000000000000000000e+00 2.000000000000000000e+00 1.007758397198914579e-01
8.000000000000000000e+00 3.000000000000000000e+00 5.408240226120623190e-02
8.000000000000000000e+00 4.000000000000000000e+00 5.371185619818839158e-02
9.000000000000000000e+00 0.000000000000000000e+00 4.996899777731333286e-02
9.000000000000000000e+00 1.000000000000000000e+00 1.562028624594506698e-01
9.000000000000000000e+00 2.000000000000000000e+00 7.500910651613300340e-02
9.000000000000000000e+00 3.000000000000000000e+00 7.443319445094508449e-03
9.000000000000000000e+00 4.000000000000000000e+00 5.968988348919766068e-02
1.000000000000000000e+01 0.000000000000000000e+00 5.863380505569600054e-02
1.000000000000000000e+01 1.000000000000000000e+00 5.225928374184277657e-03
1.000000000000000000e+01 2.000000000000000000e+00 6.234022831683852517e-02
1.000000000000000000e+01 3.000000000000000000e+00 5.733253244339128751e-02
1.000000000000000000e+01 4.000000000000000000e+00 1.161685555790534369e-01
1.100000000000000000e+01 0.000000000000000000e+00 9.276657613209403352e-02
1.100000000000000000e+01 1.000000000000000000e+00 6.361709663963224792e-03
1.100000000000000000e+01 2.000000000000000000e+00 6.364478740542275914e-02
1.100000000000000000e+01 3.000000000000000000e+00 5.968902418098757934e-02
1.100000000000000000e+01 4.000000000000000000e+00 9.033442838449770584e-02
1.200000000000000000e+01 0.000000000000000000e+00 8.295043180301725494e-02
1.200000000000000000e+01 1.000000000000000000e+00 4.325787058741341340e-02
1.200000000000000000e+01 2.000000000000000000e+00 5.819077195012880427e-02
1.200000000000000000e+01 3.000000000000000000e+00 1.021842757935660234e-01
1.200000000000000000e+01 4.000000000000000000e+00 8.160277373969258841e-02
1.300000000000000000e+01 0.000000000000000000e+00 8.469273743994037984e-02
1.300000000000000000e+01 1.000000000000000000e+00 4.529787752106241572e-02
1.300000000000000000e+01 2.000000000000000000e+00 3.495666086744665668e-02
1.300000000000000000e+01 3.000000000000000000e+00 7.255819876892333209e-02
1.300000000000000000e+01 4.000000000000000000e+00 7.163996470192252053e-02
1.400000000000000000e+01 0.000000000000000000e+00 6.795703740584832508e-02
1.400000000000000000e+01 1.000000000000000000e+00 4.522805701843511661e-02
1.400000000000000000e+01 2.000000000000000000e+00 6.883258133450342875e-02
1.400000000000000000e+01 3.000000000000000000e+00 4.643158733769540969e-02
1.400000000000000000e+01 4.000000000000000000e+00 7.422966813141426701e-02
1.500000000000000000e+01 0.000000000000000000e+00 3.873139894029156011e-02
1.500000000000000000e+01 1.000000000000000000e+00 1.228596557223060604e-01
1.500000000000000000e+01 2.000000000000000000e+00 7.767183608108951809e-02
1.500000000000000000e+01 3.000000000000000000e+00 5.931887915867624372e-02
1.500000000000000000e+01 4.000000000000000000e+00 6.910619880553472982e-02
1.600000000000000000e+01 0.000000000000000000e+00 9.351534062222582877e-02
1.600000000000000000e+01 1.000000000000000000e+00 2.313596097918996924e-02
1.600000000000000000e+01 2.000000000000000000e+00 9.449376666516386136e-02
1.600000000000000000e+01 3.000000000000000000e+00 5.850438482332278450e-02
1.600000000000000000e+01 4.000000000000000000e+00 4.947566413691992931e-02
1.700000000000000000e+01 0.000000000000000000e+00 8.209328915416184980e-02
1.700000000000000000e+01 1.000000000000000000e+00 7.529493261817601923e-02
1.700000000000000000e+01 2.000000000000000000e+00 6.597394289978389392e-02
1.700000000000000000e+01 3.000000000000000000e+00 4.273081581000153992e-03
1.700000000000000000e+01 4.000000000000000000e+00 7.919749464477177092e-02
1.800000000000000000e+01 0.000000000000000000e+00 6.972078364626169145e-02
1.800000000000000000e+01 1.000000000000000000e+00 4.676035637316548754e-02
1.800000000000000000e+01 2.000000000000000000e+00 7.630391416139378769e-02
1.800000000000000000e+01 3.000000000000000000e+00 9.985302326414932650e-02
1.800000000000000000e+01 4.000000000000000000e+00 2.668652314740219827e-02
1.900000000000000000e+01 0.000000000000000000e+00 4.661692123228427381e-02
1.900000000000000000e+01 1.000000000000000000e+00 8.863913154424138408e-02
1.900000000000000000e+01 2.000000000000000000e+00 7.720006490190958748e-02
1.900000000000000000e+01 3.000000000000000000e+00 4.664603329628011497e-02
1.900000000000000000e+01 4.000000000000000000e+00 9.037377538600237237e-02
2.000000000000000000e+01 0.000000000000000000e+00 5.518974631317979940e-02
2.000000000000000000e+01 1.000000000000000000e+00 8.375454969987733422e-02
2.000000000000000000e+01 2.000000000000000000e+00 6.302274412744945931e-02
2.000000000000000000e+01 3.000000000000000000e+00 8.184011898755946812e-02
2.000000000000000000e+01 4.000000000000000000e+00 2.838617303483879917e-02
2.100000000000000000e+01 0.000000000000000000e+00 1.382855838738287872e-02
2.100000000000000000e+01 1.000000000000000000e+00 4.096676698418344476e-02
2.100000000000000000e+01 2.000000000000000000e+00 8.855664794698943354e-02
2.100000000000000000e+01 3.000000000000000000e+00 9.181250639785455692e-02
2.100000000000000000e+01 4.000000000000000000e+00 1.101960415127857529e-01
2.200000000000000000e+01 0.000000000000000000e+00 8.076670077405019577e-02
2.200000000000000000e+01 1.000000000000000000e+00 1.156425254798330027e-01
2.200000000000000000e+01 2.000000000000000000e+00 3.464531099211831666e-02
2.200000000000000000e+01 3.000000000000000000e+00 7.783843888013504408e-02
2.200000000000000000e+01 4.000000000000000000e+00 7.209521308537758522e-02
2.300000000000000000e+01 0.000000000000000000e+00 1.393567493930720699e-02
2.300000000000000000e+01 1.000000000000000000e+00 3.347817540771116929e-02
2.300000000000000000e+01 2.000000000000000000e+00 7.464713664788728831e-02
2.300000000000000000e+01 3.000000000000000000e+00 9.855778024165284812e-02
2.300000000000000000e+01 4.000000000000000000e+00 7.200552393408853058e-02
2.400000000000000000e+01 0.000000000000000000e+00 1.251775566140642393e-01
2.400000000000000000e+01 1.000000000000000000e+00 3.014105291200911904e-03
2.400000000000000000e+01 2.000000000000000000e+00 7.484977740167360338e-02
2.400000000000000000e+01 3.000000000000000000e+00 8.572959697864807049e-02
2.400000000000000000e+01 4.000000000000000000e+00 1.033655091206291121e-02
2.500000000000000000e+01 0.000000000000000000e+00 2.521175911775098977e-02
2.500000000000000000e+01 1.000000000000000000e+00 1.187709552234131327e-01
2.500000000000000000e+01 2.000000000000000000e+00 4.619555595172161744e-02
2.500000000000000000e+01 3.000000000000000000e+00 4.875262037370524382e-02
2.500000000000000000e+01 4.000000000000000000e+00 1.033411282562920197e-01
2.600000000000000000e+01 0.000000000000000000e+00 1.074549180496381234e-01
2.600000000000000000e+01 1.000000000000000000e+00 9.728784054871426890e-02
2.600000000000000000e+01 2.000000000000000000e+00 1.950978695609846200e-02
2.600000000000000000e+01 3.000000000000000000e+00 3.670943257102216029e-02
2.600000000000000000e+01 4.000000000000000000e+00 1.129590450242396599e-01
2.700000000000000000e+01 0.000000000000000000e+00 8.651198114950638118e-02
2.700000000000000000e+01 1.000000000000000000e+00 4.104399752498024551e-02
2.700000000000000000e+01 2.000000000000000000e+00 4.794590038227685563e-02
2.700000000000000000e+01 3.000000000000000000e+00 8.575386820530558896e-02
2.700000000000000000e+01 4.000000000000000000e+00 5.869292369004265597e-02
2.800000000000000000e+01 0.000000000000000000e+00 6.490870553958454081e-02
2.800000000000000000e+01 1.000000000000000000e+00 1.658772499611879669e-02
2.800000000000000000e+01 2.000000000000000000e+00 6.273078240710147635e-02
2.800000000000000000e+01 3.000000000000000000e+00 6.169541564767892783e-02
2.800000000000000000e+01 4.000000000000000000e+00 8.641985825933218290e-02
2.900000000000000000e+01 0.000000000000000000e+00 5.476108408333890676e-02
2.900000000000000000e+01 1.000000000000000000e+00 5.001620146561765873e-02
2.900000000000000000e+01 2.000000000000000000e+00 1.061674306650296218e-01
2.900000000000000000e+01 3.000000000000000000e+00 4.123467772221704741e-02
2.900000000000000000e+01 4.000000000000000000e+00 4.180859209823863110e-02
3.000000000000000000e+01 0.000000000000000000e+00 6.409914967124595575e-02
3.000000000000000000e+01 1.000000000000000000e+00 1.095581081088499026e-01
3.000000000000000000e+01 2.000000000000000000e+00 3.188776422798064031e-02
3.000000000000000000e+01 3.000000000000000000e+00 4.726565680764079763e-02
3.000000000000000000e+01 4.000000000000000000e+00 6.566861975924652428e-02
3.100000000000000000e+01 0.000000000000000000e+00 7.815464797222268500e-02
3.100000000000000000e+01 1.000000000000000000e+00 1.548915425267702317e-02
3.100000000000000000e+01 2.000000000000000000e+00 1.102369948366363761e-01
3.100000000000000000e+01 3.000000000000000000e+00 8.592816626473930020e-02
3.100000000000000000e+01 4.000000000000000000e+00 5.270872376143869581e-02
3.200000000000000000e+01 0.000000000000000000e+00 7.832441598958489459e-02
3.200000000000000000e+01 1.000000000000000000e+00 4.255687835741335523e-02
3.200000000000000000e+01 2.000000000000000000e+00 1.322944972867203250e-01
3.200000000000000000e+01 3.000000000000000000e+00 6.231867384945229821e-02
3.200000000000000000e+01 4.000000000000000000e+00 5.036058454056330930e-02
3.300000000000000000e+01 0.000000000000000000e+00 6.910483263441481727e-02
3.300000000000000000e+01 1.000000000000000000e+00 1.030566005974388605e-01
3.300000000000000000e+01 2.000000000000000000e+00 6.444286164928583749e-02
3.300000000000000000e+01 3.000000000000000000e+00 4.817696798169181227e-02
3.300000000000000000e+01 4.000000000000000000e+00 5.133069133587873922e-02
3.400000000000000000e+01 0.000000000000000000e+00 3.010940368444438298e-02
3.400000000000000000e+01 1.000000000000000000e+00 6.023648917966090144e-02
3.400000000000000000e+01 2.000000000000000000e+00 6.689466421159831477e-02
3.400000000000000000e+01 3.000000000000000000e+00 8.558395955643040287e-02
3.400000000000000000e+01 4.000000000000000000e+00 6.420440261409893212e-02
3.500000000000000000e+01 0.000000000000000000e+00 5.095177970640204362e-02
3.500000000000000000e+01 1.000000000000000000e+00 3.058194374991710790e-02
3.500000000000000000e+01 2.000000000000000000e+00 8.151136758760314793e-02
3.500000000000000000e+01 3.000000000000000000e+00 1.115325402716978581e-01
3.500000000000000000e+01 4.000000000000000000e+00 9.198413517939540984e-02
3.600000000000000000e+01 0.000000000000000000e+00 6.542926244201043018e-02
3.600000000000000000e+01 1.000000000000000000e+00 6.705413706399596108e-02
3.600000000000000000e+01 2.000000000000000000e+00 9.027541331626774690e-02
3.600000000000000000e+01 3.000000000000000000e+00 5.109507381964847189e-02
3.600000000000000000e+01 4.000000000000000000e+00 5.593110474991627723e-02
3.700000000000000000e+01 0.000000000000000000e+00 9.011821733989230920e-02
3.700000000000000000e+01 1.000000000000000000e+00 4.548122250567340763e-02
3.700000000000000000e+01 2.000000000000000000e+00 4.290531348776852744e-02
3.700000000000000000e+01 3.000000000000000000e+00 9.337985192253431266e-02
3.700000000000000000e+01 4.000000000000000000e+00 7.645216562779477698e-02
3.800000000000000000e+01 0.000000000000000000e+00 5.436819346895878369e-02
3.800000000000000000e+01 1.000000000000000000e+00 7.235948980332987390e-02
3.800000000000000000e+01 2.000000000000000000e+00 4.385864835814739376e-02
3.800000000000000000e+01 3.000000000000000000e+00 7.052589898676805968e-02
3.800000000000000000e+01 4.000000000000000000e+00 6.921586833614463974e-02
3.900000000000000000e+01 0.000000000000000000e+00 6.075306682000396891e-02
3.900000000000000000e+01 1.000000000000000000e+00 9.256621175641774335e-02
3.900000000000000000e+01 2.000000000000000000e+00 2.820758689760788362e-02
3.900000000000000000e+01 3.000000000000000000e+00 5.886588971534534309e-02
3.900000000000000000e+01 4.000000000000000000e+00 5.269729523077547328e-02
4.000000000000000000e+01 0.000000000000000000e+00 5.189423731970099068e-02
4.000000000000000000e+01 1.000000000000000000e+00 6.183627988117975510e-02
4.000000000000000000e+01 2.000000000000000000e+00 1.033124404339825636e-01
4.000000000000000000e+01 3.000000000000000000e+00 9.779062109664245217e-02
4.000000000000000000e+01 4.000000000000000000e+00 7.882248578386479021e-03
4.100000000000000000e+01 0.000000000000000000e+00 6.582095531375690978e-02
4.100000000000000000e+01 1.000000000000000000e+00 7.011225923461542053e-02
4.100000000000000000e+01 2.000000000000000000e+00 5.940969959836387565e-02
4.100000000000000000e+01 3.000000000000000000e+00 2.484971989509483434e-02
4.100000000000000000e+01 4.000000000000000000e+00 8.967009675177831096e-02
4.200000000000000000e+01 0.000000000000000000e+00 8.415853142517058794e-02
4.200000000000000000e+01 1.000000000000000000e+00 5.642379058795934238e-02
4.200000000000000000e+01 2.000000000000000000e+00 3.274051255994909343e-02
4.200000000000000000e+01 3.000000000000000000e+00 1.124809590181965191e-01
4.200000000000000000e+01 4.000000000000000000e+00 8.310705122037394255e-02
4.300000000000000000e+01 0.000000000000000000e+00 3.487961121343027826e-02
4.300000000000000000e+01 1.000000000000000000e+00 1.158638678740205180e-01
4.300000000000000000e+01 2.000000000000000000e+00 5.438877694935837642e-02
4.300000000000000000e+01 3.000000000000000000e+00 3.690208618775198124e-02
4.300000000000000000e+01 4.000000000000000000e+00 7.049006531167982537e-02
4.400000000000000000e+01 0.000000000000000000e+00 5.216785107579088865e-02
4.400000000000000000e+01 1.000000000000000000e+00 8.490708555133777424e-02
4.400000000000000000e+01 2.000000000000000000e+00 6.775793196504929783e-02
4.400000000000000000e+01 3.000000000000000000e+00 8.071162176056551063e-02
4.400000000000000000e+01 4.000000000000000000e+00 8.825798579560362178e-02
4.500000000000000000e+01 0.000000000000000000e+00 1.199380842697475580e-02
4.500000000000000000e+01 1.000000000000000000e+00 5.565120054815149431e-02
4.500000000000000000e+01 2.000000000000000000e+00 5.744506236055876847e-02
4.500000000000000000e+01 3.000000000000000000e+00 7.589356961851080607e-02
4.500000000000000000e+01 4.000000000000000000e+00 1.040756289187702299e-01
4.600000000000000000e+01 0.000000000000000000e+00 7.212464051271819110e-02
4.600000000000000000e+01 1.000000000000000000e+00 6.287768619772268752e-02
4.600000000000000000e+01 2.000000000000000000e+00 3.620886674743328121e-02
4.600000000000000000e+01 3.000000000000000000e+00 4.120513016611176277e-02
4.600000000000000000e+01 4.000000000000000000e+00 8.240623173042400940e-02
4.700000000000000000e+01 0.000000000000000000e+00 9.942556724501376564e-02
4.700000000000000000e+01 1.000000000000000000e+00 6.131053330778842708e-02
4.700000000000000000e+01 2.000000000000000000e+00 3.247347188299799098e-02
4.700000000000000000e+01 3.000000000000000000e+00 3.410923023292406625e-02
4.700000000000000000e+01 4.000000000000000000e+00 6.804915416458007238e-02
4.800000000000000000e+01 0.000000000000000000e+00 3.212158200741955377e-02
4.800000000000000000e+01 1.000000000000000000e+00 8.788493754476547903e-02
4.800000000000000000e+01 2.000000000000000000e+00 9.756217682951266734e-02
4.800000000000000000e+01 3.000000000000000000e+00 5.450205661602230967e-02
4.800000000000000000e+01 4.000000000000000000e+00 6.018903842758135947e-02
4.900000000000000000e+01 0.000000000000000000e+00 2.986684001570851996e-02
4.900000000000000000e+01 1.000000000000000000e+00 5.828486324126460477e-02
4.900000000000000000e+01 2.000000000000000000e+00 8.995785547054219178e-02
4.900000000000000000e+01 3.000000000000000000e+00 7.946135662521290610e-02
4.900000000000000000e+01 4.000000000000000000e+00 3.842203979667055402e-02
5.000000000000000000e+01 0.000000000000000000e+00 6.182240275599960172e-02
5.000000000000000000e+01 1.000000000000000000e+00 4.970839384900313518e-02
5.000000000000000000e+01 2.000000000000000000e+00 1.010716941780015338e-01
5.000000000000000000e+01 3.000000000000000000e+00 5.841979502205920521e-02
5.000000000000000000e+01 4.000000000000000000e+00 4.645744310500760088e-02
5.100000000000000000e+01 0.000000000000000000e+00 4.067808586533846332e-02
5.100000000000000000e+01 1.000000000000000000e+00 1.023860056129440310e-01
5.100000000000000000e+01 2.000000000000000000e+00 6.371017013673796470e-02
5.100000000000000000e+01 3.000000000000000000e+00 7.148346377583451872e-02
5.100000000000000000e+01 4.000000000000000000e+00 7.705159730584350275e-02
5.200000000000000000e+01 0.000000000000000000e+00 7.111079943745747534e-02
5.200000000000000000e+01 1.000000000000000000e+00 6.323118735933071222e-02
5.200000000000000000e+01 2.000000000000000000e+00 3.715968526367568331e-02
5.200000000000000000e+01 3.000000000000000000e+00 7.902854438310898122e-02
5.200000000000000000e+01 4.000000000000000000e+00 6.519920793211561594e-02
5.300000000000000000e+01 0.000000000000000000e+00 9.676168352040140364e-02
5.300000000000000000e+01 1.000000000000000000e+00 9.105839505053101024e-02
5.300000000000000000e+01 2.000000000000000000e+00 4.890479801063005172e-02
5.300000000000000000e+01 3.000000000000000000e+00 2.369924542592926828e-02
5.300000000000000000e+01 4.000000000000000000e+00 5.045650192050585986e-02
5.400000000000000000e+01 0.000000000000000000e+00 5.154134349061486459e-02
5.400000000000000000e+01 1.000000000000000000e+00 1.089137347050504745e-01
5.400000000000000000e+01 2.000000000000000000e+00 5.540444536833791928e-02
5.400000000000000000e+01 3.000000000000000000e+00 6.092431983065012963e-02
5.400000000000000000e+01 4.000000000000000000e+00 4.104126573588918331e-02
5.500000000000000000e+01 0.000000000000000000e+00 5.709435466007074106e-02
5.500000000000000000e+01 1.000000000000000000e+00 5.972475879583818981e-02
5.500000000000000000e+01 2.000000000000000000e+00 1.308351675832985228e-01
5.500000000000000000e+01 3.000000000000000000e+00 8.058149273748105301e-02
5.500000000000000000e+01 4.000000000000000000e+00 6.873574883966354632e-02
5.600000000000000000e+01 0.000000000000000000e+00 5.835756718685551625e-02
5.600000000000000000e+01 1.000000000000000000e+00 3.831246442869287727e-02
5.600000000000000000e+01 2.000000000000000000e+00 1.343308409835087536e-01
5.600000000000000000e+01 3.000000000000000000e+00 6.342961234483188160e-02
5.600000000000000000e+01 4.000000000000000000e+00 6.723868951219844070e-02
5.700000000000000000e+01 0.000000000000000000e+00 4.501570135127369587e-02
5.700000000000000000e+01 1.000000000000000000e+00 7.878805297265713270e-02
5.700000000000000000e+01 2.000000000000000000e+00 4.444434742247219128e-03
5.700000000000000000e+01 3.000000000000000000e+00 9.591284783711112594e-02
5.700000000000000000e+01 4.000000000000000000e+00 9.282736670501200160e-02
5.800000000000000000e+01 0.000000000000000000e+00 1.446754856167372927e-01
5.800000000000000000e+01 1.000000000000000000e+00 2.491201870245273592e-02
5.800000000000000000e+01 2.000000000000000000e+00 4.633281315113414039e-02
5.800000000000000000e+01 3.000000000000000000e+00 4.747944075441755396e-02
5.800000000000000000e+01 4.000000000000000000e+00 7.586212329819051747e-02
5.900000000000000000e+01 0.000000000000000000e+00 6.681085086643656634e-02
5.900000000000000000e+01 1.000000000000000000e+00 5.955470053784860801e-02
5.900000000000000000e+01 2.000000000000000000e+00 4.838878622263415724e-02
5.900000000000000000e+01 3.000000000000000000e+00 3.924202445405716028e-02
5.900000000000000000e+01 4.000000000000000000e+00 8.981416664794415750e-02
6.000000000000000000e+01 0.000000000000000000e+00 4.147912386179831989e-02
6.000000000000000000e+01 1.000000000000000000e+00 1.288888404808933574e-01
6.000000000000000000e+01 2.000000000000000000e+00 6.777704048026092498e-02
6.000000000000000000e+01 3.000000000000000000e+00 7.870239447600553551e-02
6.000000000000000000e+01 4.000000000000000000e+00 6.522915593394029016e-03
6.100000000000000000e+01 0.000000000000000000e+00 3.793558090228200258e-02
6.100000000000000000e+01 1.000000000000000000e+00 6.853096505248368331e-02
6.100000000000000000e+01 2.000000000000000000e+00 1.138724067691218034e-01
6.100000000000000000e+01 3.000000000000000000e+00 9.215302028881537655e-02
6.100000000000000000e+01 4.000000000000000000e+00 6.308651059766963443e-02
6.200000000000000000e+01 0.000000000000000000e+00 7.342210767623263967e-02
6.200000000000000000e+01 1.000000000000000000e+00 2.456808409609494148e-02
6.200000000000000000e+01 2.000000000000000000e+00 7.547716108552296466e-02
6.200000000000000000e+01 3.000000000000000000e+00 1.081701808327724251e-01
6.200000000000000000e+01 4.000000000000000000e+00 2.424163261274304287e-02
6.300000000000000000e+01 0.000000000000000000e+00 6.593920049047469201e-02
6.300000000000000000e+01 1.000000000000000000e+00 7.125257264598987283e-02
6.300000000000000000e+01 2.000000000000000000e+00 5.165098339492938534e-02
6.300000000000000000e+01 3.000000000000000000e+00 5.640990494734821753e-02
6.300000000000000000e+01 4.000000000000000000e+00 5.761491610845116684e-02
6.400000000000000000e+01 0.000000000000000000e+00 1.137124884775320838e-01
6.400000000000000000e+01 1.000000000000000000e+00 6.931310452229932917e-02
6.400000000000000000e+01 2.000000000000000000e+00 2.629828401280798200e-02
6.400000000000000000e+01 3.000000000000000000e+00 5.139340518864111279e-02
6.400000000000000000e+01 4.000000000000000000e+00 1.024120895876129145e-01
6.500000000000000000e+01 0.000000000000000000e+00 6.777549772734314804e-02
6.500000000000000000e+01 1.000000000000000000e+00 6.189064486897366546e-02
6.500000000000000000e+01 2.000000000000000000e+00 7.967261714887563517e-02
6.500000000000000000e+01 3.000000000000000000e+00 4.490758293260799922e-02
6.500000000000000000e+01 4.000000000000000000e+00 4.039604657635482293e-02
6.600000000000000000e+01 0.000000000000000000e+00 2.414910324084130339e-02
6.600000000000000000e+01 1.000000000000000000e+00 5.373594319662363533e-02
6.600000000000000000e+01 2.000000000000000000e+00 8.685491082457044709e-02
6.600000000000000000e+01 3.000000000000000000e+00 6.908646257841236094e-02
6.600000000000000000e+01 4.000000000000000000e+00 6.429178464384527336e-02
6.700000000000000000e+01 0.000000000000000000e+00 5.420238043464115085e-02
6.700000000000000000e+01 1.000000000000000000e+00 7.989533106775957572e-02
6.700000000000000000e+01 2.000000000000000000e+00 3.046071750060581201e-02
6.700000000000000000e+01 3.000000000000000000e+00 9.726786184672613078e-02
6.700000000000000000e+01 4.000000000000000000e+00 4.408289573283248608e-02
6.800000000000000000e+01 0.000000000000000000e+00 4.509314218899009019e-02
6.800000000000000000e+01 1.000000000000000000e+00 7.759311479799402278e-02
6.800000000000000000e+01 2.000000000000000000e+00 4.499467700159396483e-02
6.800000000000000000e+01 3.000000000000000000e+00 1.153582057348039036e-01
6.800000000000000000e+01 4.000000000000000000e+00 4.592466354124469241e-02
6.900000000000000000e+01 0.000000000000000000e+00 7.155716860435298865e-02
6.900000000000000000e+01 1.000000000000000000e+00 4.536766292890896668e-02
6.900000000000000000e+01 2.000000000000000000e+00 5.259086642057299310e-02
6.900000000000000000e+01 3.000000000000000000e+00 1.007144979935989809e-01
6.900000000000000000e+01 4.000000000000000000e+00 1.021628845636627647e-01
7.000000000000000000e+01 0.000000000000000000e+00 4.941725103439057604e-02
7.000000000000000000e+01 1.000000000000000000e+00 4.615803621036178306e-02
7.000000000000000000e+01 2.000000000000000000e+00 9.559697468642039397e-02
7.000000000000000000e+01 3.000000000000000000e+00 9.050061214376256546e-02
7.000000000000000000e+01 4.000000000000000000e+00 3.656295555750287835e-02
7.100000000000000000e+01 0.000000000000000000e+00 4.920507177536699583e-02
7.100000000000000000e+01 1.000000000000000000e+00 8.003206149061460606e-02
7.100000000000000000e+01 2.000000000000000000e+00 4.489382479639835583e-02
7.100000000000000000e+01 3.000000000000000000e+00 7.556215138277949661e-02
7.100000000000000000e+01 4.000000000000000000e+00 6.232053906079823569e-02
7.200000000000000000e+01 0.000000000000000000e+00 7.721565967345170312e-02
7.200000000000000000e+01 1.000000000000000000e+00 6.265367795518454741e-02
7.200000000000000000e+01 2.000000000000000000e+00 6.083605451007665504e-02
7.200000000000000000e+01 3.000000000000000000e+00 5.450433207495981869e-02
7.200000000000000000e+01 4.000000000000000000e+00 7.269851321920429987e-02
7.300000000000000000e+01 0.000000000000000000e+00 1.132394465036934555e-01
7.300000000000000000e+01 1.000000000000000000e+00 1.006435797142253702e-01
7.300000000000000000e+01 2.000000000000000000e+00 1.884801340240848527e-02
7.300000000000000000e+01 3.000000000000000000e+00 4.584240405661735990e-02
7.300000000000000000e+01 4.000000000000000000e+00 5.949935297439316179e-02
7.400000000000000000e+01 0.000000000000000000e+00 9.253915862491390865e-02
7.400000000000000000e+01 1.000000000000000000e+00 7.533846081516300253e-02
7.400000000000000000e+01 2.000000000000000000e+00 5.993195606617205545e-02
7.400000000000000000e+01 3.000000000000000000e+00 6.921025570700110874e-02
7.400000000000000000e+01 4.000000000000000000e+00 6.205633208256779859e-02
7.500000000000000000e+01 0.000000000000000000e+00 5.668720780910531387e-02
7.500000000000000000e+01 1.000000000000000000e+00 6.076133381462739402e-02
7.500000000000000000e+01 2.000000000000000000e+00 5.294954296109488645e-02
7.500000000000000000e+01 3.000000000000000000e+00 6.257497342515254413e-02
7.500000000000000000e+01 4.000000000000000000e+00 1.047113400497321767e-01
7.600000000000000000e+01 0.000000000000000000e+00 1.011024749816896579e-01
7.600000000000000000e+01 1.000000000000000000e+00 1.092586703793084202e-01
7.600000000000000000e+01 2.000000000000000000e+00 2.024706305840555734e-02
7.600000000000000000e+01 3.000000000000000000e+00 5.481422680977238691e-03
7.600000000000000000e+01 4.000000000000000000e+00 6.794788376099343552e-02
7.700000000000000000e+01 0.000000000000000000e+00 7.324864398083345829e-02
7.700000000000000000e+01 1.000000000000000000e+00 6.692029037321708951e-02
7.700000000000000000e+01 2.000000000000000000e+00 7.269070894872307897e-02
7.700000000000000000e+01 3.000000000000000000e+00 5.113519545910687192e-02
7.700000000000000000e+01 4.000000000000000000e+00 7.618134511223244310e-02
7.800000000000000000e+01 0.000000000000000000e+00 4.806252325742252363e-02
7.800000000000000000e+01 1.000000000000000000e+00 5.306294099552642807e-02
7.800000000000000000e+01 2.000000000000000000e+00 4.610608665866623712e-02
7.800000000000000000e+01 3.000000000000000000e+00 7.541212222480853100e-02
7.800000000000000000e+01 4.000000000000000000e+00 7.611684469957119559e-02
7.900000000000000000e+01 0.000000000000000000e+00 6.538414984672691332e-02
7.900000000000000000e+01 1.000000000000000000e+00 2.816325717792890482e-02
7.900000000000000000e+01 2.000000000000000000e+00 3.669464820047477899e-02
7.900000000000000000e+01 3.000000000000000000e+00 8.858511972809163248e-02
7.900000000000000000e+01 4.000000000000000000e+00 1.053449536919969787e-01
8.000000000000000000e+01 0.000000000000000000e+00 5.306640074162598947e-02
8.000000000000000000e+01 1.000000000000000000e+00 3.733518440816870065e-02
8.000000000000000000e+01 2.000000000000000000e+00 1.046037365084630105e-01
8.000000000000000000e+01 3.000000000000000000e+00 5.279202450833733740e-02
8.000000000000000000e+01 4.000000000000000000e+00 6.278007597533280526e-02
8.100000000000000000e+01 0.000000000000000000e+00 8.320758509311435014e-02
8.100000000000000000e+01 1.000000000000000000e+00 5.819066695078294049e-02
8.100000000000000000e+01 2.000000000000000000e+00 4.874097536690926574e-02
8.100000000000000000e+01 3.000000000000000000e+00 3.604994423475344628e-02
8.100000000000000000e+01 4.000000000000000000e+00 6.991460211071200137e-02
8.200000000000000000e+01 0.000000000000000000e+00 6.788128264871637341e-02
8.200000000000000000e+01 1.000000000000000000e+00 5.303810982758244696e-02
8.200000000000000000e+01 2.000000000000000000e+00 6.178102932655875346e-02
8.200000000000000000e+01 3.000000000000000000e+00 6.251953499380953627e-02
8.200000000000000000e+01 4.000000000000000000e+00 6.204367289294333843e-02
8.300000000000000000e+01 0.000000000000000000e+00 2.902701491599010697e-02
8.300000000000000000e+01 1.000000000000000000e+00 6.813780084637807710e-02
8.300000000000000000e+01 2.000000000000000000e+00 2.673726505292747802e-02
8.300000000000000000e+01 3.000000000000000000e+00 7.347147126451224197e-02
8.300000000000000000e+01 4.000000000000000000e+00 1.189163690251851535e-01
8.400000000000000000e+01 0.000000000000000000e+00 5.987286154930233917e-02
8.400000000000000000e+01 1.000000000000000000e+00 4.340096643956692368e-02
8.400000000000000000e+01 2.000000000000000000e+00 7.689847074518228742e-02
8.400000000000000000e+01 3.000000000000000000e+00 9.162887021149757061e-02
8.400000000000000000e+01 4.000000000000000000e+00 4.701336993971192563e-02
8.500000000000000000e+01 0.000000000000000000e+00 1.046012346562527062e-01
8.500000000000000000e+01 1.000000000000000000e+00 5.871412364306358850e-02
8.500000000000000000e+01 2.000000000000000000e+00 3.595315415211925575e-02
8.500000000000000000e+01 3.000000000000000000e+00 7.454331956174539697e-02
8.500000000000000000e+01 4.000000000000000000e+00 5.814817969494803090e-02
8.600000000000000000e+01 0.000000000000000000e+00 2.833143122061185931e-02
8.600000000000000000e+01 1.000000000000000000e+00 9.850322480684199633e-02
8.600000000000000000e+01 2.000000000000000000e+00 4.237028784845592311e-02
8.600000000000000000e+01 3.000000000000000000e+00 1.021036378257229038e-01
8.600000000000000000e+01 4.000000000000000000e+00 8.826729327902013700e-02
8.700000000000000000e+01 0.000000000000000000e+00 3.115171950346913229e-02
8.700000000000000000e+01 1.000000000000000000e+00 1.514818115199206283e-01
8.700000000000000000e+01 2.000000000000000000e+00 9.610323194692162174e-02
8.700000000000000000e+01 3.000000000000000000e+00 4.148409958799327557e-02
8.700000000000000000e+01 4.000000000000000000e+00 2.883400368461521562e-02
8.800000000000000000e+01 0.000000000000000000e+00 5.507621335696519238e-02
8.800000000000000000e+01 1.000000000000000000e+00 6.987234055871353877e-02
8.800000000000000000e+01 2.000000000000000000e+00 4.503484028693518354e-02
8.800000000000000000e+01 3.000000000000000000e+00 8.476117507693321784e-02
8.800000000000000000e+01 4.000000000000000000e+00 6.760716439808613087e-02
8.900000000000000000e+01 0.000000000000000000e+00 7.572766126438869316e-02
8.900000000000000000e+01 1.000000000000000000e+00 3.017175587640368029e-02
8.900000000000000000e+01 2.000000000000000000e+00 5.909954223915454830e-02
8.900000000000000000e+01 3.000000000000000000e+00 7.931736354020069157e-02
8.900000000000000000e+01 4.000000000000000000e+00 8.454213287435827229e-02
9.000000000000000000e+01 0.000000000000000000e+00 7.187211325550345309e-02
9.000000000000000000e+01 1.000000000000000000e+00 5.965878993716301065e-02
9.000000000000000000e+01 2.000000000000000000e+00 7.254705584508941429e-02
9.000000000000000000e+01 3.000000000000000000e+00 7.560358369598896289e-02
9.000000000000000000e+01 4.000000000000000000e+00 2.575162513396764274e-02
9.100000000000000000e+01 0.000000000000000000e+00 1.075074869706897085e-01
9.100000000000000000e+01 1.000000000000000000e+00 3.960547718153875629e-02
9.100000000000000000e+01 2.000000000000000000e+00 5.802035976963342001e-02
9.100000000000000000e+01 3.000000000000000000e+00 2.986699834654760535e-02
9.100000000000000000e+01 4.000000000000000000e+00 5.914989762048090960e-02
9.200000000000000000e+01 0.000000000000000000e+00 3.922348866980325532e-02
9.200000000000000000e+01 1.000000000000000000e+00 7.235498149113410438e-02
9.200000000000000000e+01 2.000000000000000000e+00 4.656235163262539833e-02
9.200000000000000000e+01 3.000000000000000000e+00 6.934437836296201974e-02
9.200000000000000000e+01 4.000000000000000000e+00 1.301076365935884827e-01
9.300000000000000000e+01 0.000000000000000000e+00 4.724079845527171667e-02
9.300000000000000000e+01 1.000000000000000000e+00 1.286462451788810968e-01
9.300000000000000000e+01 2.000000000000000000e+00 1.076348727247115472e-01
9.300000000000000000e+01 3.000000000000000000e+00 5.010060237682884693e-02
9.300000000000000000e+01 4.000000000000000000e+00 2.175955562073283306e-02
9.400000000000000000e+01 0.000000000000000000e+00 8.254882849554008584e-02
9.400000000000000000e+01 1.000000000000000000e+00 5.517981981684910026e-02
9.400000000000000000e+01 2.000000000000000000e+00 9.130298052277693865e-02
9.400000000000000000e+01 3.000000000000000000e+00 2.120173708459401757e-02
9.400000000000000000e+01 4.000000000000000000e+00 4.714824971374175638e-02
9.500000000000000000e+01 0.000000000000000000e+00 5.181002636025322516e-02
9.500000000000000000e+01 1.000000000000000000e+00 3.181325304743556209e-02
9.500000000000000000e+01 2.000000000000000000e+00 8.678683770912867801e-02
9.500000000000000000e+01 3.000000000000000000e+00 8.270668966183439275e-02
9.500000000000000000e+01 4.000000000000000000e+00 5.365134474189371672e-02
9.600000000000000000e+01 0.000000000000000000e+00 1.049452043091534947e-01
9.600000000000000000e+01 1.000000000000000000e+00 4.187124790336542446e-02
9.600000000000000000e+01 2.000000000000000000e+00 2.661059705948435813e-02
9.600000000000000000e+01 3.000000000000000000e+00 7.667500387710657339e-02
9.600000000000000000e+01 4.000000000000000000e+00 5.690055873490895005e-02
9.700000000000000000e+01 0.000000000000000000e+00 6.641441844731042765e-02
9.700000000000000000e+01 1.000000000000000000e+00 6.742222489144117370e-02
9.700000000000000000e+01 2.000000000000000000e+00 9.676192644674076748e-02
9.700000000000000000e+01 3.000000000000000000e+00 5.625391351664443124e-02
9.700000000000000000e+01 4.000000000000000000e+00 2.374105048864928041e-02
9.800000000000000000e+01 0.000000000000000000e+00 9.577690578465611337e-02
9.800000000000000000e+01 1.000000000000000000e+00 1.081041143748075195e-01
9.800000000000000000e+01 2.000000000000000000e+00 7.011712523489806170e-02
9.800000000000000000e+01 3.000000000000000000e+00 6.983599117451859406e-02
9.800000000000000000e+01 4.000000000000000000e+00 5.267060913077294820e-02
9.900000000000000000e+01 0.000000000000000000e+00 5.271924021747577405e-02
9.900000000000000000e+01 1.000000000000000000e+00 4.983612723386694060e-02
9.900000000000000000e+01 2.000000000000000000e+00 4.961971753324876527e-02
9.900000000000000000e+01 3.000000000000000000e+00 1.085342049350661864e-01
9.900000000000000000e+01 4.000000000000000000e+00 3.340273378448943564e-02
