0.0 0.0 0.200661250395539448
0.0 1.0 0.228622148286086291
0.0 2.0 0.176682731243125668
0.0 3.0 0.196809039928398932
0.0 4.0 0.236329229316430384
1.0 0.0 0.213931340461003150
1.0 1.0 0.166194783003578206
1.0 2.0 0.255145469021593241
1.0 3.0 0.178023210669436743
1.0 4.0 0.215695716185684283
2.0 0.0 0.198686281251355817
2.0 1.0 0.214854527015105656
2.0 2.0 0.201985786171695159
2.0 3.0 0.163885285836025851
2.0 4.0 0.257234583082797841
3.0 0.0 0.234929260385800143
3.0 1.0 0.213209871717319255
3.0 2.0 0.198912919090048601
3.0 3.0 0.202074229806181560
3.0 4.0 0.190740329184983959
4.0 0.0 0.210318662838361758
4.0 1.0 0.220748513426232973
4.0 2.0 0.228538449430890772
4.0 3.0 0.203875212308118003
4.0 4.0 0.168215501764027414
5.0 0.0 0.206925220977111801
5.0 1.0 0.194003539609149456
5.0 2.0 0.192702307224894231
5.0 3.0 0.219859169780340064
5.0 4.0 0.216354994256651334
6.0 0.0 0.216128854257793213
6.0 1.0 0.244295807578953278
6.0 2.0 0.205240880999207898
6.0 3.0 0.174840093765817189
6.0 4.0 0.186555163876347796
7.0 0.0 0.216394454431149158
7.0 1.0 0.220703492119520728
7.0 2.0 0.193848036733258289
7.0 3.0 0.203414577940800312
7.0 4.0 0.197132302896563194
8.0 0.0 0.211664287976019716
8.0 1.0 0.255246112177411333
8.0 2.0 0.184269358192856669
8.0 3.0 0.201021036886802063
8.0 4.0 0.179206122660649836
9.0 0.0 0.220934590891555177
9.0 1.0 0.182720342933700430
9.0 2.0 0.229157419737805124
9.0 3.0 0.183505746003540415
9.0 4.0 0.214013605462583467
10.0 0.0 0.171075822581843118
10.0 1.0 0.189461242372129468
10.0 2.0 0.252923380847609292
10.0 3.0 0.195944594538980360
10.0 4.0 0.217055819497061597
11.0 0.0 0.219199106908898433
11.0 1.0 0.237317362363355405
11.0 2.0 0.203470785250637221
11.0 3.0 0.222888660806163486
11.0 4.0 0.151016981789170973
12.0 0.0 0.161312277984602903
12.0 1.0 0.204374913937705793
12.0 2.0 0.274704276319520990
12.0 3.0 0.247933152868808460
12.0 4.0 0.140773901684596997
13.0 0.0 0.216370426029688256
13.0 1.0 0.211351846751575562
13.0 2.0 0.170890142631384939
13.0 3.0 0.226144610709831551
13.0 4.0 0.214076175410106984
14.0 0.0 0.193487397838172648
14.0 1.0 0.239361663147695747
14.0 2.0 0.166200598492167090
14.0 3.0 0.180830289193826599
14.0 4.0 0.255916540745040222
15.0 0.0 0.258863563540437880
15.0 1.0 0.163530546666207921
15.0 2.0 0.188063692689849599
15.0 3.0 0.245525253620793360
15.0 4.0 0.177801640573029190
16.0 0.0 0.208922972861917605
16.0 1.0 0.234529262389075954
16.0 2.0 0.190787416195029091
16.0 3.0 0.162011361351565464
16.0 4.0 0.255126173450621718
17.0 0.0 0.176060610838450010
17.0 1.0 0.194613090230494362
17.0 2.0 0.204815873801991205
17.0 3.0 0.218206597919416934
17.0 4.0 0.245705620405290481
18.0 0.0 0.207490451886823996
18.0 1.0 0.200498003934570929
18.0 2.0 0.157842641871541345
18.0 3.0 0.221634510899456905
18.0 4.0 0.248765002552376296
19.0 0.0 0.247172532787019283
19.0 1.0 0.176562842749337201
19.0 2.0 0.194441281210476047
19.0 3.0 0.196013297369980161
19.0 4.0 0.222245829221011520
20.0 0.0 0.194791752771225790
20.0 1.0 0.192486075626288666
20.0 2.0 0.234889816732078621
20.0 3.0 0.188024758118577884
20.0 4.0 0.221560689351978396
21.0 0.0 0.220544696260541684
21.0 1.0 0.190583068980163417
21.0 2.0 0.246424365270606655
21.0 3.0 0.205957883893087723
21.0 4.0 0.166883993244691609
22.0 0.0 0.183754456267669286
22.0 1.0 0.241649722744251505
22.0 2.0 0.168285350153134561
22.0 3.0 0.239449774333251736
22.0 4.0 0.191299968194249104
23.0 0.0 0.251274986018659496
23.0 1.0 0.180237218434064983
23.0 2.0 0.215933439490482604
23.0 3.0 0.187022035056566949
23.0 4.0 0.203430925928399148
24.0 0.0 0.194554827348292603
24.0 1.0 0.177970612092155867
24.0 2.0 0.229306202025957084
24.0 3.0 0.188767022966936204
24.0 4.0 0.234960900940091394
25.0 0.0 0.167899985824932846
25.0 1.0 0.252050895382601725
25.0 2.0 0.213768530594918682
25.0 3.0 0.201049670071486192
25.0 4.0 0.201846665888187810
26.0 0.0 0.161394420566017549
26.0 1.0 0.174111605608716385
26.0 2.0 0.271854578354772614
26.0 3.0 0.244880812979285267
26.0 4.0 0.180685293826503002
27.0 0.0 0.231097256236334980
27.0 1.0 0.186478823475752953
27.0 2.0 0.200820236034303573
27.0 3.0 0.230071614325769835
27.0 4.0 0.184709903687298171
28.0 0.0 0.230710760698063233
28.0 1.0 0.224469782109016303
28.0 2.0 0.207727557071655189
28.0 3.0 0.196182276237645781
28.0 4.0 0.173978821314458354
29.0 0.0 0.224355139467950548
29.0 1.0 0.240985534309158533
29.0 2.0 0.194882348552742224
29.0 3.0 0.180438040450939252
29.0 4.0 0.193253418832046719
30.0 0.0 0.239457531176376998
30.0 1.0 0.230935492975667511
30.0 2.0 0.227571461835267108
30.0 3.0 0.183991527548017259
30.0 4.0 0.156780637532243777
31.0 0.0 0.155224212270918122
31.0 1.0 0.205863597805294424
31.0 2.0 0.174962872146752851
31.0 3.0 0.272385648072398678
31.0 4.0 0.224502801042167521
32.0 0.0 0.154565733671377437
32.0 1.0 0.236320369748515946
32.0 2.0 0.192697258413845218
32.0 3.0 0.219481786021811759
32.0 4.0 0.246256761143240521
33.0 0.0 0.178155285308984612
33.0 1.0 0.201144131783371372
33.0 2.0 0.245236993712189016
33.0 3.0 0.199084044084170020
33.0 4.0 0.205548616832686548
34.0 0.0 0.275855515787900074
34.0 1.0 0.190820024827716622
34.0 2.0 0.203600128181095241
34.0 3.0 0.193062501153184352
34.0 4.0 0.170978322929886906
35.0 0.0 0.191827523065085520
35.0 1.0 0.217656215267961861
35.0 2.0 0.230698308756721648
35.0 3.0 0.202313501400398887
35.0 4.0 0.184378015145040985
36.0 0.0 0.231070385280080948
36.0 1.0 0.208711947289119681
36.0 2.0 0.185738691618022700
36.0 3.0 0.196382552768001345
36.0 4.0 0.207492039803215261
37.0 0.0 0.174376238172259113
37.0 1.0 0.179460361919433542
37.0 2.0 0.237923991557673686
37.0 3.0 0.245680849064446399
37.0 4.0 0.202730336534885647
38.0 0.0 0.231037322678272067
38.0 1.0 0.150446199740263936
38.0 2.0 0.184078665729645263
38.0 3.0 0.220729084617166588
38.0 4.0 0.234146014183144402
39.0 0.0 0.237593572606469738
39.0 1.0 0.160152937527193812
39.0 2.0 0.169159043251165597
39.0 3.0 0.236426131747817347
39.0 4.0 0.227502696420203709
40.0 0.0 0.263564966752188767
40.0 1.0 0.189431518467144594
40.0 2.0 0.202056972028259479
40.0 3.0 0.178293972500215642
40.0 4.0 0.209081878032131629
41.0 0.0 0.218760471518831212
41.0 1.0 0.238493540631396383
41.0 2.0 0.186475860461547432
41.0 3.0 0.182407365322137860
41.0 4.0 0.203075959788849014
42.0 0.0 0.177066851207072079
42.0 1.0 0.169782959625940033
42.0 2.0 0.260223411852409436
42.0 3.0 0.228016395073908140
42.0 4.0 0.200179195728712123
43.0 0.0 0.224339870840985611
43.0 1.0 0.153283418488422085
43.0 2.0 0.212717041761919773
43.0 3.0 0.216568811704914488
43.0 4.0 0.220681911568916478
44.0 0.0 0.202113969069732835
44.0 1.0 0.130779842786883815
44.0 2.0 0.263320962646426071
44.0 3.0 0.214136015395578028
44.0 4.0 0.214682552663906401
45.0 0.0 0.189104480160765726
45.0 1.0 0.229146167917669619
45.0 2.0 0.231949373846894125
45.0 3.0 0.154850605605286740
45.0 4.0 0.235474359604174649
46.0 0.0 0.222696151292360395
46.0 1.0 0.225299110984194056
46.0 2.0 0.211560242041857804
46.0 3.0 0.163296122310669450
46.0 4.0 0.213226775031213234
47.0 0.0 0.199964434705799610
47.0 1.0 0.163626068330888857
47.0 2.0 0.221071276309398879
47.0 3.0 0.244034701022625644
47.0 4.0 0.205492120935709677
48.0 0.0 0.254462583846666868
48.0 1.0 0.208679653166757628
48.0 2.0 0.227466353751378164
48.0 3.0 0.163579522766309965
48.0 4.0 0.183591313266707190
49.0 0.0 0.210618076278274974
49.0 1.0 0.212866877223015422
49.0 2.0 0.218236799617752636
49.0 3.0 0.225340418946302662
49.0 4.0 0.179150231180841918
50.0 0.0 0.206586866648658884
50.0 1.0 0.164124184483027069
50.0 2.0 0.235708736335400626
50.0 3.0 0.238581487549101190
50.0 4.0 0.182311240474794023
51.0 0.0 0.152636990726785243
51.0 1.0 0.201662894006584686
51.0 2.0 0.238862344556750483
51.0 3.0 0.240596911554764925
51.0 4.0 0.205538498557642557
52.0 0.0 0.207876234265737647
52.0 1.0 0.246118246286266745
52.0 2.0 0.161012781567592300
52.0 3.0 0.218857332662299287
52.0 4.0 0.199197366072604715
53.0 0.0 0.244439164917998386
53.0 1.0 0.175897209447717306
53.0 2.0 0.246966938033242933
53.0 3.0 0.175934923927977604
53.0 4.0 0.197035179157411339
54.0 0.0 0.192528635148347282
54.0 1.0 0.189999773805121036
54.0 2.0 0.228103416104137591
54.0 3.0 0.199181264067404551
54.0 4.0 0.230308200070924562
55.0 0.0 0.197952699119607778
55.0 1.0 0.130932841577973191
55.0 2.0 0.259392839898319016
55.0 3.0 0.166324823626158524
55.0 4.0 0.270509533160178506
56.0 0.0 0.197385653241991199
56.0 1.0 0.224357836201421107
56.0 2.0 0.208630092471113360
56.0 3.0 0.236787622415125965
56.0 4.0 0.176033060581808315
57.0 0.0 0.174489785315526891
57.0 1.0 0.204092666901361547
57.0 2.0 0.225371086846252122
57.0 3.0 0.229901550072864946
57.0 4.0 0.194755659902503042
58.0 0.0 0.194816628201139014
58.0 1.0 0.188338054710893876
58.0 2.0 0.245855997474577148
58.0 3.0 0.190157291815029716
58.0 4.0 0.223533234435399353
59.0 0.0 0.210003844558037722
59.0 1.0 0.261310211166282225
59.0 2.0 0.188557894325391801
59.0 3.0 0.219250039199251068
59.0 4.0 0.156969402759817467
60.0 0.0 0.197568621060410898
60.0 1.0 0.168123782382473941
60.0 2.0 0.219301739783218930
60.0 3.0 0.192925645307704174
60.0 4.0 0.255349557515760439
61.0 0.0 0.188320720131021524
61.0 1.0 0.250481550247077245
61.0 2.0 0.205847370188511375
61.0 3.0 0.215317185623367491
61.0 4.0 0.170992477226247219
62.0 0.0 0.200086040070387827
62.0 1.0 0.202882112559760630
62.0 2.0 0.195859208886041858
62.0 3.0 0.219400496150066737
62.0 4.0 0.222876816083230900
63.0 0.0 0.204444916053904469
63.0 1.0 0.231164916844500107
63.0 2.0 0.254161276318409679
63.0 3.0 0.181504694213067225
63.0 4.0 0.170171074614565210
64.0 0.0 0.216944030956228939
64.0 1.0 0.225501031579757871
64.0 2.0 0.142885464435425769
64.0 3.0 0.252792735626363951
64.0 4.0 0.196499739282598285
65.0 0.0 0.234697931894957079
65.0 1.0 0.207914648636471577
65.0 2.0 0.200305338072110262
65.0 3.0 0.173987286981566625
65.0 4.0 0.225874074151996312
66.0 0.0 0.202105810820479237
66.0 1.0 0.206161532911446344
66.0 2.0 0.226907591564180278
66.0 3.0 0.173893314091240536
66.0 4.0 0.224409548711766382
67.0 0.0 0.149036484217140081
67.0 1.0 0.193965151269380714
67.0 2.0 0.244752964455547894
67.0 3.0 0.229854302609460326
67.0 4.0 0.210803901464353044
68.0 0.0 0.192229908373688363
68.0 1.0 0.243965403960501481
68.0 2.0 0.183765943775015483
68.0 3.0 0.226462681832834994
68.0 4.0 0.184030018942224538
69.0 0.0 0.269145890798358212
69.0 1.0 0.177299720984398390
69.0 2.0 0.173436023058474054
69.0 3.0 0.206465761454989877
69.0 4.0 0.208439758485349236
70.0 0.0 0.213317526583210237
70.0 1.0 0.150083431914343146
70.0 2.0 0.192411934971886744
70.0 3.0 0.228726102125080266
70.0 4.0 0.249304479707709414
71.0 0.0 0.270182742253324837
71.0 1.0 0.173121813870464381
71.0 2.0 0.184265157835725030
71.0 3.0 0.237905404288197980
71.0 4.0 0.165000413513218036
72.0 0.0 0.225583350953587558
72.0 1.0 0.225617990548112518
72.0 2.0 0.193487193919427702
72.0 3.0 0.217438811321883863
72.0 4.0 0.175220603501977823
73.0 0.0 0.222159561148026041
73.0 1.0 0.181091237902134772
73.0 2.0 0.218010207262225864
73.0 3.0 0.174677311718417078
73.0 4.0 0.236720057745161888
74.0 0.0 0.187696857559101898
74.0 1.0 0.213283947324033718
74.0 2.0 0.196383575586461107
74.0 3.0 0.219060113582516092
74.0 4.0 0.223114291863793751
75.0 0.0 0.208991665412394445
75.0 1.0 0.231872098064912657
75.0 2.0 0.221937667329514532
75.0 3.0 0.190583753477618661
75.0 4.0 0.209518620532066324
76.0 0.0 0.191542920837931896
76.0 1.0 0.187373202243120485
76.0 2.0 0.199695548698464287
76.0 3.0 0.191454599313585772
76.0 4.0 0.258053541036060319
77.0 0.0 0.193347542920782350
77.0 1.0 0.250016311729954477
77.0 2.0 0.219109476553931148
77.0 3.0 0.158292902040564176
77.0 4.0 0.208433103389691121
78.0 0.0 0.232926609112201255
78.0 1.0 0.173743169138966813
78.0 2.0 0.231880180002892206
78.0 3.0 0.225975450850192883
78.0 4.0 0.168464399202006093
79.0 0.0 0.206297413319245559
79.0 1.0 0.189231007473402824
79.0 2.0 0.209148928204837325
79.0 3.0 0.207520657698317040
79.0 4.0 0.215451701436947085
80.0 0.0 0.200816432393510769
80.0 1.0 0.209826150999614797
80.0 2.0 0.190918093837753711
80.0 3.0 0.154729246142898291
80.0 4.0 0.288121254525427029
81.0 0.0 0.198390550878641575
81.0 1.0 0.202876246741260591
81.0 2.0 0.229205372736819013
81.0 3.0 0.201761768563457983
81.0 4.0 0.195693056940842935
82.0 0.0 0.184555218933188409
82.0 1.0 0.211413863959750370
82.0 2.0 0.220255723055133024
82.0 3.0 0.195123056028312702
82.0 4.0 0.225290295433481003
83.0 0.0 0.189484986504393355
83.0 1.0 0.210505223686842213
83.0 2.0 0.281423053338209939
83.0 3.0 0.203691433861196619
83.0 4.0 0.143236394416038387
84.0 0.0 0.206354207686124447
84.0 1.0 0.233885920497489991
84.0 2.0 0.210118931855395513
84.0 3.0 0.156901594950004331
84.0 4.0 0.220356002522288152
85.0 0.0 0.229732920194035545
85.0 1.0 0.225628992283210206
85.0 2.0 0.174534163495938865
85.0 3.0 0.174134733063422975
85.0 4.0 0.242236225869582850
86.0 0.0 0.250388346621160052
86.0 1.0 0.271100240661709291
86.0 2.0 0.191980682430343191
86.0 3.0 0.142001096467775201
86.0 4.0 0.192878748916954390
87.0 0.0 0.180525945991080100
87.0 1.0 0.189795349333710728
87.0 2.0 0.170118653741824971
87.0 3.0 0.268374269512314190
87.0 4.0 0.226304607037351307
88.0 0.0 0.244441009549341559
88.0 1.0 0.171622228951156086
88.0 2.0 0.241335981417930251
88.0 3.0 0.157216788759313997
88.0 4.0 0.206801568200607716
89.0 0.0 0.213054601317524517
89.0 1.0 0.153216583016370228
89.0 2.0 0.277667266435719207
89.0 3.0 0.217950826038662948
89.0 4.0 0.175086220114459234
90.0 0.0 0.198337808567045026
90.0 1.0 0.143012729075917999
90.0 2.0 0.212174878068923711
90.0 3.0 0.243296603730648681
90.0 4.0 0.226565028706804561
91.0 0.0 0.210200018739508221
91.0 1.0 0.151727523945954346
91.0 2.0 0.235723765592489171
91.0 3.0 0.203799814285661296
91.0 4.0 0.223886844344817926
92.0 0.0 0.220617702528538240
92.0 1.0 0.163485816717529320
92.0 2.0 0.251353616944895775
92.0 3.0 0.189798900277823701
92.0 4.0 0.200099864585918580
93.0 0.0 0.189969897277029898
93.0 1.0 0.211363122748384924
93.0 2.0 0.205726399869016557
93.0 3.0 0.200224628758815942
93.0 4.0 0.223824941488982077
94.0 0.0 0.252818749007044929
94.0 1.0 0.156118831292954452
94.0 2.0 0.216954512515161124
94.0 3.0 0.211680290963184026
94.0 4.0 0.191971612522360030
95.0 0.0 0.245054305618829960
95.0 1.0 0.140328509644823574
95.0 2.0 0.192980398052941565
95.0 3.0 0.236469964362174934
95.0 4.0 0.209984119794523194
96.0 0.0 0.194479077130476158
96.0 1.0 0.252159145658879202
96.0 2.0 0.198166826887972020
96.0 3.0 0.178015774709323837
96.0 4.0 0.208042893669271090
97.0 0.0 0.239728606236487396
97.0 1.0 0.175615051842267861
97.0 2.0 0.193344853901147251
97.0 3.0 0.194759036013312736
97.0 4.0 0.232528171821212076
98.0 0.0 0.240508046658676422
98.0 1.0 0.163353837300039356
98.0 2.0 0.195502724471053324
98.0 3.0 0.211327578033370489
98.0 4.0 0.217296915921941114
99.0 0.0 0.184206696782668239
99.0 1.0 0.188774688378085642
99.0 2.0 0.174344892192385748
99.0 3.0 0.236433243479679811
99.0 4.0 0.247319200342350054
