-4.919349129022629330e-01 5.906109726984011266e-01
7.443117813448167919e-01 -4.280869342040870551e-01
4.415205551589233227e-05 3.351323753133385834e-05
1.374405631833993591e-05 1.912501642792562007e-05
-1.026865842144138782e-04 -1.136443308846068079e-04
-9.270071719373308583e-06 -6.463727221040051114e-06
1.121962886911047889e-04 7.392675719173651323e-05
-3.260475643469492625e-05 -4.064255736273969652e-05
-5.512824122984968554e-05 -5.584207157448764090e-05
2.190941809856512772e-05 4.277814153388126347e-05
1.325335431682172689e-05 1.987614481889787854e-05
-2.187734494469270596e-01 8.560005556399447046e-02
-1.080612909494120810e-01 1.797591632147070920e-02
2.809080598232472359e-01 -2.676909267995364883e-01
5.707044356280669746e-05 3.789417188933445822e-05
-2.476505310106262738e-05 -7.790195314123326935e-05
-1.062710658056827781e-05 6.136256472358058281e-06
3.398040284884712992e-01 -2.608046493042394665e-01
-2.607893268012100862e-01 2.987291272006573628e-01
5.359752270296028984e-05 6.817918652882134546e-05
8.499639520029773660e-05 4.221256308470377089e-05
-7.467350426335234192e-05 -5.483369596287531052e-05
-2.434304924141028658e-06 -1.846207089244150798e-05
-3.498615616330871814e-01 5.760560313176821268e-01
1.830207994356076233e-05 -1.384699999240274439e-05
4.402727236112858157e-05 1.672640018797081707e-05
-3.937843486242708635e-01 1.845663858924668776e-01
-5.582853853847998294e-06 -3.267537047061687248e-05
-2.360170226361199143e-05 -2.864468426829071658e-05
8.357438261605958649e-05 8.696585001019748742e-05
4.183298611853579556e-05 6.808181975213908172e-05
3.306320933196017764e-05 1.200491831724890094e-05
4.016537871329831089e-01 -5.449587392909861494e-01
4.844593829505819486e-05 8.500965304215094633e-06
-7.750530910321591360e-01 5.217308322052366387e-01
-5.330197345460037210e-05 3.864394994164648018e-06
1.177641512287361541e-05 1.394187152926532866e-05
2.344363827859315561e-05 8.729845312000788466e-06
8.132087621543543365e-01 -4.688337004480875869e-01
-3.834628137548150333e-05 -3.130896938550508046e-05
3.224350382669271690e-05 3.030716861495883450e-05
3.026883847474594571e-05 2.698949583983006978e-05
-9.457671035912357141e-05 -7.582092440515762072e-05
4.311969924749023964e-01 -3.923635314738484481e-01
3.757565237998468789e-05 4.897061915876324811e-05
2.453881777023133093e-05 -1.377517568677628193e-05
2.474839153350572840e-05 1.372712893063264208e-05
-6.370476661361151871e-01 4.682398311074313368e-01
6.378897124590643375e-05 4.682129966476690253e-05
-8.954143585946076916e-06 -3.015752254148297990e-05
-5.799995685126935202e-05 -1.870506499101471764e-05
5.602322180627891245e-05 2.905149861789639885e-05
4.411006302474388963e-01 -5.210549247364795189e-01
-4.883517309578873583e-05 -1.323619663737086235e-05
7.234612870443677172e-05 6.604536165642734870e-05
-1.583049922243741081e-01 2.018428193680493477e-01
-2.777079011401636377e-01 1.384465390785080130e-01
-3.008829782924895002e-01 3.449968827519910852e-01
3.438789300916019788e-05 1.683171914557668843e-05
7.929923014464285158e-01 -7.204002803233350294e-01
5.621799722583709796e-05 2.032260090221668387e-05
1.156740976287543146e-05 9.933865472888471479e-06
-3.485467557483279253e-05 -2.138910026148576059e-05
1.083063517530098164e-05 3.343754978258683881e-06
-8.441592808406437698e-06 4.915815982809861930e-06
-3.669210147848797339e-05 -2.178961973560241305e-05
-3.791130169894925683e-01 7.132730850446740156e-01
6.062627178099746494e-01 -3.319102905486475130e-01
-3.648271209898682477e-01 5.565581946347248482e-02
6.810669533178095314e-01 -6.207619068358650738e-01
4.660873868033790383e-05 5.270741408340300549e-05
5.415691375381570802e-06 2.216039122730136001e-05
3.125179712695676384e-05 5.221363144860564621e-05
2.976942572855975505e-05 1.327821126796555031e-05
-7.232221322374533096e-05 -1.253377044963021659e-04
-4.271425945662122858e-01 5.976116786220456722e-01
-3.086103220987506811e-05 -4.561738015436898311e-05
3.481270127117835900e-01 -1.194131479665264672e-01
3.044439300947569688e-05 -2.950884452720271734e-07
-2.384834698803572933e-05 -3.120819615768246036e-05
5.438820522693864183e-05 5.856346382299392324e-05
2.764465125378580166e-05 5.961534969918323007e-05
4.130366420443690179e-01 -4.760891705325844825e-01
-6.244296129646278342e-05 -8.281999030622368369e-05
8.549325104697952653e-06 2.208626252765468690e-05
1.965064996299459893e-05 4.825730219200905893e-06
-3.842370658361288265e-05 -5.694358732959811013e-05
-4.392715079679709694e-06 -1.812080416998311005e-06
9.138769267665184366e-06 -2.002235999783631161e-06
4.589971274233401323e-05 7.559257157051347078e-05
9.444551896539443261e-06 -3.112041109013735445e-05
-3.111586964736073207e-05 -1.377664935829782192e-05
4.223129884678999572e-05 3.813580527620934852e-05
4.992968309720073328e-01 -5.324170660074687422e-01
-4.693141230242310891e-01 6.053253329658888626e-01
1.921447603779694036e-01 -2.971208000608607236e-01
-5.624872318906928292e-01 4.046596440972351494e-01
2.803962209341331609e-05 3.570389431702898809e-05
3.682123574696291035e-01 -1.325036256947041136e-01
3.631335688051670063e-01 -3.172050785752565383e-01
1.561775438734623045e-01 1.216128172380279565e-01
1.532873646331651041e-04 1.328045746133927675e-04
-3.405646458293818402e-01 2.832224989827957784e-01
-1.136189621451993368e-04 -9.747473441699603097e-05
1.607677311325737268e-01 -4.564717315233911554e-01
1.862854229493917058e-05 3.458056314878856511e-05
3.064531425042576633e-05 7.882018711374353379e-05
6.661015124305783575e-01 -1.015116579110976414e+00
-3.285482348455748251e-06 -2.152985350496160199e-05
8.157738081414061274e-06 3.396260670312265477e-05
8.848739060888821637e-06 4.934776974209858629e-05
8.224963650141874213e-05 9.162810762265859881e-05
6.668803501096578490e-01 -8.585813378709885590e-01
4.191445445499772382e-01 -3.295964085786233788e-01
-7.065402066108887880e-01 2.972738708439524036e-01
-3.907665023533401789e-05 -6.704531531093248058e-05
-1.025196056485431568e-05 2.820329435579959634e-05
6.222492164297154156e-05 4.721323200741501933e-05
1.056546469467625204e-01 -3.100728639910977913e-01
5.311860695799285357e-05 6.654021221981784660e-05
-8.508794641711067697e-02 2.770396286786040441e-01
-4.265386525723952604e-01 4.110257985104310841e-01
9.694182734434232673e-02 -1.764248759676646794e-01
-5.664322498220134049e-04 -2.116542762885277873e-01
8.335774330960652823e-05 1.758009308930613153e-05
-2.875104423441270374e-01 3.242337836634174297e-01
-5.392430245712211297e-05 -5.242958813360314792e-05
-2.652733340111933978e-05 -1.868895278820958091e-05
3.600484266084006161e-05 3.312643629709775524e-05
1.000033126199006267e-04 3.345366263337538199e-05
-4.187220453759602501e-01 4.427305610635818844e-01
-2.751340054480256314e-01 1.860808248065631554e-01
1.495028714332743190e-05 -7.674865227254526789e-08
6.102870463691100200e-01 -6.003227361918603844e-01
1.925170744828027110e-05 1.783102373363616965e-05
-3.224206633814645784e-01 4.207436708467057751e-01
-7.501399679889652341e-06 2.145759841737080969e-05
-5.216846994155315958e-06 -1.114145946896486783e-05
5.872919841981554256e-01 -2.601624888339852393e-01
-2.234404987570589232e-05 -6.096534023282982798e-05
6.788846165292443651e-05 8.470073551430214534e-05
-4.532616639848886602e-05 -1.068714582060746864e-04
-4.160238567262717507e-05 -1.040773270221922541e-05
5.916144332500310465e-01 -5.600128435070438337e-01
-3.865051710463420220e-01 6.133815972163156882e-01
2.929438269970149888e-01 -8.938434427178616748e-02
4.971338605020720621e-05 3.978669856644456677e-05
-3.933752673358103429e-05 -7.519719854360006365e-05
-1.994980363984432403e-01 1.765257531499094812e-01
-4.386910464764715885e-06 1.183832503892622904e-05
5.565717526482391375e-05 8.356488143644169648e-06
-4.863920346285322549e-01 3.428442721629381684e-01
6.617663099887515221e-01 -5.858452393465647390e-01
-2.489018132241860581e-01 3.992542223779371735e-01
-2.179547551666877281e-05 -2.797113845501814938e-06
7.977692196163426175e-01 -6.931620685146936411e-01
-5.421426886337417095e-01 4.286600987195961499e-01
-5.199410396407952994e-01 3.355964605059629235e-01
5.159266394404779505e-05 2.683940127289141536e-05
3.053476149784870822e-05 1.948943793688395055e-05
9.866837763367229609e-05 9.815555893739255622e-05
-2.322398393737589922e-05 -1.668777589548157638e-05
-4.327250743198450116e-05 -3.630528005002653646e-05
2.898527367709267412e-05 1.741534018390683698e-06
-2.337990102574344440e-05 -2.913902647051361676e-05
3.788883534767634235e-06 -2.822761056617985914e-05
5.830336907779231082e-01 -6.428033241886780269e-01
2.257040664791770345e-05 1.652125647010994019e-05
4.873162111686196805e-05 1.054277596330142658e-04
-4.012210379617693334e-01 1.342060568637164775e-01
2.890200209090125205e-01 -3.447502135823493630e-01
5.790768505266284390e-05 7.853993835415696450e-05
9.885049210854618407e-02 -2.794530133522044602e-01
-2.839477419357134824e-01 2.952519373130911284e-01
8.582056761210365590e-04 -6.515955544517279497e-04
2.450507252830289723e-02 4.493057127716208743e-02
5.811309429163126304e-05 7.886621478557008058e-05
4.794421562967658701e-02 -1.433340037055861049e-01
-8.152688667985377193e-05 -8.673683317154568949e-05
4.845126444585641234e-01 -3.863544945329870917e-01
4.641952615378741043e-01 -3.199701290395849940e-01
6.834289968078134864e-05 7.095379445531206620e-05
-2.742100044911194298e-05 -2.031701549516166431e-05
-2.016842825572516540e-01 2.271297635700592343e-01
-4.240213559366879856e-05 -5.505475319200466776e-05
2.073576363761696427e-05 2.079260184243021512e-05
-6.772622725431605472e-05 -4.715952843728487691e-05
-1.947645214822153157e-06 -9.239169615680164902e-06
4.055118335854337452e-01 -1.338126528823868067e-01
3.196591868643261470e-05 3.098918541600349162e-05
2.142376215839713327e-01 -9.895431149649466795e-02
-4.515134075922719812e-06 2.434328100454147137e-05
5.569617200655864442e-05 7.679178981002397932e-06
-5.459354716934645274e-02 -2.552590140028678303e-02
3.039645223297268668e-05 2.295913107906897378e-05
1.686079264101019858e-05 5.621102651980094370e-05
3.403987632330051602e-05 6.840056581257407614e-05
-1.470719900880473909e-05 -1.037429994119140093e-04
5.061872533212148362e-01 -2.444518360567119741e-01
-7.318962398856750182e-05 -2.983800457436060595e-05
-7.555910865572379497e-05 -2.730882823298985465e-05
8.470861656587344024e-01 -5.880197729595343370e-01
1.886268365670194236e-01 1.107656476409374230e-01
-4.493780389307959304e-05 -3.049865899192246452e-05
-4.442666390856247916e-06 1.241634290867359473e-05
-4.256151175295677658e-01 2.540423002923998808e-01
-1.046679518719964590e-04 -7.417950932679343728e-05
5.786088009401917365e-01 -6.469883321678272514e-01
1.036765038064851792e-04 4.853924498067938937e-05
5.915065479395762918e-05 9.538428357402487813e-05
6.714035151350381041e-07 -1.017822023499143908e-05
1.126364865938772082e-04 5.408514992404746198e-05
4.237405507859510464e-05 4.096935315639343853e-05
-4.255025963218195533e-05 -1.505576000897067996e-05
-7.635460529024265910e-05 -5.459090017687777857e-05
5.752651130756032405e-01 -3.514935073386114550e-01
3.259343378509178808e-07 7.205382215042841278e-06
-9.034297080778980250e-06 -8.435287921325952744e-06
-2.850156312179115692e-01 3.593541102691788502e-01
-1.297663771718169524e-05 -2.808690283723763042e-05
-3.701956143203967708e-01 9.609384060377022807e-02
5.447824618612830946e-05 4.088504149099869190e-05
2.677969465047338245e-05 -1.394608363138864391e-05
2.313504763461515790e-01 -1.041512427071173696e-01
3.143108015861212687e-05 5.925650358577543056e-06
3.997066515399358248e-05 6.668733641200931365e-05
-4.206497634089290122e-05 -2.876362623746492577e-05
4.862517927438442800e-01 -2.549206418862577928e-01
5.039359124906094278e-01 -6.265053489222326411e-01
-3.687672292310563931e-05 1.742950222524824934e-06
-9.061063648559042338e-01 7.883054219120979589e-01
7.595599512649356475e-05 5.212710220186681968e-05
8.544034678087236419e-05 1.819851059968826375e-05
-5.198325777650088968e-05 -7.464034666569437754e-05
-3.429693636734518341e-06 -6.138382360750162795e-06
2.305950191544827387e-05 1.056444082182315062e-05
2.391486824189785728e-06 -1.322998681096170234e-05
2.535099633374447015e-05 6.809014837707796529e-05
-2.051573368938681163e-05 -6.426248008926146570e-05
6.615306041719242146e-06 2.017280921895243560e-05
1.743211685771859902e-05 7.512847043088991103e-05
7.558306121539773892e-05 5.201860176183978259e-05
-3.081958317598636069e-05 -8.780985722045236259e-05
-1.306917284604888621e-06 1.194448319641870975e-05
5.398988240047626619e-02 -1.990791723285370851e-01
3.975468954001400435e-01 -3.059910781144904446e-01
2.723776490135229622e-05 6.670158388106415474e-05
4.109584662310417080e-01 -4.204789230383479404e-01
-1.766928612503806728e-05 -2.656132253466931010e-05
-4.219878487282369139e-01 3.775370633740458559e-01
-4.195997521938382003e-05 -3.681383186557381535e-05
-3.903080346994871979e-06 -3.186772723476902561e-05
5.281316217044707847e-05 3.370256974346270517e-05
2.373712955064532048e-05 2.699702019309124061e-05
6.141664656528055276e-06 2.297366601419372460e-05
-4.637072862281744736e-05 -4.965703293864775635e-05
-1.701687736403970056e-05 -2.652043154553770476e-05
4.213130864745289565e-06 -8.350804657739959518e-06
6.210562082581784005e-05 6.639302177897125825e-05
3.148096036359878888e-05 3.875267317742770546e-05
-4.569097308448260495e-05 -3.940548840722615429e-05
-2.916574432853126786e-01 4.731195331896207446e-01
6.607903098865073321e-01 -2.727546955928687455e-01
-8.047693083083895527e-05 -5.831747625595116400e-05
3.946055008889912612e-05 3.303600329837314771e-06
5.100195604044718888e-05 5.210431903936470476e-05
4.199698341939434856e-05 6.190194899224973500e-05
2.514944079979689606e-01 -3.455014042437904997e-01
-7.287442100105215607e-05 -7.965886765305304465e-05
1.021026102646582849e-05 1.742757840458502514e-05
1.553070728259006196e-05 2.201810306107341672e-05
5.096913411811355993e-05 5.408160850307226368e-05
8.793771076341028170e-01 -4.831366618783452527e-01
-5.480052340530975230e-05 -4.531147663531541795e-05
-8.706848711821187005e-05 -4.835712138288959778e-05
8.629838013509751884e-05 3.022018805251588310e-05
3.310721945542479332e-05 3.914244667219503245e-05
-4.827806363700937284e-05 -7.566360977978239680e-05
-4.895712429083397543e-01 4.051683380323244932e-01
1.037572260184786787e-05 1.132895948507346885e-05
-3.153072634841398968e-05 -3.901811194794927432e-05
-2.769783700102048662e-01 3.714964078401901681e-01
2.034277417275957275e-05 3.037676921113793304e-05
1.197985886497890933e-05 -4.837968826456026580e-05
3.466762889379435301e-05 4.158854920359385975e-05
-1.863884539253151673e-01 -9.194335125117114593e-02
6.140080600766900220e-05 -1.606674463709107836e-06
-5.769330329302366223e-05 -2.898184012856729603e-05
7.629097569734266671e-02 9.842658351775666892e-02
1.014074525557912138e-01 -2.572765711704162461e-01
-3.235193693290802348e-05 -3.977471001286465293e-05
3.588702592798909130e-01 -3.851400282556506904e-01
4.056599947141345747e-05 1.394103946588847777e-05
-1.684880386023124039e-05 1.166471210766113661e-05
2.734068117355526739e-05 5.490918547636727565e-05
-1.143940517036960454e-05 -3.134284239585145504e-06
3.981953125324851350e-01 -4.882239438869876436e-01
-1.996524236044935618e-01 4.864437262742443702e-01
6.946727791545133091e-01 -5.809052417583669969e-01
-5.204164698517023124e-01 4.562336259491222012e-01
4.526361958423678094e-06 -2.707570025743782815e-05
-3.606262806084257908e-05 -5.627648794804168052e-05
7.359165326605177505e-05 1.317930150925051571e-04
5.976842892308352782e-05 5.399741500654223187e-05
-6.649086802587759830e-05 -8.978051086702881279e-05
6.547700652988380809e-05 6.636743737590727118e-05
-2.100667333810225523e-01 3.317977052579978436e-01
5.560199518439867816e-01 -7.414700706768037053e-01
-3.711712521745688388e-05 -2.867856067262012956e-05
-1.402915887030081743e-01 1.752170913816558651e-01
4.146456073771060402e-01 -3.125460466835890960e-01
-4.476037292329957396e-01 4.649689418044931077e-01
4.955064645133720850e-05 3.402242993309566283e-05
4.228300881188399045e-05 7.522043232352231977e-05
-6.907552102025288679e-05 -1.202517261924749935e-04
2.337408780845660894e-01 -2.370991351550056081e-01
-2.385384767260233141e-05 -1.081764775202620126e-05
6.872034245655404665e-05 4.480571486847880700e-05
-2.050876528201387161e-01 3.785228824320262253e-02
1.974510480182478225e-05 2.562225823851948595e-05
-2.724715368616218436e-01 -1.252010722595789660e-01
4.519065333453375355e-01 -5.848521532634574083e-01
7.995822027959830934e-05 5.774982891992311784e-05
2.540107534985524751e-05 3.783419047714323781e-05
3.913182237972137080e-06 4.801291847541939149e-05
3.668857705303046630e-05 2.535731629710819620e-05
-1.312485098723340925e-04 -8.417038966387742024e-05
4.672574514700507723e-05 2.890966889935653512e-05
2.369510364422018328e-06 -1.406824389893325755e-05
7.260503259122418041e-05 5.449573195186138447e-05
4.253900237142494274e-05 2.161887447273985486e-05
-4.698310843820803754e-06 5.348276086633310748e-05
-1.358227657766034394e-04 -1.373566590561364244e-04
2.716939703858204877e-05 1.337127278105014651e-05
1.149695461067537885e-04 6.254082921659874072e-05
-1.724142851998610010e-05 2.269134000193165880e-05
3.293958107405519633e-05 1.564458668482496316e-05
-6.528669161284892525e-05 -1.432415386078472123e-04
-1.898072372941434494e-01 2.576641235568191135e-01
8.867165277092016798e-05 1.067785670828794473e-04
-2.076826713574944638e-01 -2.892088248336104062e-02
1.104908735852839260e-04 6.609870827898342658e-05
5.756835847643036710e-06 9.468686662308749625e-07
3.045616420996246233e-05 2.207419338291199471e-05
-2.943886221984402658e-05 -2.241815532329988415e-05
-1.925450706248229837e-01 4.576773274490640309e-01
-4.944810687945072614e-01 6.202361063436414579e-01
4.272184133296094144e-01 -2.920273486667577245e-01
-6.906983610170822562e-05 -1.148461997488225625e-04
4.046605409367017139e-05 5.354436614729298730e-06
2.479732912888245962e-05 3.517488658591903165e-05
-1.465081983925245190e-01 1.740128799581230623e-01
7.400888040555348228e-06 -2.759214562569831119e-05
3.984017811260125846e-07 -1.765720134482087224e-05
1.126510662383340920e-05 1.360861181949671137e-05
-3.303935322471480140e-01 2.145961399020925031e-01
6.849418222699446524e-05 6.560853565998073992e-05
6.185089769201024268e-02 2.217033261870591243e-01
6.608159682196360629e-01 -5.321020219430312448e-01
-1.067610655381976884e-04 -9.884818586217008227e-05
1.382956272862620808e-05 2.170258861040191156e-05
1.270505221037577705e-06 -8.706445783857745307e-06
7.829204851394076423e-05 5.869727356597075665e-05
2.395134251920289781e-01 -2.441533094731533887e-03
-1.107200527112778987e-04 -9.497728455970996515e-05
1.763852623505224432e-05 -1.512041969264938370e-05
2.952967882146721457e-01 -4.458385985417964159e-01
3.806614882052588732e-05 7.257184390103216460e-05
1.974921557804072971e-05 4.631177873220922782e-05
-2.639635379487657673e-05 -3.250644453909954507e-05
5.081080837900422140e-05 3.793531072317264397e-05
-2.838453019182453726e-05 -4.647730659204357125e-05
4.128448713030767597e-05 4.225143239803420662e-05
-7.471139487697462127e-05 -7.812728743738095048e-05
4.825384886346776491e-05 5.951424212050981184e-05
6.669583040027851238e-05 4.936208961643678188e-05
7.635517676532257032e-06 3.230666214905285826e-05
-4.778317408230983954e-05 -4.907596269378231029e-05
-1.440844555821313749e-05 -5.709875855239358823e-05
2.724491851190862722e-05 4.741249182415801871e-05
-2.318497121333614039e-05 -4.232386656497330357e-05
1.023937612074418810e-04 1.460056063467882312e-04
2.175172585603950548e-01 -2.573782975071700618e-01
-1.002954188541209900e-02 -5.732952327758127423e-03
5.544787744298764753e-01 -4.933150048073222660e-01
5.795688470569398953e-01 -6.339970599743351976e-01
3.466884670102771143e-05 3.749553468145808420e-05
-4.819602351750810831e-05 -2.245779542006781288e-05
-3.443511862127642265e-01 2.962380064928060164e-01
5.833598207403057381e-05 5.221585860311042426e-05
-6.432325235352917003e-01 1.052138734606239856e+00
-1.266198676133403486e-05 -4.905659443793820986e-05
8.339113352807850203e-05 7.256398839004276052e-05
-3.215942574004325006e-06 -5.176639509141344153e-05
-7.546617491051384652e-05 -9.610076394501989238e-05
6.932511209555993034e-05 3.815008847703457636e-05
-3.672207558060098707e-05 -1.318164005699171948e-05
2.535481749782204086e-01 -6.721727002667889916e-01
-6.184587160679499202e-06 -8.824825343438182754e-06
5.586947137982510982e-05 1.042564209573256645e-04
1.247495763373425159e-01 -2.990840511208354702e-01
5.466940827449925195e-05 5.965119478238593511e-05
1.303848170547337092e-05 4.643910169864807911e-05
3.664349562877840527e-01 -5.380155713495338166e-01
-3.144360778874417671e-06 2.079682532122427435e-05
5.198629126077232154e-01 -3.462048879284311265e-01
-4.369369490698879477e-01 4.359793862257078101e-01
5.148496589413021907e-01 -3.277962674179453195e-01
6.596007782584127621e-02 -1.482401548269647873e-01
-3.886310158827639971e-01 2.792379027196361108e-01
-4.802203441369055220e-02 -1.609684888207983666e-01
-2.254252338424345969e-01 2.953091351245141771e-01
7.262409937523407466e-01 -8.403960910945407203e-01
-2.289095259546982952e-01 4.821772320708168635e-01
2.656362637189763399e-05 3.256308282945047188e-05
1.065905331034612047e+00 -7.759159100507100337e-01
-1.204090456529032161e-04 -4.393566963549118702e-05
5.176849329597445876e-05 4.154382073932350749e-05
-3.117359341690393304e-01 7.802909792689316504e-02
6.307250374097624112e-05 4.676455337788165971e-05
1.034331941084005047e-06 -5.126971214315117109e-05
-9.276419089083425893e-06 -5.481812351909878333e-07
3.015218729383540433e-05 3.409379463424892119e-06
3.975749486986311811e-05 9.211906948108808217e-05
-9.512380142610459122e-06 -1.315907699041913530e-05
3.852253311426353789e-05 2.268569384272131528e-05
1.360396657774741837e-04 1.672649906307286825e-04
3.152538786204300836e-01 -4.581262283487667619e-01
-5.658600827949777923e-01 2.212387952514844325e-01
-4.642630278674582292e-05 -8.009885523550808184e-05
4.493514400255889651e-05 3.466508250490695333e-05
7.561271059779597176e-05 7.957987976500543916e-05
-2.569131217641597883e-05 -3.822144205901492798e-05
1.932196977151754853e-05 5.568842959431221538e-06
-6.961764277407969756e-05 -6.004771924105780073e-05
3.742271526057598229e-06 -6.990353593202465487e-05
1.705246344207286680e-05 1.082014522729469273e-05
4.590618077909321007e-05 7.160567240618002796e-05
-5.284315427933479132e-06 -3.230318919459725704e-05
-5.413857385956239998e-01 6.078960959126181729e-01
-3.689586966858062200e-01 2.842655840883921425e-01
5.845855170445632523e-05 2.401354406314941322e-05
-6.380296042146583677e-05 -3.598530336477100914e-05
2.343564524631351796e-05 5.680609807594999458e-05
6.861112641146206448e-01 -6.282299708985907838e-01
3.621350315142261259e-05 5.764893151554015342e-05
4.970589371494706366e-01 -5.785259965613323008e-01
-5.645717437813692167e-05 -2.017153983539952394e-05
7.348360994519643752e-01 -7.016483971369822381e-01
-3.682507572897078529e-01 5.447920924836814338e-01
3.268701811912391156e-05 -7.420927213964581533e-06
4.440548286622766699e-05 2.750727531700428448e-05
-6.686381686531698287e-01 5.085117909632428379e-01
5.591299830979296211e-05 4.010413540465367690e-05
-3.012152512465677962e-05 -4.300720178771457255e-05
-8.942265217889667771e-06 4.325982687059967546e-06
4.646695522097930620e-05 1.883883209620462062e-05
-8.844355922102691437e-05 -1.040397817682234375e-04
7.895844197469106991e-05 8.559510609168746037e-05
6.261439914823964471e-06 1.126896986624447126e-05
6.101306931827276092e-05 6.002725211375745562e-05
-6.087080048112011475e-05 -4.188187991685830358e-05
1.513934740221008772e-05 4.069056855982577800e-05
3.005668185859138039e-05 3.786824763714443704e-05
5.623819367045826967e-01 -7.875811358230363490e-01
4.192561838157928267e-01 -4.036703523531335325e-01
-2.606497393653467155e-05 -2.453840744847063808e-05
-1.523392054453744234e-05 4.460339477392902418e-06
2.301858982847561079e-05 3.569923548904531521e-05
2.895472823919495098e-05 2.004170303586220585e-05
-8.559316210025282241e-05 -1.045594329331870753e-04
4.582049921986532136e-05 3.646005533390540599e-05
1.678475622127310052e-01 9.916537128405314427e-02
4.353879865310502349e-05 1.869009633663543845e-05
-3.260248592380190491e-01 3.218653823405546177e-01
1.025252545910682777e-04 5.965469603811087763e-05
-3.514864036350245358e-01 4.899663949964452869e-01
-6.179455663936860282e-05 -4.359776777322255141e-05
2.412422227698008959e-01 -5.801663032467498926e-01
3.902888476076407599e-05 3.342021338867438781e-05
3.683303536789974851e-05 2.895090249384008952e-05
2.935526724068128611e-06 1.646651512549543247e-05
-3.737602390836625710e-01 1.920425051052564447e-01
6.792981407249591653e-05 1.976012071064988420e-05
-1.313025255114488865e-02 -2.483420109751040272e-02
-1.696760932195647575e-05 -1.062776158274076154e-05
3.938242832814650707e-01 -1.733881193805658083e-01
7.486505053686890181e-05 3.691845125880645313e-05
-5.780091377647645912e-01 3.170232624061469773e-01
3.554979069878576314e-02 -8.042531361029649217e-02
3.740047508296125978e-01 -4.000155845563854728e-01
3.516710453683207551e-05 2.403206308630441600e-05
3.138249988365907073e-01 -2.694146215653281384e-01
-4.847583728961575925e-05 -2.974360488585712446e-05
-3.449254201381154461e-01 5.231975448043738597e-01
8.322970189690044986e-05 4.356554705739399379e-05
-1.963828460961600985e-05 1.486976230399789425e-05
4.041540839615133107e-01 -2.912053415677890444e-01
-1.050619747624137462e-04 -8.171085899354141964e-05
4.048210783754745460e-05 4.131890657315357649e-05
