-5.034688669285848350e-01 -3.019606860581739993e-01
-6.153580557461919365e-04 -6.650273464237608807e-04
-2.284149855130508833e+00 -4.876023964666592048e-01
-6.445032259173872746e-04 -4.371907880047825267e-04
-6.656987616673391665e-04 -6.808732804095783946e-04
-6.409661244800373640e-04 -5.371572654420672189e-04
-5.506000985243757716e-04 -3.525582141974527924e-04
-7.684515295343544812e-04 -6.857560196477882099e-04
-5.503443784453888789e-04 -4.382747453128677906e-04
-6.253897695010750138e-04 -5.933573975515679232e-04
-1.660911765671541973e+00 -8.301307799306517632e-01
-6.185461803688001737e-04 -5.844933255823564879e-04
-6.383219036132115618e-04 -4.786447410840039712e-04
-5.206208300369960171e-04 -3.785112657556368929e-04
-7.446250693055655795e-04 -7.108661870556226125e-04
-7.185114184852708702e-04 -6.308723960018549921e-04
-6.359077479956561996e-04 -5.598042047597988607e-04
-5.597468005237404669e-04 -5.664518682165528389e-04
-1.925957756175133095e+00 -4.206106448566636069e-01
-5.514895895328088054e-04 -5.014798864527854035e-04
-6.711686783102543009e-04 -5.265496488098776393e-04
-5.976214702914018533e-04 -6.233305793223770271e-04
-6.562729527904942418e-04 -6.085009362487310948e-04
-6.664585518573268525e-04 -4.599146051946494552e-04
-5.365555899346527522e-04 -3.986401606135001117e-04
-6.179130686271907267e-04 -5.453404046152007800e-04
-5.688668508450511101e-04 -5.266363225437204962e-04
-6.036637509335528043e-04 -4.592412674102316970e-04
-1.761877248830091558e+00 -9.919229595688041634e-01
-6.578328360801670265e-04 -5.475444970545360543e-04
-6.468403655713827159e-04 -5.707786143705255661e-04
-5.927973102828694163e-01 -3.983103926858265198e-01
-5.999849276078319301e-04 -5.471179589603742842e-04
-5.329257398808549991e-04 -4.507456090763477426e-04
-5.716324170763955334e-04 -4.822775515778036448e-04
-2.388745574527015414e+00 -1.056130108485191732e+00
-6.215560259605248505e-04 -6.224792219097430778e-04
-4.710834925922522398e-01 -3.460465395004536093e-01
-4.937809564146702912e-01 -3.174638982566223566e-01
-5.799368315189409135e-04 -5.274677079805691320e-04
-5.735761322655291618e-04 -6.170679151395509505e-04
-7.645768240692123836e-04 -6.388923931122638322e-04
-5.799945184374582369e-04 -4.519731093189657085e-04
-4.949127984143498749e-01 -3.299607252907172938e-01
-5.612759802181174719e-04 -4.493396009340875274e-04
-2.031132224578842127e+00 -1.694173837778979452e+00
-5.763880615464335834e-04 -4.626857062823420247e-04
-7.109715684321001299e-04 -5.458509833651786335e-04
-5.818585060895145730e-04 -4.591038236534605789e-04
-6.344175891509574788e-04 -5.610024305766354424e-04
-5.012785722625407066e-04 -4.554107667680093344e-04
-5.898914170238909451e-04 -4.656901664758673204e-04
-7.377407145527188279e-04 -7.031220965817514207e-04
-6.175877478485227584e-02 -4.451751701533176314e-02
-6.534354478191541082e-04 -5.326416153214384806e-04
-6.403357283094209245e-04 -5.938356820144685775e-04
-7.368186804145085683e-04 -5.722750358955954342e-04
-5.460802811034126854e-04 -5.820180647629453422e-04
-7.162189038849292718e-04 -5.470526858184982574e-04
-4.898991260854646803e-04 -3.392959750179247252e-04
-4.595137484097157007e-04 -4.538408178003850877e-04
-5.954291442194727026e-04 -5.325163271569716746e-04
-8.329211360982575856e-04 -7.000959277763420512e-04
-8.040839082243953547e-04 -6.130926191899834432e-04
-4.480297884849192996e-04 -3.183782579351821310e-04
-5.802330642333186281e-04 -6.044123523169513557e-04
-7.016925259483761763e-04 -4.423600959823059653e-04
-5.038972487255798495e-04 -4.599962857935588540e-04
-3.138120563881532821e+00 -4.783442183979003670e-01
-5.910006726986477077e-04 -6.117004304474206152e-04
-5.388762373000587080e-04 -5.319069082395910244e-04
-2.132933238211212945e+00 -7.561540444625008961e-01
-5.252315127716758415e-04 -3.887493768957774737e-04
-5.680827103503994059e-04 -4.563267128759333682e-04
-7.200284576731375051e-04 -7.244360957844115040e-04
-7.700454303257434812e-04 -6.512496133482499139e-04
-5.047399134106062999e-04 -3.928210427684151237e-04
-5.894809672716411209e-04 -4.513244672282234137e-04
-7.208157848640705211e-04 -6.950461327233457137e-04
-5.580693415556704784e-04 -4.484703209683718020e-04
-6.061706788252279677e-04 -5.235839345599086186e-04
-6.958557258650168538e-04 -6.299024870283663133e-04
-1.982482631436166765e+00 -1.074937189312009878e+00
-4.328461426247460749e-04 -4.882143852267949061e-04
-3.522658041029442355e+00 -2.171577990944707770e-01
-5.149548706118459379e-04 -4.778890089391045069e-04
-5.986257957304678273e-04 -4.557664359239117411e-04
-5.146868709090076655e-01 -3.171251855798500330e-01
-2.655072998191448708e+00 -7.379337199303643846e-01
-6.597207592082770080e-04 -7.422217371418044591e-04
-5.499091123524075522e-04 -6.239620422404376426e-04
-6.105957228548911965e-04 -4.828303022650392348e-04
-5.332940352384094333e-04 -3.268031012169234821e-04
-6.725606997619078134e-04 -5.753772958065669213e-04
-5.863552343481427398e-01 -4.487412031839905779e-01
-2.934476308405230771e+00 -9.403002446506144585e-01
-5.528559898734100109e-04 -4.299971595870048487e-04
-6.182871904699320607e-04 -4.435981630430402950e-04
-5.324678897051919081e-04 -5.712433639705797282e-04
-6.598437436171826053e-04 -5.998361488559157337e-04
-6.258806902617596339e-04 -4.405532381039732191e-04
-5.648871571141105951e-04 -5.190650549834118985e-04
-6.615334512809477882e-04 -6.569989213978919039e-04
-5.935290815178755411e-04 -4.528987294898378121e-04
-6.815192030772940267e-04 -5.647048428276007538e-04
-6.395260485200956720e-04 -5.995562518192556643e-04
-6.044118145243843662e-04 -4.136805802086105234e-04
-7.347641381235614716e-04 -6.408444264678407566e-04
-6.617220061325883654e-04 -5.118247869354185459e-04
-4.853821763477796092e-04 -4.610430572319149101e-04
-5.264081789439413895e-04 -4.909586576993528765e-04
-7.627272747118055401e-04 -5.968859458943512504e-04
-5.190230027224413799e-04 -4.198937047839655223e-04
-7.235019533380046596e-04 -6.580298488639810305e-04
-5.840379097280628791e-04 -4.600771636901491968e-04
-6.943957373899495517e-04 -6.979045359698189330e-04
-6.060569848700567098e-04 -3.771532978866999793e-04
-6.331003552454331608e-04 -6.023652544794060775e-04
-1.529615622366230721e+00 -7.216774927674086682e-01
-6.325697892942414371e-04 -5.251714576694796292e-04
-6.051507501410674722e-04 -4.826211954930304817e-04
-5.341654143775342043e-04 -4.377608360231846911e-04
-6.859370728799408677e-04 -5.904255559835373118e-04
-5.746877384973156496e-04 -5.068473329840401291e-04
-7.258446133047564931e-04 -5.984307191966389307e-04
-5.098712068153756546e-04 -4.272017176671177277e-04
-7.181575053695042491e-04 -7.063649902115770292e-04
-5.367618674437162340e-01 -3.372235582218875982e-01
-4.603678721855955502e-01 -3.660975742082610007e-01
-6.198046589756861426e-04 -5.240731377584286962e-04
-4.964354761870414445e-04 -3.856132099193717981e-04
-5.633163369723777477e-04 -3.971571924506643245e-04
-8.547710139318165758e-04 -6.490877090336452876e-04
-6.995695522218962860e-04 -7.140125171101601191e-04
-5.331332062549906051e-04 -4.777392659044713756e-04
-6.463152978241164508e-04 -6.475069468677227416e-04
-5.744618905362519059e-04 -4.695117784441270683e-04
-6.363265058938642272e-04 -4.524205717485554369e-04
-6.835140598741194177e-04 -6.293255082067968726e-04
-5.942979064316490645e-04 -4.309821439498047143e-04
-6.879225939881749349e-04 -5.948266033603603854e-04
-1.915524911970670319e+00 -7.840925571265277005e-01
-6.526588287485399252e-04 -5.149979071948014879e-04
-5.532858312740559234e-04 -5.712100721300370247e-04
-5.159017329805910780e-04 -4.560759941607544382e-04
-6.303751604843845380e-04 -6.110429224320882953e-04
-2.111779399284269498e+00 -9.252104635325812954e-01
-6.124795349685244238e-04 -4.718877546430144633e-04
-5.267568350472220939e-04 -4.929532207060847776e-04
-5.865189499260105299e-04 -4.982452955309081468e-04
-7.208376477329034434e-04 -6.107152357505657263e-04
-7.456970535575414838e-02 -4.597032022171582827e-02
-6.425391590464569081e-04 -6.569129630828753324e-04
-5.074589166088622899e-04 -5.217934990400867031e-04
-4.999883361253854843e-04 -3.657623789791827245e-04
-4.477299312455011314e-04 -4.105380687318071434e-04
-6.262458634207427721e-04 -5.346036063726711815e-04
-5.611309196690525717e-04 -4.092759924019657406e-04
-7.920511818689659556e-04 -7.541234426749637322e-04
-7.149612914454467295e-04 -5.281673684593001395e-04
-5.142834176608511443e-04 -3.214975885289953015e-04
-2.014878698120160738e+00 -8.700798282665913597e-01
-6.165655715805817838e-02 -4.066987206983617431e-02
-4.863211197391345553e-01 -4.322130371381628366e-01
-6.226908701820834703e-04 -7.602890293686766915e-04
-5.630061522036265568e-04 -4.347877176298018927e-04
-4.967392250226798645e-01 -3.120231085895803225e-01
-6.888333510798563993e-04 -6.898540997858667971e-04
-5.986468051462714730e-04 -5.257411005697319381e-04
-6.322652582593920809e-04 -5.232946728944207334e-04
-2.251009906656246784e+00 -1.171796419482923568e+00
-5.532067824809826662e-04 -5.323064675817062866e-04
-6.170757611967977833e-04 -5.118191655515438821e-04
-5.729531397634938161e-04 -5.094208532516036067e-04
-5.479125093986861100e-04 -4.189312183886896644e-04
-5.580148582279756799e-04 -5.179275879654012503e-04
-6.345118404974231085e-04 -5.909001259053821460e-04
-7.489044043810532715e-04 -5.008003547784171776e-04
-6.298117738379187432e-04 -4.942650446929736313e-04
-5.439089902823029477e-04 -5.053402429322446975e-04
-7.268289659420391381e-04 -5.195931842882786991e-04
-6.416988615400042763e-04 -5.153082078537055133e-04
-5.451541897379594531e-04 -5.087168427395063119e-04
-5.801751491538365739e-04 -5.519158391877273823e-04
-6.274523470338039515e-04 -5.337258735909322085e-04
-5.039761472280197612e-04 -4.732525913362579701e-04
-5.342074824803304039e-04 -4.709154516057363410e-04
-3.103444707947730308e+00 -4.610263648519901114e-01
-7.824802418640953777e-04 -5.663761036294610775e-04
-5.471676956828103915e-04 -6.052536622133759727e-04
-7.245043005580162473e-04 -5.105488185600032995e-04
-4.314265737494069248e-04 -4.198123795056791997e-04
-5.347577747734278851e-04 -4.965773714052187536e-04
-6.774416453061172247e-04 -6.000919112036878864e-04
-7.289425576271665571e-04 -5.717020807404118565e-04
-7.023110549334102021e-04 -6.707241306225099169e-04
-4.597220174156139549e-04 -4.343593709554684841e-04
-5.468317313058606048e-04 -3.895528907615303867e-04
-6.865116135505785078e-04 -6.300043095424068783e-04
-7.245525208767433735e-04 -5.067837769182735467e-04
-1.912362111733652670e+00 -1.514267521194424981e+00
-2.499191477804139527e+00 -2.521996164317409916e-01
-5.876366102347762264e-04 -5.830322993483380394e-04
-5.201610116663179725e-04 -4.873080430168235462e-04
-6.607959909123259801e-04 -5.025373655181768727e-04
-6.297330266199528204e-04 -5.796888730579686632e-04
-7.192241362239268354e-02 -5.842420305441655554e-02
-5.548112481478765937e-04 -5.160623880332287786e-04
-5.515058242661399204e-04 -4.773921052383245508e-04
-4.962150140335289672e-01 -3.218100095193734411e-01
-4.488045316575299259e-01 -2.666486459443450641e-01
-5.043134024811370087e-04 -4.386331407087701154e-04
-7.173219010707139595e-04 -7.346783159608255391e-04
-1.939329389338764864e+00 -9.505725928414083814e-01
-6.008918212719286008e-04 -5.421706129775656462e-04
-6.700855750646606641e-04 -5.788864461105377524e-04
-4.458703540667544431e-04 -4.224493279901128055e-04
-6.506986972737855953e-04 -5.255523961022242480e-04
-6.718890715328325585e-04 -5.457626783885236163e-04
-6.909109990837284917e-04 -5.453592097824213952e-04
-5.851742613412852468e-04 -5.540423936530335970e-04
-1.256329552353881551e+00 -8.811652933789604347e-01
-7.706845191836399775e-04 -7.277740240846780877e-04
-6.825077439028018290e-04 -5.210510189833333743e-04
-6.979531227623956982e-04 -4.796987365315713830e-04
-6.062207240168484071e-04 -4.236047068823720865e-04
-6.715312531008003601e-04 -6.293977885575194851e-04
-2.114253153344016756e+00 -6.969157234273813950e-01
-4.483716907231993201e-04 -4.209759755006817249e-04
-6.577864504506276922e-04 -6.643119532191255972e-04
-6.381707247783516713e-04 -6.231088513567955385e-04
-6.952549992983118182e-04 -5.348753540239784042e-04
-6.185743401226172352e-04 -5.977106702359087599e-04
-4.928804367850757838e-04 -4.174052506090659216e-04
-6.965473261138669736e-04 -4.637866977723876616e-04
-6.256438631262861011e-04 -5.085644641607241570e-04
-5.069726642331825192e-04 -4.008564137969662005e-04
-6.120917734969491542e-04 -6.141096866495958503e-04
-2.814783457175527470e+00 -1.180882342702138654e+00
-6.405572333502408634e-04 -5.027145034475816090e-04
-2.196633240936959997e+00 -9.888977399384066835e-01
-5.880765428489698621e-04 -5.904316900381082357e-04
-5.420666021028989201e-01 -3.790694879206717438e-01
-4.447694445349618161e-04 -4.688105674665891866e-04
-5.882970179167040315e-04 -4.428392907993370774e-04
-5.296324333836269866e-04 -6.452592426821650773e-04
-1.988339013871180061e+00 -5.221871920859141314e-01
-6.546304773927645463e-04 -5.539514339675524410e-04
-7.058077510086514534e-04 -5.367854150082136851e-04
-5.409572845267916720e-04 -4.681542304480203979e-04
-6.436413694172075711e-04 -4.864301350358636112e-04
-5.357683520574130047e-04 -3.538534135710979427e-04
-7.163778834565897062e-04 -5.925029936865599698e-04
-7.051193191594454365e-04 -6.607618780705546866e-04
-5.165567028386096240e-04 -5.194868614776317365e-04
-4.726992288636821106e-04 -3.609625135664079241e-04
-5.747568258056311771e-04 -5.657802666661131217e-04
-2.003519145741322394e+00 -9.709033126993892315e-01
-7.068449437244151128e-04 -6.442449616838733569e-04
-6.525898379799614313e-04 -5.103396661609156627e-04
-6.402406665162038105e-04 -5.333206882884587762e-04
-6.423303558595889595e-04 -7.235944662879628154e-04
-5.027000704405927252e-04 -3.903025639782191922e-04
-6.858042438924439287e-04 -5.388260351660018998e-04
-2.731535337065899238e+00 -3.680193911957707065e-01
-7.094019767438783982e-04 -6.829253539059741045e-04
-5.481621397024837809e-04 -4.340071936855099391e-04
-2.290457499571993072e+00 -6.786842296688426757e-01
-5.117094846425121598e-04 -4.546862926706564715e-04
-5.461729672146162749e-04 -5.610136911817545889e-04
-1.640242577245790923e+00 -7.478638054259449941e-01
-1.646431455159131918e+00 -6.740581317681959561e-01
-6.218332116017064471e-04 -6.716078372515517890e-04
-6.100332311400195103e-04 -4.870303767125712434e-04
-6.927999640920027560e-04 -6.085070205272585971e-04
-6.061695446617729752e-04 -4.847875676100287272e-04
-4.004763438106989648e-04 -3.337591746457056535e-04
-8.107695723478122946e-04 -6.486040979743883670e-04
-5.066130362757003758e-04 -4.296015928963339663e-04
-7.958387170026873583e-04 -7.218760334056677566e-04
-6.292476605333207360e-04 -4.709851935240479603e-04
-3.028626445153246749e+00 -2.195204976067393621e-01
-5.707050578293482081e-04 -6.076407997509230413e-04
-6.956906996293541270e-04 -6.596151980942893504e-04
-5.207315374237541251e-04 -4.422246048163508240e-04
-5.327387586624280670e-04 -4.159252799434183133e-04
-5.985955943750173548e-04 -5.111497428787719743e-04
-6.397167946709788949e-04 -6.618098816950383420e-04
-2.673818069065277747e+00 -9.227063617200718104e-01
-6.192365257534403547e-04 -4.679389997599378592e-04
-5.565080666684586687e-04 -5.440938040243769669e-04
-4.631594930305912294e-01 -2.883289527229343507e-01
-7.412654523545252148e-04 -6.624127706640347852e-04
-1.800597526420120387e+00 -4.083239319424545322e-01
-6.092996668864778930e-04 -6.435839099481406892e-04
-6.567480899562469542e-04 -5.335405030019979003e-04
-8.070772622570093063e-04 -6.237339311888434948e-04
-5.560918878137138073e-04 -4.836159841517828650e-04
-6.278312925389747338e-04 -6.311534346568476979e-04
-1.870463175939336864e+00 -5.776275631009405442e-01
-4.706597147319078744e-01 -3.522456728746445331e-01
-5.295547225826045422e-04 -4.134228568742956801e-04
-6.578611469285431529e-04 -5.813477311341636988e-04
-2.110213382315266450e+00 -1.019485811952462573e+00
-7.516674952251903080e-04 -6.591924088659138498e-04
-6.055004997970369002e-04 -4.116143172362172553e-04
-7.009542889572046784e-04 -6.812862433609651915e-04
-6.506074480831279885e-04 -5.008359801107636379e-04
-6.434459900309767721e-04 -6.002773587163664788e-04
-5.281787795262340600e-04 -4.247059772902807588e-04
-3.485647047908879692e-01 -4.704744391489701916e-01
-6.543887681467014080e-04 -4.674990887233268261e-04
-6.368302587503781248e-04 -4.172058203818549251e-04
-6.963700300142451876e-04 -5.273403472901470011e-04
-6.673026188905694777e-04 -5.952739619919234079e-04
-6.195135451724240530e-04 -5.183369007781008647e-04
-3.046381294351351965e+00 -5.931473768477345532e-01
-1.966279448038646516e+00 -1.263668163125754251e+00
-5.259912381698609619e-04 -5.134107537834798132e-04
-5.004775088022988356e-04 -4.533294598499143686e-04
-5.532564360180933921e-04 -6.485541265844468883e-04
-6.512672678550343467e-04 -6.303434121352792519e-04
-4.650185619825118353e-04 -3.089954701406786176e-04
-3.283228765261938520e+00 -7.545784631519901753e-01
-6.358976256796063922e-04 -4.354626679753481155e-04
-7.162856093844726692e-04 -5.805883763198440390e-04
-6.289106591845000562e-04 -5.450885817990761429e-04
-5.291945121879129341e-04 -5.940171375050788986e-04
-5.521044827847912959e-04 -4.257357500283401102e-04
-1.958364759145831302e+00 -8.194019798547236277e-01
-5.942646505042030762e-04 -5.648552194461445904e-04
-5.962804809566983263e-04 -5.812571110331192850e-04
-2.062352214550534413e+00 -6.492749793198381303e-01
-5.432273094152451293e-04 -4.203737883455403593e-04
-6.522218923213238479e-04 -5.668746245389810583e-04
-4.717881337475773613e-04 -3.553737093870680498e-04
-5.950425710099139934e-04 -4.815627831876503613e-04
-7.324871117897221008e-04 -6.636105485547146975e-04
-2.233834008984701747e+00 -1.585820221716284895e+00
-6.619172275807108262e-04 -5.076066538992677051e-04
-5.833473914477948705e-04 -4.900431964253602543e-04
-7.346204299795630870e-04 -6.375504471885189281e-04
-5.263792240287852109e-04 -5.058139423213269025e-04
-7.254970782756553493e-04 -5.379593474330024699e-04
-1.461054823699196703e+00 -8.595067383822265761e-01
-6.173021039652092368e-01 -4.803499888961670350e-01
-5.160811945233598165e-04 -4.867651227483197609e-04
-5.617199058250655838e-04 -4.100570144585118830e-04
-6.143040221769899322e-04 -5.540773240298286183e-04
-6.434084971688114806e-04 -5.263635843027414602e-04
-5.725279153789803810e-04 -6.311244240973574353e-04
-4.992868830169592924e-04 -3.032038218945209648e-04
-6.149340364365780704e-04 -4.303948368436762368e-04
-7.262889848891425273e-04 -5.589693706022206589e-04
-7.138458433235054905e-04 -6.886983560136718426e-04
-8.153836102804355983e-04 -6.846896099544077727e-04
-4.969635737090446863e-04 -4.562291250679401610e-04
-5.709966031296069599e-04 -4.704576492466313090e-04
-3.037776820014420842e+00 -8.067551116685658386e-01
-4.821275443187599875e-04 -4.437872566831408457e-04
-6.858517111901497572e-04 -5.916800624166344965e-04
-6.362577281183679975e-04 -5.945138741329527264e-04
-6.072057462015476937e-04 -4.761265211580227716e-04
-2.644551711028082508e+00 -6.975324235675215423e-01
-5.225739266289008067e-04 -4.740316045519285125e-04
-6.707508092507898740e-04 -5.480517944320723468e-04
-5.596509895351390197e-04 -4.637071250624193479e-04
-6.253572274605424764e-04 -6.207565899158825045e-04
-5.118148330270206030e-04 -4.679239010235581447e-04
-5.843184326501257297e-01 -3.811777391967449136e-01
-2.654440787971027671e+00 -2.884712047969391624e-01
-6.360830153294289848e-04 -5.634527353275674841e-04
-6.401232927920300249e-04 -4.464376527153299137e-04
-5.852919884717919848e-04 -6.433616056818056627e-04
-6.551495379732757886e-04 -5.851443716101564991e-04
-3.088514512485983854e+00 2.082563147847418528e-01
-5.643852935108059762e-04 -7.306289017138279393e-04
-6.354323080938245518e-04 -6.132292558212999820e-04
-4.877220336333783490e-01 -2.572567313307774217e-01
-6.421201598233747341e-04 -5.335641168896527314e-04
-5.610268960336910974e-04 -5.001697777648958509e-04
-5.819276344782551864e-04 -4.708370681498597705e-04
-5.840373335902480142e-04 -5.568723068998382561e-04
-5.706495828561231791e-04 -5.135375827311449131e-04
-8.156282382689198848e-04 -5.909951549284171842e-04
-5.846926508352095347e-02 -4.061898330893327913e-02
-7.840904319600991825e-04 -6.358355333022686247e-04
-6.746535135308933664e-04 -5.980436986780116385e-04
-5.048388714636612914e-04 -3.783115320737783643e-04
-5.600688869447238748e-04 -5.897756340160057766e-04
-6.599166969923851147e-04 -6.439090560205749155e-04
-5.525441830322798441e-04 -3.915801921510319986e-04
-6.497557718475275310e-04 -6.408385137860654699e-04
-7.150806319210492243e-04 -5.412591606785159461e-04
-5.502420024994117507e-04 -4.101724179849273121e-04
-6.208815418929247319e-04 -5.124246081727564439e-04
-5.691107869545861900e-04 -5.066910594621111021e-04
-5.995479023212259544e-04 -5.695608143922871024e-04
-6.402459792289566087e-04 -5.202060631618377930e-04
-6.941001207758893017e-04 -5.133259269626795976e-04
-1.775171934954211661e+00 -6.964644069017171812e-01
-5.624271112629394007e-04 -6.074977312683847415e-04
-6.166807866497803475e-04 -4.458416836333060950e-04
-5.157949488889683508e-04 -3.256104134037803867e-04
-7.994983621199616697e-04 -8.239985218936163704e-04
-6.316075276237910789e-04 -4.355854439857438924e-04
-6.331185823827712453e-04 -4.940209819608838791e-04
-6.798209402639331534e-04 -6.113896810385863623e-04
-5.962830771326287039e-04 -5.498640618854849695e-04
-5.812404514069785403e-04 -5.297601525520089991e-04
-4.449578110001098374e-01 -3.208834115548425681e-01
-6.501823259902101033e-04 -5.254537803348425856e-04
-6.575795327767231706e-04 -5.985151260946020837e-04
-6.524149577126200699e-04 -3.983312608921966047e-04
-5.964110335959229518e-04 -6.537124797140866830e-04
-5.445393298121443092e-04 -4.961840570823828657e-04
-1.727523454125982072e+00 -9.624076070091263091e-01
-8.513819507887245659e-04 -7.353534207232710054e-04
-1.705663705420291887e+00 -8.424536469194633392e-01
-4.122574707555612893e-04 -3.760068740636252071e-04
-5.931482926795719236e-04 -5.559716370294193882e-04
-7.267007820516306399e-04 -6.078985427345622071e-04
-6.212207324880118873e-04 -5.454528015810608402e-04
-4.837276495376298304e-04 -3.991078419924895646e-04
-6.990857480366131265e-04 -5.187509802798524142e-04
-6.166184994829812180e-04 -6.517361650305146265e-04
-2.034069773397515490e+00 -6.501666595336943466e-01
-5.628279791731866620e-04 -4.048716057358180110e-04
-5.492478540164144390e-04 -4.372206084798446811e-04
-6.926785374553389796e-04 -6.812148316148709066e-04
-7.323226068217957062e-04 -6.730584207366157191e-04
-2.308187778768694631e+00 -1.033728833440979988e+00
-5.619641591681280883e-04 -5.112608400905598689e-04
-1.959687407356396127e+00 -4.066175304289742359e-02
-5.415438406755799464e-04 -5.778553943329433088e-04
-4.967865965937637946e-04 -5.123157162635401819e-04
-5.724929508299766772e-04 -5.027456213749101560e-04
-5.120044646853465567e-04 -4.267567852918745285e-04
-2.370165743457933072e+00 -8.921532233759098540e-01
-6.774151062739210919e-04 -5.920689099085092808e-04
-7.399504236430534329e-04 -6.191506739888618521e-04
-5.347539165576253774e-04 -4.199527547124658287e-04
-7.388361743824749164e-04 -6.594202595767749767e-04
-4.772124538837447410e-04 -3.918525209844098980e-04
-6.287278288786956465e-04 -5.120452887921136302e-04
-6.637711086577760934e-04 -5.327009935530422399e-04
-4.997008935606893658e-04 -3.184064605114590718e-04
-2.358098724145535563e+00 -1.005972164948997882e+00
-6.122793638689299654e-04 -6.483108803139253033e-04
-4.780915157373960816e-04 -5.029584606806021367e-04
-6.219143144351640994e-04 -4.879067911130227750e-04
-3.805522663585942365e-04 -4.106293057966674221e-04
-1.758399544392417857e+00 -9.248168958338975898e-01
-7.089969569322616613e-04 -6.410609953821714809e-04
-7.199505876644790537e-04 -5.552973958608342989e-04
-6.391354210522953369e-04 -5.451446443257173570e-04
-4.254015937256130551e-04 -4.441010179253344708e-04
-7.235825435137214004e-04 -5.989201922562666439e-04
-6.276284955536855182e-04 -5.025461947447358363e-04
-6.911857198952016954e-04 -5.296415435544089140e-04
-6.597683800546024022e-04 -5.879273471076330252e-04
-5.286861723013932049e-04 -3.503699252323751504e-04
-7.520947359770661011e-04 -6.638740131885442850e-04
-5.782577733623579753e-04 -4.766433362943588528e-04
-6.023511597248224457e-04 -5.341445704102062248e-04
-5.926518378924818800e-04 -4.728497168466153913e-04
-5.665139147085116681e-04 -6.246785363329997523e-04
-6.527828168694763296e-04 -4.731138727943107235e-04
-5.956179020695753952e-04 -5.075109048027737994e-04
-7.188370431378611784e-04 -5.440901691746786095e-04
-7.323923952177406995e-04 -7.210663835309070362e-04
-4.307393934916821875e-04 -4.178221864579488923e-04
-2.917979303750564135e+00 -3.621711642198675030e-01
-6.429725545890168639e-04 -5.547012746530808778e-04
-5.961082723044126667e-04 -4.798221542355884136e-04
-7.415502758095728801e-04 -6.522404719305634245e-04
-4.412637347543632614e-04 -3.430143905406361727e-04
-6.088833010686978088e-04 -4.391578546515184167e-04
-6.851824587029839084e-04 -6.428995124269301512e-04
-6.428869604563279246e-04 -5.338541401906668569e-04
-6.194829344977317766e-04 -4.229275312567937358e-04
-7.037426534873937947e-04 -7.192874071268620488e-04
-5.643374824422111137e-04 -5.416599181086660230e-04
-5.913636207387349590e-04 -3.901181320902678763e-04
-6.354631549808670721e-04 -5.505072429596348255e-04
-5.564789380182160183e-01 -4.381425025925088090e-01
-5.638602117949290810e-02 -3.271774008277146539e-02
-5.787914278748321857e-04 -4.933809667661467066e-04
-6.157187943879020462e-04 -4.702409233772171060e-04
-6.303318468840111944e-04 -7.192949945020283512e-04
-1.827200152256702737e+00 -1.194696601454307672e+00
-5.178148587728168689e-04 -4.003615794071207091e-04
-6.011722673525284315e-04 -4.737054299038969242e-04
-6.494771808314625181e-04 -5.269349233357603418e-04
-6.263691163521382032e-04 -6.014957517999151414e-04
-5.317007920488601687e-04 -4.844493511434472960e-04
-5.687459265176190862e-04 -5.040701893910816108e-04
-4.403373032639505968e-01 -2.700732225841696033e-01
-7.034923971463994318e-04 -6.245177083130360428e-04
-7.605300575371950990e-04 -6.337843710647588641e-04
