3.150295526970958715e-01 -4.084607837532089336e-01
8.372361918642393314e-05 4.102217980761646988e-05
4.179095674229700297e-01 -6.072381596770335399e-01
-3.452736856284075589e-02 -1.237917696605026485e-01
-4.928814602349238335e-05 -7.745141755893271678e-05
-3.102937428597960754e-05 -5.544599149965870414e-05
4.632198274936799587e-01 -7.098523295933277799e-01
4.875232831623670382e-01 -4.791826984275069368e-01
-1.266862042744496061e-05 -5.174506648569769147e-05
-1.206041503240190027e-05 -7.182788138954290900e-05
2.354380489660963527e-01 -1.277297442253024218e-01
4.973094871537433459e-01 -7.929732604656866135e-01
-4.910462346305567380e-05 -7.921292589916696138e-05
2.361675862752238009e-01 -4.025949611752541735e-01
1.764253233827046130e-01 -3.626604776767672900e-01
1.147939692565384945e-01 -5.099039384297906347e-02
2.220980750798470515e-01 -3.140709597366325712e-01
3.818184860679726955e-01 -5.394907753923736671e-01
3.822990252205586414e-01 -8.883237909385424125e-01
-8.484887418726925961e-06 -7.346178354296585479e-05
-4.357475314377694427e-05 -1.064513995539922964e-04
5.178626068900092916e-01 -3.108996887486102367e-01
-2.419102863175713768e-05 -2.793524514569216353e-05
5.800990541909392118e-01 -4.067811762541777565e-01
-4.869286147248932597e-05 -1.463785847427969756e-04
2.651184867395641187e-01 -1.414378341426353325e-01
1.838033262357263442e-01 -3.972878338501279472e-01
-6.462159581765143201e-05 -8.036172572473486268e-05
4.699269660013541405e-01 -8.086004488076748986e-01
4.911614873296614170e-01 -5.327443119404933203e-01
2.932349203362105694e-01 -3.602236497167245477e-01
4.246913343000101038e-01 -5.234954937939717556e-01
7.531510023191247474e-03 -3.988098374081705533e-02
-2.594102703583718982e-05 -7.509554168747835899e-05
3.356502385289176216e-01 -6.094100458728127778e-01
-9.627545985082487656e-02 -2.812904792596105930e-01
3.435948887160075182e-01 -4.783171142153269662e-01
4.128495819635881747e-01 -7.197481906435684307e-01
4.134211265648817246e-01 -4.322435278879478981e-01
1.991719798604115466e-01 -1.614955637306268454e-01
-9.777199941363805586e-06 -5.178441445630082630e-05
3.517011586674825274e-01 -5.885753459607497851e-01
5.314298516563038532e-01 -4.677115582090460300e-01
-3.088687154655778535e-05 -8.630312042303789170e-05
1.594122234810715633e-01 -3.992632967366367414e-01
4.041150909830801274e-01 -6.939669061112323512e-01
2.107999520368545043e-01 -3.925862432835077742e-01
1.901069323033512393e-01 -3.856509222728949360e-01
-3.030936692180294620e-05 -8.244969721318930525e-05
3.959559360636253356e-01 -3.352152987255661021e-01
1.969166043278020028e-01 -5.381406203247550701e-01
3.272725510198562504e-01 -3.700273356734846142e-01
1.551101941822102259e-01 -6.599261555731366080e-01
2.110354078194198372e-05 -1.756568648905548979e-06
4.421032208576933797e-01 -5.238688633774450931e-01
6.432665874303187259e-01 -8.182859497271547378e-01
4.032910026478406446e-05 4.033694251796911577e-05
2.327912602081192439e-01 -5.061499403901191796e-01
-7.486106857418475596e-05 -1.110541283139310112e-04
4.824061515354557406e-01 -6.130595812970069947e-01
3.099272349744933153e-01 -4.539142336451773563e-01
-2.597657972418906385e-05 -8.511894765605626848e-05
2.802670059423965077e-01 -5.434473941806944319e-01
4.290105450322534431e-01 -2.581249863854707116e-01
2.163298292359698283e-01 -5.136990527702299802e-01
-1.621750786654748281e-05 -6.975771119848244686e-05
4.418726627272584473e-01 -5.314360223531283678e-01
-4.273351305706225045e-06 -7.161613701917398820e-05
1.906526274560570444e-01 -3.887158060143976468e-01
-5.727105571041525939e-08 -6.067548037314757540e-05
5.279210628465410560e-01 -3.197375566464101815e-01
-1.300835133337150548e-05 -5.880190477594145285e-05
-5.379804609439339374e-05 -1.189186705357852240e-04
4.863138717519006060e-01 -6.628758451686602715e-01
-2.776009325637111613e-05 -5.218051350024668970e-05
2.095957116886042748e-01 -2.881804039822308816e-01
3.712752932668724193e-01 -6.236620964081321938e-01
5.116768335432559933e-01 -7.067685606047744429e-01
-4.470581244697052552e-05 -6.998196514437219804e-05
2.424126435979624683e-01 -3.157701528525076462e-01
-4.723770683213394245e-05 -9.141855872414553360e-05
-7.473431835789507404e-06 -7.756183688111617589e-05
6.081648608250200816e-01 -6.316897932188574316e-01
-1.499794487449947241e-05 -7.155610827756183386e-05
1.946794006328314841e-01 -1.839666003091961488e-01
3.351984211964205707e-01 -3.962241614608095208e-01
-5.798515564514823331e-05 -1.203762815236967301e-04
8.196459373045944519e-01 -7.230228935474440899e-01
2.416186005163933059e-01 -2.757785451041319114e-01
-5.460303728550357477e-05 -8.526836030582521202e-05
3.630251350565842916e-01 -4.631734539078159463e-01
-1.534592705118483771e-05 -4.583126291341243802e-05
2.744708491149673857e-01 -5.911368448496409078e-01
-3.351650973577267732e-05 -6.511788839766318078e-05
5.652753233126849297e-01 -5.944708822232541712e-01
4.075741021695146737e-01 -1.637120991054565877e-01
-7.659135844997708327e-05 -5.461604607872070716e-05
-1.388127219798305905e-05 -9.481122614801330427e-05
-3.961383588485159870e-05 -9.058713413662751056e-05
5.093634125694318504e-01 -6.697995300063894764e-01
-7.538886391768036340e-06 -8.914175049565229727e-05
3.237807439495439255e-01 -5.541412021133672594e-01
-2.171030821048801912e-05 -7.997880197673671394e-05
1.830244515880873335e-01 -1.505301667824077150e-01
2.934252389704605779e-01 -4.656073258417559591e-01
2.004233342781653049e-01 -1.556799267972004408e-01
-1.692641876670480661e-01 -3.353250062194502168e-01
2.731718945088037476e-01 -4.116389923466410306e-01
5.062572773403961612e-01 -5.822115390460945727e-01
5.050376351935850217e-01 -7.794864952851074946e-01
5.816153600111423350e-01 -6.522970689709621794e-01
4.178187244074516027e-01 -4.775725371049328039e-01
-8.051862000343829636e-05 -9.093008723983719247e-05
3.745180435412145958e-01 -3.475632342915656037e-01
2.007444493007257968e-01 -4.842897317226271259e-01
3.100566499253630814e-01 -8.575800313183394585e-02
-2.113465412626052710e-05 -1.799226465383642649e-05
5.304806088962701338e-01 -8.733638936583220103e-01
3.230016068747289526e-01 -5.232433559855826921e-01
-3.894562748071745133e-05 -1.214107482712189308e-04
5.277318573164714310e-01 -6.926333630323369128e-01
-9.343624415733225541e-06 -5.120687453631840060e-05
4.013372640465027175e-01 -7.402593169282741803e-01
2.246749646531220612e-01 -4.424035791910809201e-01
8.810651270126697315e-06 -2.790100214089061397e-07
4.813809226867886296e-04 -7.836029242288182484e-02
-4.096894210654525385e-05 -7.272262855069697705e-05
-2.561165748302131047e-05 -7.529721954764996518e-05
4.213445463411907288e-01 -4.702784180343808629e-01
4.320802586048765326e-01 -3.654402367533162721e-01
4.481523982239888904e-01 -5.292621229902700897e-01
-4.534985281697821214e-05 -8.682324074551619271e-05
-1.749514115830044938e-05 -8.016377536281489227e-06
-1.112338572520975318e-05 -9.048018772377646607e-05
5.544487402756762551e-01 -5.739261273407194608e-01
3.419397982119385948e-01 -6.003017930839728011e-01
-5.388338846210102698e-05 -9.720906635874052113e-05
-2.119914099773449571e-05 -5.012562358197359986e-05
5.891507155331269230e-01 -1.588397324747061190e-01
3.722867169832446144e-01 -7.500431326595004000e-01
-4.892703541618617646e-02 -1.096689805547974156e-01
1.019676368856170203e-04 2.677370764035374019e-05
1.511020961522196171e-01 -5.524917342296360445e-01
2.199482559075061627e-01 -3.688935925392706205e-01
2.968506243181663340e-01 -4.164210602535805550e-01
2.675663298300092752e-01 -2.958373366135143012e-01
3.056155813796260223e-01 -4.882868822016036559e-01
4.133953061458675027e-01 -7.568371734821450758e-01
3.405433540647385682e-01 -6.618003884859479102e-01
-2.509743193322405477e-06 -8.295262481928683291e-06
4.253806192717301538e-01 -3.618313681501406087e-01
4.155069018832245886e-01 -5.783683019756327148e-01
1.989113141560545084e-01 -2.921659876719634452e-01
-5.357074738269395161e-05 -8.562877706251637076e-05
2.983966139196126965e-01 -5.751096885438473638e-01
4.563486076924208046e-01 -5.247261339447694128e-01
4.191175574638815737e-01 -4.452427950594490813e-01
2.692418014046000230e-01 -5.391827921859315698e-01
1.552574085888787925e-01 -3.532730523158675862e-01
-4.419748151108484675e-05 -7.903789769892380465e-05
-1.191168653729554800e-05 -5.005178610466824328e-05
1.097680711092004213e-02 -1.009998416733306620e-01
3.228559761635147463e-01 -4.426500147863047241e-01
4.071053459106504513e-01 -2.976621765227380201e-01
-5.135222562172686003e-05 -7.656514481397118138e-05
-1.337281233862745974e-05 -7.281477420711712821e-05
5.367919217326415637e-01 -3.127599480216947114e-01
-5.679913037888929437e-05 -1.454230639234034290e-04
2.680663293264983760e-01 -3.471758628817643300e-01
9.504041784937934667e-02 -3.004265359859188966e-01
-4.131479813986447305e-05 -5.896963748913276846e-05
-1.955895576503162376e-05 -4.834504251317881456e-05
2.494091119825909697e-01 -4.194167339106392722e-01
5.539662759340577836e-01 -1.047193517896493065e+00
5.454331887992610595e-01 -3.198592052148286347e-01
4.127424420003954486e-01 -3.844559629194986283e-01
2.087985055769231435e-01 -1.105275904493247252e-01
2.278863433007687067e-01 -6.019049433303321761e-01
-1.561185492791705468e-05 -5.622879939893758668e-05
-3.054798435204946714e-05 -1.303053096312317802e-04
-9.356900145800890972e-05 -1.579599534867037053e-04
4.646930464948615946e-01 -6.352561725686360905e-01
2.884307637960665249e-01 -3.164126204114605101e-01
2.258209168382847298e-01 -1.737920365066368822e-01
3.174435870856028297e-01 -3.609704015313114356e-01
3.131953927990455688e-01 -5.792213188488332110e-01
4.482565377772433912e-01 -3.222918096329199789e-01
-4.396039800838508541e-05 -1.108813574405233986e-04
3.795719207000732287e-01 -4.837149395961177767e-01
-2.901872196612680416e-05 -4.987535077770129148e-05
1.202324695820102540e-01 -8.247073608283365942e-02
2.542367965769283256e-01 -4.014224700917516930e-01
-2.761060677813929477e-05 -7.701653407452208402e-05
6.119476754407003893e-01 -7.172009950540427781e-01
2.506259706163148637e-01 -6.074819291573604341e-01
5.253432549618237690e-01 -4.392144995017934206e-01
-5.608199196883973227e-05 -1.150148472609586510e-04
-4.519335367740968061e-07 -5.983073352947837075e-05
3.835124794358631406e-01 -6.690089724466057319e-01
9.686281302668026116e-02 -1.032539777360644978e-01
2.472236533809779313e-01 -3.745446565069364686e-01
4.420052884269753402e-01 -4.859816387043545127e-01
-6.989813151723209619e-05 -1.402326522617599388e-04
5.302958526916299320e-01 -5.316622822506020807e-01
-1.578711916518301075e-05 -3.695993627927071000e-05
-6.335302714141529670e-05 -8.726111878802808293e-05
5.340468603195462904e-01 -6.517076273783719564e-01
3.144598647118168055e-01 -2.983869432729225890e-01
3.344804317746504774e-01 -4.400622163115737173e-01
2.495649920320615889e-01 -4.776938743984150970e-01
1.902522810380673501e-01 -3.560844889211315922e-01
3.887148221278576288e-01 -5.691459527855072809e-01
-2.382076662150873371e-06 -3.925440329373658215e-05
5.090023962897172183e-01 -6.913103334951082868e-01
1.010557647325862479e-01 -3.761685009213917574e-01
1.235529754250426215e-01 -4.220042466637997647e-01
4.136751172123558917e-01 -9.270058453190307413e-01
-4.734034753273494146e-05 -6.199391615634772658e-05
-2.359126171780386022e-05 -5.897805842319873678e-05
4.390557835446291524e-01 -5.880397360029941678e-02
4.294810815286416293e-05 -1.182788359591238045e-05
3.885336199010791525e-01 -4.389605381392201466e-01
4.460146303619199060e-01 -4.707746108504322069e-01
-6.042107360023031066e-05 -9.988194683210553225e-05
-4.509095071243648017e-05 -1.027527723973535909e-04
1.436093662349198496e-01 -2.543946538533494728e-01
4.980582973434946048e-01 -4.085925777519719970e-01
-3.448095914070446321e-05 -9.304571779209758436e-05
2.967128664139993544e-01 -2.545148697699305962e-01
-4.244314823912309127e-05 -1.403803531876079383e-04
4.399994553364299232e-01 -6.548587333648788755e-01
-1.808228885172583013e-05 -1.743087981996116302e-05
1.755530035919737053e-01 -2.602529020563955631e-01
4.727661741440168375e-01 -5.336118974462638054e-01
-1.273890341828761569e-02 -9.885747378392088780e-02
-3.089549971039080509e-02 -1.307082217886536835e-01
4.098236875629610298e-05 -6.705778975615762345e-06
2.910450130063718666e-01 -3.343498069246042537e-01
3.545378977328771386e-01 -4.032960898002329042e-01
-3.261694353465938715e-05 -7.264199787137894950e-05
-7.805567915398978478e-05 -1.149878113226424125e-04
1.577354111429105921e-01 -4.478917882452448374e-01
5.527249914137681852e-01 -6.160251497200593951e-01
2.968426298483411441e-01 -3.418501260575862455e-01
3.646968904981774395e-01 -3.087141587837064494e-01
5.095284382433056258e-01 -4.405455087300091388e-01
3.690759241258252943e-01 -4.249318483946965541e-01
-4.736934466534424554e-05 -8.037069570559994525e-05
8.440065997007756282e-02 -6.810554696102224526e-01
2.973678453162314494e-01 -2.681377636524467922e-01
3.718373839115466373e-01 -3.512958969738847470e-01
6.143721903689912667e-01 -8.879444146742125898e-01
-7.418102131234750320e-05 -6.296063737573244089e-05
3.990408545399466433e-01 -4.505454674951050453e-01
2.291690755494293075e-01 -4.562280182209230150e-01
1.407821306722141785e-01 -4.667136859413658634e-01
4.024295497005501154e-01 -7.566706864636963958e-01
-3.669310209189665246e-05 -7.104475148799983201e-05
3.798215470120347992e-01 -4.669528897402248080e-01
3.746347465925984332e-01 -2.192347547833143062e-01
-1.977799641460300880e-05 -1.240470424905038319e-04
7.173391721987223740e-05 9.794116407317085803e-06
4.062553393712500238e-01 -4.522258848398997277e-01
6.972244452947181490e-07 -4.518369668000814140e-05
-1.076378064258821515e-01 -4.026464559045668801e-01
2.072486890250398728e-01 -5.007870379297345576e-01
2.520323180890236547e-01 -4.395770913295236615e-01
5.216856331963525273e-01 -4.561164806010402084e-01
-1.568247622043659288e-05 -3.400861686431972628e-05
3.453158381227169893e-01 -6.894190627535523586e-01
-8.651219742494515731e-06 -3.943233556477870031e-05
4.264734700332120654e-01 -5.430471926448035003e-01
4.494855855837976422e-01 -5.660203781430803716e-01
3.718293198332026789e-02 -2.889071059399538344e-01
3.257081964188248135e-01 -6.270999724945852671e-01
4.752248522074280007e-05 -4.997015616668271170e-07
5.035346647280666277e-01 -4.424002879616111272e-01
-1.966690702714353490e-07 -8.549539488632691914e-05
-8.794949203342217886e-05 -1.078945483312539856e-04
3.365152754153744041e-01 -5.926430390715582419e-01
-5.168082216961719075e-05 -6.193709907212954216e-05
2.417494853104335830e-05 8.354138540660143412e-06
5.768370794362254195e-01 -7.329578082942513895e-01
2.990251001075345250e-01 -3.103219137009093354e-01
-2.508555509163849158e-05 -1.519265045978795210e-04
-1.204145975122450443e-05 -8.795236733713942295e-06
3.369640578274936223e-06 -9.426691692048847870e-05
-4.344263793822216906e-06 -3.827472348111995640e-05
5.247845990530987104e-01 -7.449765357559191559e-01
3.562552061822315541e-01 -5.882489601313087846e-01
-6.562288428096433300e-05 -1.008403792091613763e-04
2.678365346279423798e-01 -5.881440895993778062e-01
3.712289451512498784e-01 -4.462269059849505726e-01
4.477068697547961218e-01 -1.630330472383657858e-01
-1.792456451692932973e-05 -9.377227226444441129e-05
4.784129593033961680e-01 -4.922969274430991637e-01
6.189872522760841285e-06 -6.134439037231120525e-05
2.909333652156606662e-05 3.304788201490617974e-06
9.942380178430468285e-02 -4.120642643516840842e-01
2.644729242001637726e-01 -7.667860027397618294e-01
3.338576865924379189e-01 -4.450722957564737237e-01
4.646877832006479636e-01 -6.987332755383736105e-01
3.062730042791498852e-01 -6.654538416508541943e-01
9.477751056085683770e-06 -2.819211854428252802e-05
-2.052225330193074851e-05 -3.388732792396202160e-05
1.149750856246158602e-02 -1.952562613545535605e-02
5.628187240841014960e-01 -7.327220871549852133e-01
4.548101920096382367e-01 -4.983456788655240555e-01
1.881174221169374175e-02 -1.630450747415960466e-01
-4.041613214448801353e-05 -1.206342766652420914e-04
-4.876848108225879870e-05 -8.969684512974986340e-05
1.316445474657216008e-01 -1.913328866636636594e-01
-5.376866717428938416e-03 -1.198963391092644840e-02
6.019474641508515411e-01 -8.386187570648616640e-01
9.463190050041492664e-05 2.886931575620788038e-05
2.741762166266271117e-01 -4.680281192859848671e-01
3.175631518638914321e-06 -9.816303958922010121e-05
-3.202583215456300292e-05 -7.422606210820236047e-05
3.202173526483249044e-01 -3.463761104020212089e-01
2.278282391394620687e-01 -3.490435422395092302e-01
4.302610631446883160e-01 -8.536996931713820569e-01
-2.047710545599503839e-05 -7.101264016777881691e-05
-2.546023992070655227e-05 -3.814190350639114929e-05
-1.232787582531219096e-05 -3.237724131498641089e-05
6.715059267964110790e-01 -5.868012257293920841e-01
1.968637708345510051e-01 -4.422177256658929578e-01
-2.605886266172926534e-05 -6.131495492818580422e-05
5.135761506331877335e-01 -7.002061907371647242e-01
-1.967287914960361495e-05 -1.023516068491945219e-04
2.668966540278454036e-01 -1.176463498483840409e-01
-1.455359338702504393e-05 -6.453447931954309745e-05
2.182093512985609917e-05 1.059061266431254930e-05
2.783943180866051458e-06 -9.179298892776869970e-05
3.201074154014213469e-01 -4.963478858700484664e-01
8.639957178878934774e-02 -3.664050276009426788e-01
2.699035943251587022e-01 -4.822142223721031518e-01
-2.439397958198659610e-06 -4.353612510133410886e-05
-2.456922593149843263e-05 -6.216041719620932942e-05
5.555314502434525181e-01 -8.526777912875557197e-01
2.533213325369589874e-01 -2.449905043754265488e-01
4.281024000134728835e-01 -5.588680069756100099e-01
2.871904177947965375e-01 -2.502131222090331897e-01
9.770267332968050186e-06 -3.616983201254943574e-06
2.665881115992500550e-01 -6.533684143466113037e-01
1.700948398078040158e-01 -6.430025665837558746e-01
2.599889470820183068e-01 -5.565554150630784846e-01
3.980693282672654321e-01 -5.529181369875428853e-01
6.074709357674681650e-06 -4.023827898788384067e-06
8.645483364153824790e-02 -3.491598925597218517e-01
4.639756494424705502e-01 -6.835401610284354001e-01
4.234418289634667154e-02 -4.570639132674737537e-01
-4.617557491301260009e-05 -6.919850861375901664e-05
5.017256784968721073e-01 -8.260860394888656089e-01
7.755422982003300930e-05 2.122813505615715277e-05
3.873656836747724763e-01 -4.808888820320837421e-01
4.002932620554658927e-01 -4.614806623721611212e-01
1.929452898925697601e-01 -7.124912070423666810e-01
9.345361148131868523e-02 -4.017905762991706431e-01
4.673314295425431419e-01 -3.958298536552500857e-01
1.721578587316762685e-06 -3.238770145464033099e-05
-5.278249397533686221e-05 -1.304984173186152620e-04
4.352478692142575656e-01 -5.507493927795406030e-01
1.191779548763073210e-01 -1.402861404553039093e-01
3.271700585548587559e-01 -5.262458912117272680e-01
3.082370548064684024e-01 -2.773795718972822399e-01
3.334634454184433050e-01 -3.222825774239103658e-01
4.511333119076275655e-01 -8.961596214157536711e-01
-1.890627100740078053e-05 -7.357436938399607119e-05
1.484732554187423279e-06 -3.705572582586014581e-05
2.185715334833044088e-01 -3.373900096124369807e-01
-2.342771319574130616e-05 -2.662824518533330595e-05
4.390730019878494872e-01 -6.544541311947768003e-01
-2.450265713588513597e-05 -6.280562904111789291e-05
7.598659270766391360e-01 -5.526793777936263030e-01
-6.845385591455662713e-05 -1.189246932329501854e-04
-5.293117512598995465e-05 -1.014271073114922286e-04
5.460800606662316037e-01 -4.380662750891748392e-01
6.073651767066708951e-01 -3.783200259235841578e-01
-4.717744177661661702e-05 -5.246119627081869411e-05
3.633133206058302145e-01 -8.278143934747900223e-01
3.591844042110345359e-01 -6.651934978117156616e-01
1.683283237079231109e-01 -4.217525894486846560e-01
2.446452585375403499e-01 -2.567994698117132546e-01
2.698721878319542133e-01 -1.886495084951917700e-01
3.325436530634027776e-01 -7.205875923648784598e-01
3.485973147956057949e-01 -6.428441022220779955e-01
-5.840949299903806661e-05 -5.960569790973974097e-05
3.185628917129478266e-01 -6.892375238153923833e-01
2.195736604506894618e-01 -3.443306580979959564e-01
5.848847245682085028e-01 -3.998121752546318630e-01
-6.751236496920363559e-05 -9.139288297111231800e-05
5.584966885916201607e-01 -5.371737715463087426e-01
1.418974819385552533e-01 -1.669509950690595268e-01
5.915934574105489174e-01 -6.099307940426567098e-01
-5.188486069302325476e-02 -2.619407885599159269e-01
3.770989610371680567e-01 -6.077346973167945254e-01
-5.505784244532773449e-06 -2.986584999374753620e-05
-1.441574504171932337e-05 -1.745119888189301281e-05
5.371333010428962496e-01 -6.582872418280950599e-01
3.728693680249746123e-01 -7.882658154860615607e-01
3.694570916300895513e-01 -1.186980248337718147e-01
2.741363422411317030e-01 -3.004115278777290676e-01
-8.096390254656415496e-05 -1.543600812357473560e-04
-4.066336909429430591e-05 -9.708559570203140036e-05
4.542854676770214373e-01 -4.979079111338353125e-01
2.651947131031325289e-01 -3.425568492256735320e-01
2.963257899041435439e-01 -6.223366011882708326e-01
4.661113418297657129e-01 -2.266268485452185011e-01
2.847342073679283714e-01 -6.685667436512439110e-01
-4.418863047422450196e-05 -7.927784572480170693e-05
4.054217777198766970e-01 -5.327281004731518887e-01
2.131257697378542426e-01 -3.371668153049013905e-01
-4.566972657307601449e-04 -1.503632109054720738e-03
1.409563089957687237e-05 -4.292226759966858655e-05
1.538595789690598847e-01 -1.791149759786713480e-01
2.646326109048574016e-01 -3.896656225121811756e-01
2.444660336925098820e-01 -5.022741986040666351e-01
-3.417007579832497997e-05 -3.979930276803902295e-05
3.073521630778059954e-01 -4.608514708231670198e-01
5.680875883140027449e-01 -7.043721473094808339e-01
2.710110343589669513e-01 -2.084216078487368673e-01
3.059137601675803955e-06 -5.538826200378046624e-05
3.268275794724603278e-01 -5.283085876974983330e-01
1.562974190124616913e-01 -8.179112072998000471e-01
3.262484438913208495e-01 -2.378733048242045456e-01
4.230272355176454280e-01 -6.338772302696384919e-01
4.262261996450704138e-01 -5.158370337384086124e-01
6.186101980764648900e-01 -6.610345698269101122e-01
-4.988521815442655151e-05 -7.327717922453535571e-05
-3.191684202274509857e-05 -3.287726375381139107e-05
-2.378797874275698413e-05 -4.981451542415009143e-05
2.940330135959683400e-01 -5.320156463032389427e-01
2.494073618935718772e-01 -3.503809694362535199e-01
-7.618830942063546549e-06 -6.934409650472811025e-05
5.402906706608483489e-01 -6.642053725508002548e-01
8.398815546415391625e-05 3.266732086687550667e-05
8.912938769009190465e-02 -4.463779289371355152e-01
5.856956853193231449e-01 -5.332162380046530092e-01
2.566009177235253902e-01 -6.522301303212045820e-01
-8.595146845017618284e-05 -7.213813807409819522e-05
2.777220983098489526e-01 -3.364925781493994794e-01
2.135285542531646652e-01 -2.285150170484850085e-01
4.394540290639775693e-01 -6.051114859767762200e-01
2.462100472353001834e-01 -5.341349332700647823e-01
-3.227686674588813612e-05 -1.015197450602825957e-04
4.017793231227667072e-01 -4.493113836872940636e-01
-3.057530603173017427e-05 -5.855871150969652186e-05
4.484533498156502707e-01 -6.257488491363809580e-01
-4.802914053178055905e-05 -6.898193661838546587e-05
5.070115287539879168e-01 -5.963644711132625176e-01
3.854065380391424323e-01 -4.916060235126509248e-01
2.662889725582690548e-01 -2.363818481092426205e-01
-2.368779097018211853e-05 -7.572660050069697838e-05
5.846048607203648828e-01 -8.343833470546930808e-01
-4.002011987455247026e-05 -6.173214509517183709e-05
6.645128700287810108e-01 -9.029056103957137092e-01
4.533685876380547097e-01 -7.085551330324204589e-01
1.718424658349271550e-01 -2.264337928233374209e-01
1.585728071637398373e-01 -2.601203806031353594e-01
-4.297332932085632778e-05 -4.222113492517211715e-05
-9.525370454893815342e-02 -1.578664688306998798e-01
2.204941008892979393e-01 -2.688619949682842236e-01
-2.704496880108995580e-06 -4.772299047831748899e-05
4.114265201267531258e-01 -7.638259705788228437e-01
6.410308183572519525e-01 -7.581977000107303910e-01
4.012648853699181672e-01 -5.955103552700214964e-01
-3.929075705149483508e-05 -6.071167567928157716e-05
4.006780086395084761e-01 -1.282032035016884564e-01
4.208180798548859514e-01 -8.792972507354812617e-01
1.343837721145115516e-01 -3.643832010010387701e-01
5.633108183883441811e-01 -1.083730141668579172e+00
-1.612188469536698362e-05 -3.421168955906074549e-05
-6.076760912505256503e-05 -7.726450150584193819e-05
4.831336797477773226e-01 -3.775896925425467066e-01
4.081317477195248178e-01 -3.312773161495521923e-01
1.364687353247693828e-06 -3.859529758288456872e-06
3.397201425164144140e-01 -2.999513370338518503e-01
2.014299595004445109e-01 -7.393882989707942777e-01
4.182512836980783466e-01 -8.245585957133029220e-01
2.763069754872907735e-01 -3.242905855290062478e-01
4.179648615344740414e-01 -6.519351912559180340e-01
-4.336071591550232779e-05 -4.482716540929149813e-05
-1.344503725260860847e-05 -5.597840186814431713e-05
6.059874691365403354e-01 -7.385660266507249050e-01
2.990815786789656205e-01 -3.936131030230501926e-01
-6.277052104102230938e-05 -9.586880875172041705e-05
3.273901245832804840e-01 -2.738330035666274864e-01
6.514933576906434265e-01 -1.051316253859991168e+00
1.255984425067497579e-01 -3.056341976850604492e-01
2.987518273664201418e-01 -2.194644693683362180e-01
-4.973171288450683992e-05 -1.136260960027478108e-04
4.679833010380964886e-01 -7.139846288405555796e-01
5.614441997290010589e-01 -3.683066043307057780e-01
5.502416106562273423e-01 -4.210712388738367951e-01
-9.727228170837024033e-05 -7.760033146574072164e-05
5.113164176461033605e-01 -9.059222885436712946e-01
2.785816280875077489e-01 -2.504600874483664530e-01
8.670515436850823043e-02 -3.280095317778447539e-01
2.152169699562012926e-06 -7.700558537830533019e-06
1.998613204088366402e-01 -4.404520050537326648e-01
