0.000000000000000000e+00 0.000000000000000000e+00 8.770985094688214800e-02
0.000000000000000000e+00 1.000000000000000000e+00 1.730285719141750889e-01
0.000000000000000000e+00 2.000000000000000000e+00 1.485324094716152510e-01
0.000000000000000000e+00 3.000000000000000000e+00 1.702413298838858502e-01
0.000000000000000000e+00 4.000000000000000000e+00 1.166892379574642480e-01
1.000000000000000000e+00 0.000000000000000000e+00 1.324452159643463023e-01
1.000000000000000000e+00 1.000000000000000000e+00 1.098683073067095867e-01
1.000000000000000000e+00 2.000000000000000000e+00 1.558892376016962622e-01
1.000000000000000000e+00 3.000000000000000000e+00 1.904509040460333757e-01
1.000000000000000000e+00 4.000000000000000000e+00 1.818812007606786241e-01
2.000000000000000000e+00 0.000000000000000000e+00 1.583234344104497149e-01
2.000000000000000000e+00 1.000000000000000000e+00 1.650961951712218989e-01
2.000000000000000000e+00 2.000000000000000000e+00 1.685576241792209606e-01
2.000000000000000000e+00 3.000000000000000000e+00 1.001167263578989219e-01
2.000000000000000000e+00 4.000000000000000000e+00 1.415565998279708915e-01
3.000000000000000000e+00 0.000000000000000000e+00 1.593309190356660132e-01
3.000000000000000000e+00 1.000000000000000000e+00 1.183054521623512073e-01
3.000000000000000000e+00 2.000000000000000000e+00 1.757551922995995164e-01
3.000000000000000000e+00 3.000000000000000000e+00 1.501276052204199574e-01
3.000000000000000000e+00 4.000000000000000000e+00 1.490343670530241138e-01
4.000000000000000000e+00 0.000000000000000000e+00 2.033504880848823748e-01
4.000000000000000000e+00 1.000000000000000000e+00 1.411790241229402554e-01
4.000000000000000000e+00 2.000000000000000000e+00 1.575613671521461090e-01
4.000000000000000000e+00 3.000000000000000000e+00 1.069797229455890647e-01
4.000000000000000000e+00 4.000000000000000000e+00 1.221601432021663380e-01
5.000000000000000000e+00 0.000000000000000000e+00 9.509761911480249519e-02
5.000000000000000000e+00 1.000000000000000000e+00 2.138125953638338739e-01
5.000000000000000000e+00 2.000000000000000000e+00 1.370779638524446675e-01
5.000000000000000000e+00 3.000000000000000000e+00 1.703856627375539001e-01
5.000000000000000000e+00 4.000000000000000000e+00 9.781106804732228599e-02
6.000000000000000000e+00 0.000000000000000000e+00 9.863407342629276764e-02
6.000000000000000000e+00 1.000000000000000000e+00 1.706279898510741633e-01
6.000000000000000000e+00 2.000000000000000000e+00 1.536201216391966662e-01
6.000000000000000000e+00 3.000000000000000000e+00 1.563767461129440262e-01
6.000000000000000000e+00 4.000000000000000000e+00 1.629774237778759127e-01
7.000000000000000000e+00 0.000000000000000000e+00 1.729931870995580767e-01
7.000000000000000000e+00 1.000000000000000000e+00 1.564251318031461557e-01
7.000000000000000000e+00 2.000000000000000000e+00 1.298051994447929069e-01
7.000000000000000000e+00 3.000000000000000000e+00 1.754738689773358840e-01
7.000000000000000000e+00 4.000000000000000000e+00 8.763953907835438095e-02
8.000000000000000000e+00 0.000000000000000000e+00 1.608969633762243889e-01
8.000000000000000000e+00 1.000000000000000000e+00 1.336289948959201168e-01
8.000000000000000000e+00 2.000000000000000000e+00 1.593202886721046263e-01
8.000000000000000000e+00 3.000000000000000000e+00 1.564960624230670727e-01
8.000000000000000000e+00 4.000000000000000000e+00 1.111458763625139956e-01
9.000000000000000000e+00 0.000000000000000000e+00 1.651689668100346509e-01
9.000000000000000000e+00 1.000000000000000000e+00 1.412095955444303275e-01
9.000000000000000000e+00 2.000000000000000000e+00 1.867708698924847865e-01
9.000000000000000000e+00 3.000000000000000000e+00 1.306641339336513108e-01
9.000000000000000000e+00 4.000000000000000000e+00 1.365088686265367723e-01
1.000000000000000000e+01 0.000000000000000000e+00 2.022310289475169331e-01
1.000000000000000000e+01 1.000000000000000000e+00 1.022196801770209884e-01
1.000000000000000000e+01 2.000000000000000000e+00 1.173097291565429884e-01
1.000000000000000000e+01 3.000000000000000000e+00 1.352369107395848813e-01
1.000000000000000000e+01 4.000000000000000000e+00 1.821566613737423124e-01
1.100000000000000000e+01 0.000000000000000000e+00 1.233602735174909454e-01
1.100000000000000000e+01 1.000000000000000000e+00 1.216947781712282572e-01
1.100000000000000000e+01 2.000000000000000000e+00 1.463553966921324334e-01
1.100000000000000000e+01 3.000000000000000000e+00 1.820837734088160964e-01
1.100000000000000000e+01 4.000000000000000000e+00 1.359527995075734685e-01
1.200000000000000000e+01 0.000000000000000000e+00 1.767987097075116032e-01
1.200000000000000000e+01 1.000000000000000000e+00 1.012084422782650872e-01
1.200000000000000000e+01 2.000000000000000000e+00 1.691008187027594201e-01
1.200000000000000000e+01 3.000000000000000000e+00 1.713493637211700449e-01
1.200000000000000000e+01 4.000000000000000000e+00 1.075126432140607602e-01
1.300000000000000000e+01 0.000000000000000000e+00 1.459103368357636543e-01
1.300000000000000000e+01 1.000000000000000000e+00 2.032168659788046727e-01
1.300000000000000000e+01 2.000000000000000000e+00 1.400025681485802254e-01
1.300000000000000000e+01 3.000000000000000000e+00 1.223236367239544514e-01
1.300000000000000000e+01 4.000000000000000000e+00 1.084611365421329909e-01
1.400000000000000000e+01 0.000000000000000000e+00 1.457493993826178280e-01
1.400000000000000000e+01 1.000000000000000000e+00 1.678550669679942375e-01
1.400000000000000000e+01 2.000000000000000000e+00 2.028549666616013269e-01
1.400000000000000000e+01 3.000000000000000000e+00 1.113383287976857511e-01
1.400000000000000000e+01 4.000000000000000000e+00 1.498845048868861773e-01
1.500000000000000000e+01 0.000000000000000000e+00 1.489889293882986632e-01
1.500000000000000000e+01 1.000000000000000000e+00 8.852291419474858647e-02
1.500000000000000000e+01 2.000000000000000000e+00 1.133444213759616237e-01
1.500000000000000000e+01 3.000000000000000000e+00 2.109538216172904268e-01
1.500000000000000000e+01 4.000000000000000000e+00 1.574573433568419722e-01
1.600000000000000000e+01 0.000000000000000000e+00 1.601896031072451987e-01
1.600000000000000000e+01 1.000000000000000000e+00 1.693472773285991384e-01
1.600000000000000000e+01 2.000000000000000000e+00 1.472888577489411821e-01
1.600000000000000000e+01 3.000000000000000000e+00 1.451007206842959696e-01
1.600000000000000000e+01 4.000000000000000000e+00 1.128608022124091836e-01
1.700000000000000000e+01 0.000000000000000000e+00 1.424038227813917701e-01
1.700000000000000000e+01 1.000000000000000000e+00 1.671279830890360085e-01
1.700000000000000000e+01 2.000000000000000000e+00 1.252512668120422112e-01
1.700000000000000000e+01 3.000000000000000000e+00 1.483971232894955583e-01
1.700000000000000000e+01 4.000000000000000000e+00 1.418042608887224998e-01
1.800000000000000000e+01 0.000000000000000000e+00 1.938348215612984426e-01
1.800000000000000000e+01 1.000000000000000000e+00 1.234340528705916984e-01
1.800000000000000000e+01 2.000000000000000000e+00 1.459299973663538141e-01
1.800000000000000000e+01 3.000000000000000000e+00 1.605809375479525236e-01
1.800000000000000000e+01 4.000000000000000000e+00 1.503685464725264820e-01
1.900000000000000000e+01 0.000000000000000000e+00 1.530469643086037335e-01
1.900000000000000000e+01 1.000000000000000000e+00 1.771052939687435823e-01
1.900000000000000000e+01 2.000000000000000000e+00 8.234514226723520236e-02
1.900000000000000000e+01 3.000000000000000000e+00 2.091229991050786996e-01
1.900000000000000000e+01 4.000000000000000000e+00 1.561064441377759959e-01
2.000000000000000000e+01 0.000000000000000000e+00 1.421964228297844524e-01
2.000000000000000000e+01 1.000000000000000000e+00 1.483753330015273875e-01
2.000000000000000000e+01 2.000000000000000000e+00 1.370132685279585039e-01
2.000000000000000000e+01 3.000000000000000000e+00 2.012868026640792507e-01
2.000000000000000000e+01 4.000000000000000000e+00 1.031051663474323865e-01
2.100000000000000000e+01 0.000000000000000000e+00 1.560255848166358650e-01
2.100000000000000000e+01 1.000000000000000000e+00 1.613352342584028765e-01
2.100000000000000000e+01 2.000000000000000000e+00 1.385449800711553436e-01
2.100000000000000000e+01 3.000000000000000000e+00 1.672729429830402959e-01
2.100000000000000000e+01 4.000000000000000000e+00 1.665987322717912555e-01
2.200000000000000000e+01 0.000000000000000000e+00 1.332375755129186212e-01
2.200000000000000000e+01 1.000000000000000000e+00 1.381842924898195601e-01
2.200000000000000000e+01 2.000000000000000000e+00 1.572291666607172900e-01
2.200000000000000000e+01 3.000000000000000000e+00 1.196848293417484416e-01
2.200000000000000000e+01 4.000000000000000000e+00 2.230295071649862904e-01
2.300000000000000000e+01 0.000000000000000000e+00 1.262609684025227386e-01
2.300000000000000000e+01 1.000000000000000000e+00 1.000047451150665595e-01
2.300000000000000000e+01 2.000000000000000000e+00 1.594977028747622261e-01
2.300000000000000000e+01 3.000000000000000000e+00 1.416140823599942866e-01
2.300000000000000000e+01 4.000000000000000000e+00 2.003924530528175540e-01
2.400000000000000000e+01 0.000000000000000000e+00 1.723344490439948917e-01
2.400000000000000000e+01 1.000000000000000000e+00 1.029264477185843074e-01
2.400000000000000000e+01 2.000000000000000000e+00 1.500776355736958279e-01
2.400000000000000000e+01 3.000000000000000000e+00 1.349807997133069537e-01
2.400000000000000000e+01 4.000000000000000000e+00 1.295156205812434957e-01
2.500000000000000000e+01 0.000000000000000000e+00 1.761166702528258465e-01
2.500000000000000000e+01 1.000000000000000000e+00 1.385608261041960110e-01
2.500000000000000000e+01 2.000000000000000000e+00 2.092680811233293137e-01
2.500000000000000000e+01 3.000000000000000000e+00 1.126082114342774193e-01
2.500000000000000000e+01 4.000000000000000000e+00 1.352829594198654839e-01
2.600000000000000000e+01 0.000000000000000000e+00 1.638628111251294595e-01
2.600000000000000000e+01 1.000000000000000000e+00 1.366349169322021440e-01
2.600000000000000000e+01 2.000000000000000000e+00 1.996903618399323010e-01
2.600000000000000000e+01 3.000000000000000000e+00 1.043418287286439067e-01
2.600000000000000000e+01 4.000000000000000000e+00 1.553747125968425735e-01
2.700000000000000000e+01 0.000000000000000000e+00 1.167827757666587418e-01
2.700000000000000000e+01 1.000000000000000000e+00 1.141869315935891832e-01
2.700000000000000000e+01 2.000000000000000000e+00 2.003993593119777483e-01
2.700000000000000000e+01 3.000000000000000000e+00 1.023452991312943927e-01
2.700000000000000000e+01 4.000000000000000000e+00 1.991537420502094979e-01
2.800000000000000000e+01 0.000000000000000000e+00 1.310283372904555432e-01
2.800000000000000000e+01 1.000000000000000000e+00 1.186865941762656196e-01
2.800000000000000000e+01 2.000000000000000000e+00 1.473651895669754741e-01
2.800000000000000000e+01 3.000000000000000000e+00 1.922943062875728526e-01
2.800000000000000000e+01 4.000000000000000000e+00 1.396830197414588304e-01
2.900000000000000000e+01 0.000000000000000000e+00 1.601845563564435193e-01
2.900000000000000000e+01 1.000000000000000000e+00 1.505546040554002762e-01
2.900000000000000000e+01 2.000000000000000000e+00 1.552402325423831997e-01
2.900000000000000000e+01 3.000000000000000000e+00 1.843653461177027220e-01
2.900000000000000000e+01 4.000000000000000000e+00 1.230369217678599914e-01
3.000000000000000000e+01 0.000000000000000000e+00 1.134194147973705130e-01
3.000000000000000000e+01 1.000000000000000000e+00 1.713915154662166707e-01
3.000000000000000000e+01 2.000000000000000000e+00 1.816324499242774060e-01
3.000000000000000000e+01 3.000000000000000000e+00 1.695997321434221106e-01
3.000000000000000000e+01 4.000000000000000000e+00 1.390321495322535683e-01
3.100000000000000000e+01 0.000000000000000000e+00 1.556501921071567207e-01
3.100000000000000000e+01 1.000000000000000000e+00 1.705058547476645814e-01
3.100000000000000000e+01 2.000000000000000000e+00 1.439693256429651069e-01
3.100000000000000000e+01 3.000000000000000000e+00 1.605038189941143945e-01
3.100000000000000000e+01 4.000000000000000000e+00 1.570458258969044119e-01
3.200000000000000000e+01 0.000000000000000000e+00 1.534815385246403596e-01
3.200000000000000000e+01 1.000000000000000000e+00 1.156944021807139317e-01
3.200000000000000000e+01 2.000000000000000000e+00 2.161767517851370390e-01
3.200000000000000000e+01 3.000000000000000000e+00 1.584082718019917124e-01
3.200000000000000000e+01 4.000000000000000000e+00 1.112946582789992034e-01
3.300000000000000000e+01 0.000000000000000000e+00 1.107628786766490930e-01
3.300000000000000000e+01 1.000000000000000000e+00 1.752520486451544512e-01
3.300000000000000000e+01 2.000000000000000000e+00 1.690438941659320737e-01
3.300000000000000000e+01 3.000000000000000000e+00 1.482595200764918464e-01
3.300000000000000000e+01 4.000000000000000000e+00 1.542565541272553631e-01
3.400000000000000000e+01 0.000000000000000000e+00 1.287744704971714449e-01
3.400000000000000000e+01 1.000000000000000000e+00 2.289881614114395170e-01
3.400000000000000000e+01 2.000000000000000000e+00 1.459294022790519063e-01
3.400000000000000000e+01 3.000000000000000000e+00 1.105757939806757129e-01
3.400000000000000000e+01 4.000000000000000000e+00 1.546086146148003271e-01
3.500000000000000000e+01 0.000000000000000000e+00 1.129043028708752588e-01
3.500000000000000000e+01 1.000000000000000000e+00 1.043006760031209845e-01
3.500000000000000000e+01 2.000000000000000000e+00 1.870393041088027064e-01
3.500000000000000000e+01 3.000000000000000000e+00 1.638063950219167397e-01
3.500000000000000000e+01 4.000000000000000000e+00 1.942649291330950656e-01
3.600000000000000000e+01 0.000000000000000000e+00 1.243459133451378790e-01
3.600000000000000000e+01 1.000000000000000000e+00 1.497574379656661514e-01
3.600000000000000000e+01 2.000000000000000000e+00 1.300673138288726827e-01
3.600000000000000000e+01 3.000000000000000000e+00 1.265222310495306424e-01
3.600000000000000000e+01 4.000000000000000000e+00 1.715852141248179752e-01
3.700000000000000000e+01 0.000000000000000000e+00 1.492158978577435846e-01
3.700000000000000000e+01 1.000000000000000000e+00 9.360016492681794142e-02
3.700000000000000000e+01 2.000000000000000000e+00 1.089656190743018421e-01
3.700000000000000000e+01 3.000000000000000000e+00 2.122319942512831403e-01
3.700000000000000000e+01 4.000000000000000000e+00 1.780939495809338025e-01
3.800000000000000000e+01 0.000000000000000000e+00 1.197044452368550421e-01
3.800000000000000000e+01 1.000000000000000000e+00 8.927625326390284388e-02
3.800000000000000000e+01 2.000000000000000000e+00 1.655737287018074766e-01
3.800000000000000000e+01 3.000000000000000000e+00 1.850515529321355435e-01
3.800000000000000000e+01 4.000000000000000000e+00 1.733878650836452595e-01
3.900000000000000000e+01 0.000000000000000000e+00 1.520867162556911178e-01
3.900000000000000000e+01 1.000000000000000000e+00 1.914794399000606384e-01
3.900000000000000000e+01 2.000000000000000000e+00 1.282741077145319597e-01
3.900000000000000000e+01 3.000000000000000000e+00 1.243182561183684004e-01
3.900000000000000000e+01 4.000000000000000000e+00 1.173076586961229878e-01
4.000000000000000000e+01 0.000000000000000000e+00 1.695148648328320407e-01
4.000000000000000000e+01 1.000000000000000000e+00 1.029978400354175372e-01
4.000000000000000000e+01 2.000000000000000000e+00 1.466463287126171244e-01
4.000000000000000000e+01 3.000000000000000000e+00 1.634169310493292782e-01
4.000000000000000000e+01 4.000000000000000000e+00 1.374785782338463491e-01
4.100000000000000000e+01 0.000000000000000000e+00 1.034046563063533014e-01
4.100000000000000000e+01 1.000000000000000000e+00 1.429957867230089996e-01
4.100000000000000000e+01 2.000000000000000000e+00 1.172897080066228753e-01
4.100000000000000000e+01 3.000000000000000000e+00 2.209609818254522906e-01
4.100000000000000000e+01 4.000000000000000000e+00 2.010752609859863538e-01
4.200000000000000000e+01 0.000000000000000000e+00 8.806343729522773944e-02
4.200000000000000000e+01 1.000000000000000000e+00 2.383265067517405245e-01
4.200000000000000000e+01 2.000000000000000000e+00 1.650450538900767317e-01
4.200000000000000000e+01 3.000000000000000000e+00 1.429816546677969424e-01
4.200000000000000000e+01 4.000000000000000000e+00 1.417679140668918203e-01
4.300000000000000000e+01 0.000000000000000000e+00 1.072979888172191087e-01
4.300000000000000000e+01 1.000000000000000000e+00 8.843685137595348744e-02
4.300000000000000000e+01 2.000000000000000000e+00 1.233046299661965939e-01
4.300000000000000000e+01 3.000000000000000000e+00 1.912280043059512435e-01
4.300000000000000000e+01 4.000000000000000000e+00 1.672256482664241928e-01
4.400000000000000000e+01 0.000000000000000000e+00 1.259616203559895675e-01
4.400000000000000000e+01 1.000000000000000000e+00 1.882017944794882047e-01
4.400000000000000000e+01 2.000000000000000000e+00 1.192565518080309084e-01
4.400000000000000000e+01 3.000000000000000000e+00 1.288178216381004604e-01
4.400000000000000000e+01 4.000000000000000000e+00 1.518032057577706484e-01
4.500000000000000000e+01 0.000000000000000000e+00 1.280404207068288613e-01
4.500000000000000000e+01 1.000000000000000000e+00 9.372811370696750022e-02
4.500000000000000000e+01 2.000000000000000000e+00 2.072982776356682988e-01
4.500000000000000000e+01 3.000000000000000000e+00 1.894706552243891617e-01
4.500000000000000000e+01 4.000000000000000000e+00 1.218962209925686657e-01
4.600000000000000000e+01 0.000000000000000000e+00 8.389009395998132945e-02
4.600000000000000000e+01 1.000000000000000000e+00 1.871545175893226665e-01
4.600000000000000000e+01 2.000000000000000000e+00 1.990659681134709647e-01
4.600000000000000000e+01 3.000000000000000000e+00 1.744760052431539588e-01
4.600000000000000000e+01 4.000000000000000000e+00 1.147300965785945231e-01
4.700000000000000000e+01 0.000000000000000000e+00 1.524604979232779822e-01
4.700000000000000000e+01 1.000000000000000000e+00 1.337871155363085929e-01
4.700000000000000000e+01 2.000000000000000000e+00 1.726639216359408535e-01
4.700000000000000000e+01 3.000000000000000000e+00 1.137063208122829766e-01
4.700000000000000000e+01 4.000000000000000000e+00 1.714841266463549563e-01
4.800000000000000000e+01 0.000000000000000000e+00 2.050510557237268106e-01
4.800000000000000000e+01 1.000000000000000000e+00 1.580060553943199719e-01
4.800000000000000000e+01 2.000000000000000000e+00 1.259312762125149865e-01
4.800000000000000000e+01 3.000000000000000000e+00 1.376420186224407705e-01
4.800000000000000000e+01 4.000000000000000000e+00 1.228478570685268279e-01
4.900000000000000000e+01 0.000000000000000000e+00 1.194478404226261975e-01
4.900000000000000000e+01 1.000000000000000000e+00 2.074445708479786821e-01
4.900000000000000000e+01 2.000000000000000000e+00 1.491884494548190165e-01
4.900000000000000000e+01 3.000000000000000000e+00 1.500172789182303290e-01
4.900000000000000000e+01 4.000000000000000000e+00 1.166950812907641133e-01
5.000000000000000000e+01 0.000000000000000000e+00 1.803767942762748155e-01
5.000000000000000000e+01 1.000000000000000000e+00 1.354059226234826108e-01
5.000000000000000000e+01 2.000000000000000000e+00 8.083318087550066255e-02
5.000000000000000000e+01 3.000000000000000000e+00 1.282369476606602388e-01
5.000000000000000000e+01 4.000000000000000000e+00 1.428270051577429645e-01
5.100000000000000000e+01 0.000000000000000000e+00 1.329431012316681093e-01
5.100000000000000000e+01 1.000000000000000000e+00 1.467634080112669437e-01
5.100000000000000000e+01 2.000000000000000000e+00 1.062646610545280035e-01
5.100000000000000000e+01 3.000000000000000000e+00 1.791554266937407935e-01
5.100000000000000000e+01 4.000000000000000000e+00 1.655229443807395839e-01
5.200000000000000000e+01 0.000000000000000000e+00 1.535778362387635876e-01
5.200000000000000000e+01 1.000000000000000000e+00 1.179944896298208701e-01
5.200000000000000000e+01 2.000000000000000000e+00 1.867514666105173360e-01
5.200000000000000000e+01 3.000000000000000000e+00 1.622454562406280554e-01
5.200000000000000000e+01 4.000000000000000000e+00 1.443248686218893684e-01
5.300000000000000000e+01 0.000000000000000000e+00 2.149382024508600664e-01
5.300000000000000000e+01 1.000000000000000000e+00 1.791881394919740966e-01
5.300000000000000000e+01 2.000000000000000000e+00 1.466001174122248119e-01
5.300000000000000000e+01 3.000000000000000000e+00 1.193442500981423127e-01
5.300000000000000000e+01 4.000000000000000000e+00 1.020782197727172491e-01
5.400000000000000000e+01 0.000000000000000000e+00 1.456339742769178214e-01
5.400000000000000000e+01 1.000000000000000000e+00 1.081391872837652729e-01
5.400000000000000000e+01 2.000000000000000000e+00 1.944455934666675379e-01
5.400000000000000000e+01 3.000000000000000000e+00 2.019122964992975389e-01
5.400000000000000000e+01 4.000000000000000000e+00 1.267579436508957103e-01
5.500000000000000000e+01 0.000000000000000000e+00 1.571904404045362802e-01
5.500000000000000000e+01 1.000000000000000000e+00 1.451418650074550731e-01
5.500000000000000000e+01 2.000000000000000000e+00 1.470632920780255148e-01
5.500000000000000000e+01 3.000000000000000000e+00 1.114495952188025163e-01
5.500000000000000000e+01 4.000000000000000000e+00 1.333821286260243322e-01
5.600000000000000000e+01 0.000000000000000000e+00 1.893867100141176651e-01
5.600000000000000000e+01 1.000000000000000000e+00 9.837903929293717598e-02
5.600000000000000000e+01 2.000000000000000000e+00 1.373702616582858915e-01
5.600000000000000000e+01 3.000000000000000000e+00 1.067214335126614871e-01
5.600000000000000000e+01 4.000000000000000000e+00 1.282102453999428571e-01
5.700000000000000000e+01 0.000000000000000000e+00 1.885820921591515043e-01
5.700000000000000000e+01 1.000000000000000000e+00 2.006343154432956577e-01
5.700000000000000000e+01 2.000000000000000000e+00 1.095530708674783832e-01
5.700000000000000000e+01 3.000000000000000000e+00 1.588230757769782675e-01
5.700000000000000000e+01 4.000000000000000000e+00 1.069681241711877145e-01
5.800000000000000000e+01 0.000000000000000000e+00 2.038834651795872477e-01
5.800000000000000000e+01 1.000000000000000000e+00 1.338523851726473590e-01
5.800000000000000000e+01 2.000000000000000000e+00 1.826975144943766005e-01
5.800000000000000000e+01 3.000000000000000000e+00 1.281616410000443185e-01
5.800000000000000000e+01 4.000000000000000000e+00 9.314592997340438718e-02
5.900000000000000000e+01 0.000000000000000000e+00 1.531142441235361917e-01
5.900000000000000000e+01 1.000000000000000000e+00 1.928984304392462878e-01
5.900000000000000000e+01 2.000000000000000000e+00 2.075339102270565006e-01
5.900000000000000000e+01 3.000000000000000000e+00 1.179640796253934587e-01
5.900000000000000000e+01 4.000000000000000000e+00 1.177100768276580917e-01
6.000000000000000000e+01 0.000000000000000000e+00 1.822312521621440862e-01
6.000000000000000000e+01 1.000000000000000000e+00 1.931535573764249225e-01
6.000000000000000000e+01 2.000000000000000000e+00 1.745959734488402582e-01
6.000000000000000000e+01 3.000000000000000000e+00 1.197407472425298935e-01
6.000000000000000000e+01 4.000000000000000000e+00 8.868347421912224637e-02
6.100000000000000000e+01 0.000000000000000000e+00 1.599521147973523294e-01
6.100000000000000000e+01 1.000000000000000000e+00 1.718578253700788205e-01
6.100000000000000000e+01 2.000000000000000000e+00 1.749866057203143810e-01
6.100000000000000000e+01 3.000000000000000000e+00 1.213196008592216518e-01
6.100000000000000000e+01 4.000000000000000000e+00 1.510797495246779254e-01
6.200000000000000000e+01 0.000000000000000000e+00 1.671386188389847871e-01
6.200000000000000000e+01 1.000000000000000000e+00 1.947002139116608410e-01
6.200000000000000000e+01 2.000000000000000000e+00 1.033987030078959285e-01
6.200000000000000000e+01 3.000000000000000000e+00 1.750731216559444914e-01
6.200000000000000000e+01 4.000000000000000000e+00 1.371067138208360292e-01
6.300000000000000000e+01 0.000000000000000000e+00 1.715467972926933704e-01
6.300000000000000000e+01 1.000000000000000000e+00 1.316068260601991613e-01
6.300000000000000000e+01 2.000000000000000000e+00 1.155089735788962652e-01
6.300000000000000000e+01 3.000000000000000000e+00 1.185614725159261362e-01
6.300000000000000000e+01 4.000000000000000000e+00 1.843414373680363483e-01
6.400000000000000000e+01 0.000000000000000000e+00 1.636045018451382504e-01
6.400000000000000000e+01 1.000000000000000000e+00 1.760084691921139088e-01
6.400000000000000000e+01 2.000000000000000000e+00 1.517904110641394577e-01
6.400000000000000000e+01 3.000000000000000000e+00 1.545817966067490612e-01
6.400000000000000000e+01 4.000000000000000000e+00 1.314536658896602594e-01
6.500000000000000000e+01 0.000000000000000000e+00 1.560030117706334984e-01
6.500000000000000000e+01 1.000000000000000000e+00 1.275463930327411788e-01
6.500000000000000000e+01 2.000000000000000000e+00 1.780913311551835521e-01
6.500000000000000000e+01 3.000000000000000000e+00 1.552741095424062523e-01
6.500000000000000000e+01 4.000000000000000000e+00 1.388809664921578924e-01
6.600000000000000000e+01 0.000000000000000000e+00 1.945311034879499967e-01
6.600000000000000000e+01 1.000000000000000000e+00 9.843153201036806965e-02
6.600000000000000000e+01 2.000000000000000000e+00 2.030794391604650861e-01
6.600000000000000000e+01 3.000000000000000000e+00 1.196671146365224092e-01
6.600000000000000000e+01 4.000000000000000000e+00 1.746417826287386676e-01
6.700000000000000000e+01 0.000000000000000000e+00 1.476125547348797196e-01
6.700000000000000000e+01 1.000000000000000000e+00 1.097850289501715731e-01
6.700000000000000000e+01 2.000000000000000000e+00 1.504352792351783541e-01
6.700000000000000000e+01 3.000000000000000000e+00 1.839642417002328167e-01
6.700000000000000000e+01 4.000000000000000000e+00 1.296098961854957876e-01
6.800000000000000000e+01 0.000000000000000000e+00 1.476957580316049790e-01
6.800000000000000000e+01 1.000000000000000000e+00 1.183006930282055891e-01
6.800000000000000000e+01 2.000000000000000000e+00 1.664037254588834891e-01
6.800000000000000000e+01 3.000000000000000000e+00 1.640609443110917776e-01
6.800000000000000000e+01 4.000000000000000000e+00 1.221713122540825230e-01
6.900000000000000000e+01 0.000000000000000000e+00 1.535498961690830166e-01
6.900000000000000000e+01 1.000000000000000000e+00 1.533537903293512861e-01
6.900000000000000000e+01 2.000000000000000000e+00 1.458549465459154926e-01
6.900000000000000000e+01 3.000000000000000000e+00 8.406065672336333894e-02
6.900000000000000000e+01 4.000000000000000000e+00 2.018751028906830280e-01
7.000000000000000000e+01 0.000000000000000000e+00 1.001296773499548570e-01
7.000000000000000000e+01 1.000000000000000000e+00 1.935888108726591672e-01
7.000000000000000000e+01 2.000000000000000000e+00 1.539527507813303331e-01
7.000000000000000000e+01 3.000000000000000000e+00 1.794187707691419498e-01
7.000000000000000000e+01 4.000000000000000000e+00 1.497434321236448262e-01
7.100000000000000000e+01 0.000000000000000000e+00 1.615415619235143485e-01
7.100000000000000000e+01 1.000000000000000000e+00 1.841287410180380280e-01
7.100000000000000000e+01 2.000000000000000000e+00 1.496402035195538993e-01
7.100000000000000000e+01 3.000000000000000000e+00 1.563833820096588445e-01
7.100000000000000000e+01 4.000000000000000000e+00 1.355806238198912494e-01
7.200000000000000000e+01 0.000000000000000000e+00 1.548363069420728433e-01
7.200000000000000000e+01 1.000000000000000000e+00 1.245243108512307656e-01
7.200000000000000000e+01 2.000000000000000000e+00 1.554765892845367536e-01
7.200000000000000000e+01 3.000000000000000000e+00 1.513692647752302167e-01
7.200000000000000000e+01 4.000000000000000000e+00 1.339023235232991160e-01
7.300000000000000000e+01 0.000000000000000000e+00 1.439990722778108911e-01
7.300000000000000000e+01 1.000000000000000000e+00 1.972365275712264221e-01
7.300000000000000000e+01 2.000000000000000000e+00 1.347004805273578076e-01
7.300000000000000000e+01 3.000000000000000000e+00 2.137578225475064153e-01
7.300000000000000000e+01 4.000000000000000000e+00 9.575610457351033111e-02
7.400000000000000000e+01 0.000000000000000000e+00 2.089376049116001000e-01
7.400000000000000000e+01 1.000000000000000000e+00 1.541868060851227240e-01
7.400000000000000000e+01 2.000000000000000000e+00 1.177422955863015736e-01
7.400000000000000000e+01 3.000000000000000000e+00 1.597206387712561959e-01
7.400000000000000000e+01 4.000000000000000000e+00 1.239680201682278188e-01
7.500000000000000000e+01 0.000000000000000000e+00 1.912401952859521248e-01
7.500000000000000000e+01 1.000000000000000000e+00 1.775694139431812923e-01
7.500000000000000000e+01 2.000000000000000000e+00 1.679178935309567910e-01
7.500000000000000000e+01 3.000000000000000000e+00 1.428446562698677813e-01
7.500000000000000000e+01 4.000000000000000000e+00 1.111160524163449514e-01
7.600000000000000000e+01 0.000000000000000000e+00 1.960426983259563605e-01
7.600000000000000000e+01 1.000000000000000000e+00 1.724779111489547767e-01
7.600000000000000000e+01 2.000000000000000000e+00 1.593102772659182875e-01
7.600000000000000000e+01 3.000000000000000000e+00 1.142492018180730901e-01
7.600000000000000000e+01 4.000000000000000000e+00 1.155265528824579169e-01
7.700000000000000000e+01 0.000000000000000000e+00 1.557936866816440613e-01
7.700000000000000000e+01 1.000000000000000000e+00 1.612813410051262553e-01
7.700000000000000000e+01 2.000000000000000000e+00 1.728888524430807760e-01
7.700000000000000000e+01 3.000000000000000000e+00 1.258430274150381944e-01
7.700000000000000000e+01 4.000000000000000000e+00 1.466260903030928986e-01
7.800000000000000000e+01 0.000000000000000000e+00 1.415603990519163080e-01
7.800000000000000000e+01 1.000000000000000000e+00 1.570504864281732638e-01
7.800000000000000000e+01 2.000000000000000000e+00 1.814215833565596125e-01
7.800000000000000000e+01 3.000000000000000000e+00 1.397144227308881603e-01
7.800000000000000000e+01 4.000000000000000000e+00 7.576232367899769782e-02
7.900000000000000000e+01 0.000000000000000000e+00 1.565696138663666137e-01
7.900000000000000000e+01 1.000000000000000000e+00 1.838806142967363833e-01
7.900000000000000000e+01 2.000000000000000000e+00 1.613467795164229279e-01
7.900000000000000000e+01 3.000000000000000000e+00 1.127417596106030234e-01
7.900000000000000000e+01 4.000000000000000000e+00 1.209842286946359730e-01
8.000000000000000000e+01 0.000000000000000000e+00 1.525624088998665806e-01
8.000000000000000000e+01 1.000000000000000000e+00 1.757131303204647610e-01
8.000000000000000000e+01 2.000000000000000000e+00 1.546958464407779676e-01
8.000000000000000000e+01 3.000000000000000000e+00 1.741738776044666759e-01
8.000000000000000000e+01 4.000000000000000000e+00 1.083983567021008509e-01
8.100000000000000000e+01 0.000000000000000000e+00 1.944161919678929207e-01
8.100000000000000000e+01 1.000000000000000000e+00 1.541661486017588956e-01
8.100000000000000000e+01 2.000000000000000000e+00 1.489552421873968635e-01
8.100000000000000000e+01 3.000000000000000000e+00 1.134345884267701637e-01
8.100000000000000000e+01 4.000000000000000000e+00 1.463550345589255119e-01
8.200000000000000000e+01 0.000000000000000000e+00 1.634131565600838443e-01
8.200000000000000000e+01 1.000000000000000000e+00 1.029691947713849698e-01
8.200000000000000000e+01 2.000000000000000000e+00 1.065228416499880842e-01
8.200000000000000000e+01 3.000000000000000000e+00 1.797158971161524343e-01
8.200000000000000000e+01 4.000000000000000000e+00 2.047458781504852832e-01
8.300000000000000000e+01 0.000000000000000000e+00 1.742434039726989403e-01
8.300000000000000000e+01 1.000000000000000000e+00 1.021422021094306742e-01
8.300000000000000000e+01 2.000000000000000000e+00 1.297176824085374824e-01
8.300000000000000000e+01 3.000000000000000000e+00 1.217930371176681736e-01
8.300000000000000000e+01 4.000000000000000000e+00 1.629541101541313874e-01
8.400000000000000000e+01 0.000000000000000000e+00 2.138157683442076518e-01
8.400000000000000000e+01 1.000000000000000000e+00 1.501008838389380207e-01
8.400000000000000000e+01 2.000000000000000000e+00 1.791217664913387630e-01
8.400000000000000000e+01 3.000000000000000000e+00 1.253445513794820831e-01
8.400000000000000000e+01 4.000000000000000000e+00 9.448706854412249057e-02
8.500000000000000000e+01 0.000000000000000000e+00 1.681962041976123312e-01
8.500000000000000000e+01 1.000000000000000000e+00 1.264630241473070349e-01
8.500000000000000000e+01 2.000000000000000000e+00 1.754041854795508615e-01
8.500000000000000000e+01 3.000000000000000000e+00 9.797339516021960626e-02
8.500000000000000000e+01 4.000000000000000000e+00 1.410659321269162603e-01
8.600000000000000000e+01 0.000000000000000000e+00 1.627738975220050233e-01
8.600000000000000000e+01 1.000000000000000000e+00 1.228486780946271284e-01
8.600000000000000000e+01 2.000000000000000000e+00 1.346123284275513587e-01
8.600000000000000000e+01 3.000000000000000000e+00 2.196207267052144585e-01
8.600000000000000000e+01 4.000000000000000000e+00 1.138722246678204320e-01
8.700000000000000000e+01 0.000000000000000000e+00 1.340953951172225433e-01
8.700000000000000000e+01 1.000000000000000000e+00 1.465689330731285989e-01
8.700000000000000000e+01 2.000000000000000000e+00 1.311048733904182084e-01
8.700000000000000000e+01 3.000000000000000000e+00 1.947668949198223531e-01
8.700000000000000000e+01 4.000000000000000000e+00 1.010644108474700459e-01
8.800000000000000000e+01 0.000000000000000000e+00 1.208670957680515190e-01
8.800000000000000000e+01 1.000000000000000000e+00 1.455865758591913806e-01
8.800000000000000000e+01 2.000000000000000000e+00 1.380128828172187405e-01
8.800000000000000000e+01 3.000000000000000000e+00 1.272985726869348966e-01
8.800000000000000000e+01 4.000000000000000000e+00 1.715483314749622346e-01
8.900000000000000000e+01 0.000000000000000000e+00 1.209137798064216368e-01
8.900000000000000000e+01 1.000000000000000000e+00 1.447058638241743300e-01
8.900000000000000000e+01 2.000000000000000000e+00 1.548371529925611778e-01
8.900000000000000000e+01 3.000000000000000000e+00 1.547146877586877967e-01
8.900000000000000000e+01 4.000000000000000000e+00 1.282769737677711130e-01
9.000000000000000000e+01 0.000000000000000000e+00 2.383173834184875717e-01
9.000000000000000000e+01 1.000000000000000000e+00 1.200432024788676555e-01
9.000000000000000000e+01 2.000000000000000000e+00 1.513711426076368716e-01
9.000000000000000000e+01 3.000000000000000000e+00 1.292301482686006586e-01
9.000000000000000000e+01 4.000000000000000000e+00 1.295192527572592844e-01
9.100000000000000000e+01 0.000000000000000000e+00 1.512810299378993806e-01
9.100000000000000000e+01 1.000000000000000000e+00 1.144505260321205531e-01
9.100000000000000000e+01 2.000000000000000000e+00 1.677969603812661803e-01
9.100000000000000000e+01 3.000000000000000000e+00 1.396934956311673692e-01
9.100000000000000000e+01 4.000000000000000000e+00 1.258986735666644541e-01
9.200000000000000000e+01 0.000000000000000000e+00 1.959845164063328815e-01
9.200000000000000000e+01 1.000000000000000000e+00 1.441852690030078488e-01
9.200000000000000000e+01 2.000000000000000000e+00 1.479564742798253618e-01
9.200000000000000000e+01 3.000000000000000000e+00 1.535030899206292765e-01
9.200000000000000000e+01 4.000000000000000000e+00 1.417621789596577586e-01
9.300000000000000000e+01 0.000000000000000000e+00 1.859597906847214599e-01
9.300000000000000000e+01 1.000000000000000000e+00 6.675702285562418181e-02
9.300000000000000000e+01 2.000000000000000000e+00 1.754691865745103552e-01
9.300000000000000000e+01 3.000000000000000000e+00 1.196045307837480115e-01
9.300000000000000000e+01 4.000000000000000000e+00 1.544206757826728782e-01
9.400000000000000000e+01 0.000000000000000000e+00 1.240972689776754234e-01
9.400000000000000000e+01 1.000000000000000000e+00 1.127782593817817369e-01
9.400000000000000000e+01 2.000000000000000000e+00 1.424726021638138551e-01
9.400000000000000000e+01 3.000000000000000000e+00 2.192778674908517356e-01
9.400000000000000000e+01 4.000000000000000000e+00 1.705092053959045284e-01
9.500000000000000000e+01 0.000000000000000000e+00 2.085107041615773538e-01
9.500000000000000000e+01 1.000000000000000000e+00 1.670046688022901460e-01
9.500000000000000000e+01 2.000000000000000000e+00 1.953641901051403895e-01
9.500000000000000000e+01 3.000000000000000000e+00 1.094435067441896781e-01
9.500000000000000000e+01 4.000000000000000000e+00 8.656123326288822639e-02
9.600000000000000000e+01 0.000000000000000000e+00 2.138706884533047858e-01
9.600000000000000000e+01 1.000000000000000000e+00 9.319229220120466006e-02
9.600000000000000000e+01 2.000000000000000000e+00 1.563735370022192039e-01
9.600000000000000000e+01 3.000000000000000000e+00 1.776420904083078900e-01
9.600000000000000000e+01 4.000000000000000000e+00 9.861089961446219132e-02
9.700000000000000000e+01 0.000000000000000000e+00 2.301781443391810733e-01
9.700000000000000000e+01 1.000000000000000000e+00 1.230233014192122082e-01
9.700000000000000000e+01 2.000000000000000000e+00 1.281613090041991421e-01
9.700000000000000000e+01 3.000000000000000000e+00 1.101121829393588020e-01
9.700000000000000000e+01 4.000000000000000000e+00 1.363113407217859674e-01
9.800000000000000000e+01 0.000000000000000000e+00 1.778837529248365190e-01
9.800000000000000000e+01 1.000000000000000000e+00 1.941997891871535264e-01
9.800000000000000000e+01 2.000000000000000000e+00 1.756980654139790321e-01
9.800000000000000000e+01 3.000000000000000000e+00 1.559720949396764811e-01
9.800000000000000000e+01 4.000000000000000000e+00 1.028545977786414212e-01
9.900000000000000000e+01 0.000000000000000000e+00 1.560964075055735756e-01
9.900000000000000000e+01 1.000000000000000000e+00 1.442035237687403215e-01
9.900000000000000000e+01 2.000000000000000000e+00 1.736571825536266378e-01
9.900000000000000000e+01 3.000000000000000000e+00 1.723387093022501482e-01
9.900000000000000000e+01 4.000000000000000000e+00 1.294669749719086216e-01
