5.889262817221045943e-01 -5.450623080390438746e-01 9.600338874821776614e-01 -1.095582440172695016e+00
1.251797362307978778e+00 -3.456317983683322992e-01 4.199243753428968939e-01 9.609104681178091620e-03
2.201923905801156356e-04 1.003060938745588271e-04 -1.681760315204218831e-05 -7.702932392074737268e-05
1.299593502417018724e-04 4.867811547507644492e-05 -5.369309792301752458e-06 -4.919387299803627562e-05
1.730538703711679584e-04 9.636574229607178070e-05 -1.649753898881473939e-05 -1.475770513323570933e-04
8.512733532707481565e-01 -2.343832686540956722e-01 4.495618454702260958e-01 -2.461708330284977930e-01
8.099986770560463345e-01 -3.981784616286387357e-01 5.207998154029377380e-01 -7.958907798765767483e-01
1.177726044204510547e+00 -1.072818917906084302e+00 5.863528084074408619e-01 -9.720232113989240030e-01
1.393949786207395070e+00 -5.137280177961539573e-01 4.979482668272638413e-01 -4.749337772027181076e-02
2.007779310166778338e-04 1.179546067673960551e-04 -6.299588688799141119e-07 -1.149339343310288518e-04
1.257442170071227716e+00 -3.005796403187470656e-01 9.302490077589924411e-01 -5.303421405626372875e-01
1.022320752439747293e+00 -7.098615180666146829e-01 2.416805174402834322e-01 -3.976725490993383572e-01
1.205546318441007569e+00 -7.240594156897672828e-01 3.217365940661407464e-01 -4.335520720394556160e-01
1.346705889948712775e-04 1.091242067191717629e-04 -5.729153339102339076e-05 -1.193998083156423793e-04
1.157853353027227916e+00 -6.148656718832590240e-01 1.048871087807337066e+00 -9.875779914917706126e-01
1.289477079924505665e+00 -9.303563148627416179e-01 7.281705653509443765e-01 -6.200710126915437437e-01
1.545065250977949720e-04 1.163372088930702077e-04 -3.664870770982719565e-05 -1.039831042690699648e-04
1.138843194470324560e+00 -1.559848355632650618e-01 8.026421984839943180e-01 -5.832476635770944551e-01
1.172809565405769971e+00 -6.879722546151406659e-01 5.119958616548871966e-01 -9.866525386881880300e-01
1.040477058858374493e+00 -7.233925485152024049e-01 3.846469300128164126e-01 -2.024862960418577496e-01
7.320238564760536137e-01 -3.993685216975067370e-02 1.918328106125045673e-01 -1.545951437187767811e-03
1.189438072044672223e+00 -8.871762249282731938e-01 4.057442729851588603e-01 -7.123313814342099315e-01
1.224050210423842877e+00 -8.193968866546876839e-01 5.741569284079414137e-01 -6.511469961118980798e-01
1.215455668470743952e-04 1.143409655224072985e-04 -2.689465800657350451e-05 -1.414573671127457993e-04
1.476108105505880518e-04 6.063455615566841651e-05 3.806515984620661297e-05 -4.984648604270956241e-05
5.759117491498104702e-01 -3.842905139777582635e-01 6.390663811567296460e-01 -8.419265795551253984e-01
6.981863279914453102e-01 -1.599572950664612248e-01 5.243759369165962303e-01 -9.289823615948053503e-02
1.909410738064036160e-04 8.897990066587628793e-05 4.812578195523258927e-06 -7.621680348930475694e-05
1.469289980964809395e-01 4.857972597245228952e-02 -2.961784828999217481e-02 -6.153905356571459651e-02
1.396933905892301273e-04 8.434803686336437060e-05 -2.030373338022654792e-05 -1.136625581230910753e-04
1.209338724741758483e-04 5.910636499374155616e-05 -2.231617839907000980e-05 -5.890704602045455425e-05
2.150457575912193030e-04 1.479496836578877907e-04 -3.124010240778900109e-05 -1.434877256408990432e-04
1.180257449925954383e+00 -7.989434360338072416e-01 7.078361359115863394e-01 -8.028531279934493226e-01
1.053852336563680048e+00 -6.215851609470612882e-01 4.308842800427035713e-01 -3.864798219958161529e-01
1.217488302720965532e+00 -6.553547282077651914e-01 7.111041538658408045e-01 -5.827577176436700146e-01
1.150886073510231089e+00 -8.820350968293244609e-01 8.123255274542185989e-01 -7.839862016322233229e-01
1.695415729098562695e-04 6.468417502420094908e-05 -2.495137296071937899e-06 -6.757845832343807601e-05
1.320377806752174199e-04 4.981632478881110600e-05 2.578729213632172075e-05 -5.157865315568914102e-05
2.148461436984174325e-04 1.344255609851553843e-04 -4.835211550766295782e-05 -1.275420454388973750e-04
7.945464879216811438e-01 -3.690670532520616276e-01 5.589419583804533520e-01 -6.305153735902426781e-01
5.461551607897122684e-01 4.607358851440801484e-02 2.836521554880295781e-01 -2.839749913437257800e-01
1.810282665568186799e-04 1.329523489074415775e-04 -2.013393661245674291e-05 -1.051277609890339252e-04
1.084738732009421058e+00 -5.324936126497182842e-01 6.329600790117468900e-01 -3.282025741894609716e-01
1.215864499350975958e+00 -8.541025438932816627e-01 9.701820079688477927e-01 -8.244617499306228225e-01
1.687956290474607534e-04 7.022913926772465288e-05 -8.268775447997289891e-05 -1.290949677188930368e-04
1.181477697561212681e+00 -6.054565468733202893e-01 9.712369998868966015e-01 -8.946786388481952068e-01
8.258511625003077672e-01 -2.415792537682761032e-01 7.244942521424070636e-02 -2.423129524255961120e-02
1.297531178986560008e+00 -1.025688606117619583e+00 3.120713227505308995e-01 -5.449354125274720184e-01
4.604459884479733534e-01 2.234213015467663085e-02 3.443204083263893822e-01 -1.712610323737166207e-01
1.915567126299505269e-04 1.236821979294277704e-04 -3.750176948255862995e-05 -1.539154951145122884e-04
1.401460889543037380e+00 -4.887290772135211570e-01 6.013707551781268812e-01 -4.469588631723790395e-01
8.542600317007966737e-01 -3.037818520182949400e-01 9.112229555449292695e-01 -9.279254997518785464e-01
9.219792485447943220e-02 3.944729626684492785e-02 3.518276297432417626e-02 -3.193503706363427092e-02
8.095325244673808873e-01 -4.710580614761849527e-01 4.566563367524624772e-01 -7.299442284873088882e-01
1.302908054543035155e+00 -9.545422024222359747e-01 2.094594382402761024e-01 -3.500028504957822806e-01
1.809781258927907542e-04 7.284092083602764184e-05 -1.184271354482877444e-05 -8.219389161068012077e-05
1.364571705250941791e-01 4.777459238658403329e-02 7.919031574243170363e-03 -7.110116121545366485e-02
1.011277944870756951e+00 -6.102897982704527102e-01 7.320597252590033133e-01 -9.736615519941819175e-01
1.748364811121276942e-04 1.249213909261944161e-04 -9.544974934527506718e-06 -4.179903206522978871e-05
9.926347140326806651e-01 -8.630284574971626155e-01 7.670135562618839442e-01 -6.913934026098553787e-01
1.355327203898869515e+00 -9.172563814332119758e-01 6.078518702290930387e-01 -9.476012889961220598e-01
1.169819099790779944e-04 1.043524546668982535e-04 1.053889782277025105e-05 -7.460950179657345363e-05
1.848502377783010030e-04 6.007077798784954349e-05 1.644310732104032802e-05 -5.240730474866873881e-05
1.118610915965257080e+00 -8.998508664596167606e-01 2.759040607865983485e-01 -3.745953368988756971e-01
4.738870215746193715e-01 4.253765190004452773e-02 3.251432444320778714e-01 -3.018324796322455206e-01
1.216928817676709906e+00 -8.944949722008208592e-01 5.665619122216224435e-01 -9.439341033342334431e-01
1.251383225950355893e+00 -2.661158032476565460e-01 6.341842835626044783e-01 -6.190882262036263572e-01
1.100045626621273476e+00 -4.654266891177699095e-01 8.099956709787091702e-01 -2.520995895662370145e-01
1.355244293589001441e-04 8.412234790444312043e-05 -3.481800999169782864e-05 -6.132723179746380946e-05
8.322123513672309292e-01 -5.743718084927490475e-01 6.523343628797662053e-01 -8.205032928187855346e-01
1.892000836649608011e-04 1.470399265817443144e-04 -1.237021835005707522e-04 -2.053154029969353510e-04
1.206530960706301947e+00 -1.033763245541873044e+00 3.456859897100268419e-01 -1.767802809999963476e-01
1.539776146478155638e+00 -7.951866005786294433e-01 8.300905922400224624e-01 -6.265645833073354432e-01
1.385423778427397241e-04 1.097203088947746946e-04 -1.408761506519624264e-05 -8.844846195222142067e-05
1.194124048399551663e+00 -5.441390455553142269e-01 7.730364400335949515e-01 -5.670681615615610349e-01
5.308108386528983536e-01 -1.061730601851893774e-01 3.525039906463912076e-01 -3.101699327523166350e-01
1.308277466632152511e-04 6.421841827412951215e-05 -9.257402080620652811e-06 -1.052846948569622016e-04
9.805744240012109389e-05 2.466179691516574726e-05 -3.943770695512627072e-05 -7.374996772048825785e-05
2.262294707876313915e-04 1.054916320555591194e-04 -5.514120352671342636e-06 -8.685627693333404921e-05
1.028304233380340493e+00 -2.444260192787307551e-01 8.556718643602385654e-01 -3.822457169648065811e-01
1.447189864563197927e-04 6.817045945607677431e-05 -2.416427970456471019e-05 -7.501906224155794429e-05
1.270487037978395239e+00 -9.360779997945377628e-01 5.441178874233718599e-01 -7.152016033666976913e-01
1.622179884764701459e-04 8.127936999622906796e-05 -5.261524711136206353e-05 -8.360942699363381556e-05
1.260058618217380966e+00 -3.538420925393224725e-01 8.676804254375913850e-01 -4.987171337934522830e-01
8.329971490571091985e-01 -3.388524905041005453e-01 1.032983082508956985e+00 -9.612563968097869171e-01
2.036961036675653998e-04 1.152705670772782821e-04 -8.339655092204139794e-05 -1.646131005135954438e-04
1.162815673810955852e+00 -8.061695683319697325e-01 1.102593880516995251e+00 -1.088210005476248687e+00
4.076646655819745058e-01 6.891919868790563619e-02 2.821592555452253626e-01 2.947308634979574696e-02
2.102680460218194663e-04 1.277589469050680602e-04 -3.419787041198535800e-05 -1.175573885089220544e-04
9.451258751952348325e-01 -6.337571755169429943e-01 3.737370712921256333e-01 -2.945012319221997354e-01
5.741801001063424614e-01 -8.674759736397305576e-02 1.022013580823199624e-01 -2.107591085533626063e-01
1.132388770684585461e-01 2.729417881012491040e-02 -3.146849792763199705e-02 -9.710382609606553472e-02
1.083968925021619567e+00 -4.100753353407918800e-01 6.588502315439066503e-01 -4.768568483908486866e-01
5.037302362894339192e-01 2.221602929767935164e-01 4.570342457300791139e-01 -3.141833394287553705e-01
1.025542965412985064e+00 -7.594398185561747061e-01 6.219539753173957131e-01 -4.223881508896803472e-01
1.091465042625981541e+00 -4.216758005634053119e-01 6.532411390360420844e-01 -6.838381255307880435e-01
1.221562712417439641e-04 6.673992284489582347e-05 -2.765015309430222419e-05 -8.147158064308875167e-05
6.338073297196384903e-01 -6.357304004115891249e-01 3.552885904661919891e-01 -7.354624984095675666e-01
1.606967210193067208e+00 -6.461048768874602111e-01 4.855421194112521377e-01 -1.445517585361092983e-01
1.126228677903025055e+00 -4.664653192749153021e-01 1.034979461063377792e+00 -9.447037188788909301e-01
1.303243781160075200e-04 7.152699933802638560e-05 9.485838461852265447e-06 -6.816647572043905902e-05
9.687705681689713355e-01 -5.322624872278799435e-01 4.358682512648270890e-01 -5.445051985141512452e-01
1.973697490997233328e-04 9.883903410071963726e-05 -7.550279540023258097e-06 -6.848938501455107146e-05
1.483616055176901094e+00 -9.184857052119093090e-01 1.040965752853164616e+00 -7.330706953644097190e-01
1.467989208662003910e-04 7.617845366796838712e-05 -7.031590107704463780e-05 -1.456547380134856086e-04
1.571746605246837733e-04 8.607199189098592798e-05 1.863194437123497836e-05 -8.507007568799619137e-05
9.334672848472043150e-01 -4.146071658121677772e-01 4.934355245761384290e-01 -9.320641522274448754e-01
1.109765931317696186e+00 -8.033967584811956275e-01 8.319227856448427882e-01 -7.352092454124002918e-01
1.044900352893054496e+00 -2.458802254468364090e-01 3.278783228045756837e-01 -1.452452417332076862e-01
1.284655520987721733e+00 -7.460002595186694396e-01 4.449700713844319533e-01 -3.316293914979069890e-01
1.908870815066913333e-04 1.308051800268343742e-04 2.285773334048328137e-06 -9.538548406122564173e-05
8.594134873492902393e-01 -7.493181267733330930e-01 5.366996398224999076e-01 -5.268488667178923279e-01
1.150161240266818874e+00 -8.353076837807705823e-01 4.531287902206652674e-01 -8.029557029201311869e-01
1.270743603831852317e-04 5.773977706670430820e-05 -3.780458600358248408e-05 -1.324156876248562369e-04
7.777533851892655115e-01 2.479286948074775621e-02 3.370083490943341364e-01 9.282978090711659427e-03
8.811907534666765240e-01 -3.928685021622171925e-01 1.094475199353058592e+00 -1.089639313685736743e+00
5.002988755972376245e-01 -2.235292097136073186e-01 1.723663878507484537e-01 -3.232829620624767530e-01
5.650944391163104097e-01 5.432155045502905233e-02 3.046614326864492406e-01 -2.866855142926660882e-01
8.589323193814906165e-01 -5.186351827512741819e-01 2.257876125575977999e-01 -1.164006667159660224e-01
1.250729460782882052e+00 -3.386391511247569541e-01 2.992139917032990426e-01 -1.218348191633990690e-01
1.619685175944728106e-02 6.605445845277528247e-03 -6.187352458570876497e-04 -1.080229708027216975e-02
9.296250746340065652e-01 -5.167360434757783949e-01 9.065480704459352168e-01 -8.477353705617991508e-01
1.013626128439341745e+00 -2.316762455830197465e-01 4.962837168351107442e-01 -2.039635319286914328e-01
1.047356529873625597e+00 -7.384535619598567857e-01 3.753311000606173731e-01 -5.833083220465431484e-01
1.350399076300491941e-01 6.454146008519563715e-02 9.536935635079062112e-03 -3.958188426682547612e-02
1.810863313703183451e-04 8.737982483268212760e-05 -8.387589880190096734e-05 -1.007985647773336442e-04
8.028342263818881719e-01 -3.135712405779110257e-01 8.884435388900944197e-01 -9.341177280687895657e-01
1.656776297946752186e+00 -9.433259425841509227e-01 6.038243580091541274e-01 -4.798033692734914868e-01
6.595293736728233824e-01 -3.058456541390141004e-01 5.880754323261951910e-01 -4.494776137352666234e-01
8.772318520418491694e-01 -2.640699969354305954e-01 7.657026229454524380e-01 -6.726094618024699434e-01
1.320152976616894014e+00 -8.743116162265198721e-01 4.680462706510991194e-02 -2.260843714001167237e-01
7.198529849480197473e-01 -2.047733503464936877e-01 9.066164192505461461e-01 -8.051554444093456109e-01
1.772273028011955853e+00 -8.542680775271455085e-01 1.042858302489582334e+00 -5.715027608305637274e-01
6.676490300124998667e-01 -4.740058452595377614e-02 8.735319799880574276e-01 -8.750722055279817058e-01
1.335479175400097101e-04 7.360594149539429864e-05 -6.623455432590106141e-05 -9.189279712695304803e-05
1.505618764106939739e-04 8.949276902825301430e-05 -7.435963026133969741e-05 -1.863091755301426208e-04
9.514431077868718001e-01 -2.583087559863777027e-01 7.004696736015054714e-01 -2.593040190804631884e-01
1.139471036411657368e+00 -3.461529559595667438e-01 3.790600883686832678e-01 -3.259535028858217554e-01
5.465840342437024990e-01 -9.154667933957287562e-02 6.282310120875603809e-01 -2.876353277290601973e-01
1.693357986976162355e+00 -1.192957677496799818e+00 6.483620175867131907e-01 -8.671922280518726822e-01
5.268658356000328613e-01 -1.765181892608309600e-01 5.571818850701164977e-02 -1.458936191914858571e-01
5.487060240235017705e-01 -1.795647446846944037e-02 8.678586465067560374e-01 -9.188922403577387543e-01
1.988641446332373381e-04 1.365348303183662590e-04 -1.896015172098894014e-05 -9.275352178337004886e-05
1.324536384077486639e+00 -6.547827466560941501e-01 6.557043931452137819e-01 -6.679391160773073821e-01
1.212254168590855219e+00 -9.768095462863070066e-01 6.374630094290076876e-01 -6.094503710016494491e-01
1.046844942921464350e+00 -6.010901573106629536e-01 7.553539518932192998e-01 -1.067415422301732919e+00
1.043830106889319653e+00 -6.022361770691554428e-01 8.695667892854300751e-01 -6.971845564570046117e-01
1.287309870352944762e-04 6.738329354173717034e-05 -5.074297460370409240e-05 -9.045086565015120011e-05
1.527400777767216722e+00 -7.832538283984393779e-01 6.874285236375813346e-01 -3.484144305163371369e-01
1.699419950383361012e-04 1.165961537520517462e-04 -2.532468360821996833e-05 -7.755502867767802874e-05
1.689158224256199342e-04 9.569054572561476327e-05 -7.550837089597858506e-05 -1.403200655619923161e-04
1.797159385854898159e-04 1.006696365275400082e-04 -1.736423218888112094e-06 -5.931637322453886584e-05
1.542108589691965959e+00 -9.161776166859084691e-01 6.371256996486939217e-01 -4.737339715351394642e-01
5.484793453897306437e-01 -1.427772706805827407e-01 3.005731667551639341e-01 -1.257348872008478280e-01
4.680731564843969017e-01 -1.516766748845603530e-01 8.328852134144286712e-01 -9.707166562555693545e-01
1.652361030713744622e-04 4.750525867527301477e-05 -2.803854696377330247e-06 -6.190088286786831753e-05
4.798486386050611618e-01 1.495395924870007442e-01 2.061751889605830668e-01 -1.153536183873695720e-01
9.274070633150065524e-01 -5.475256735681883757e-01 6.136030833228814929e-01 -7.275953510012472814e-01
1.295858415253942741e+00 -1.074151866404547295e+00 7.805139305729519306e-01 -1.107796728414028431e+00
1.537028929025094988e-04 9.671941825457941509e-05 4.728532242636596489e-06 -6.407455281340868026e-05
1.586888014029860516e-01 8.532285396933671218e-02 5.042443130022131702e-03 -5.866429056508545153e-02
8.089245138128156043e-01 -3.967751068486503607e-01 1.004059657059767519e+00 -7.853637051685060655e-01
1.568645287511292397e+00 -7.133605303457188906e-01 8.240584642525410342e-01 -3.967203486824652514e-01
1.177256304696686480e-04 3.821863842933842677e-05 -4.822809339186607869e-05 -1.007435544112215563e-04
1.542488165061535195e-04 7.656610056792937595e-05 -2.261746579640205339e-05 -9.636813753566078069e-05
7.203330913584274908e-01 -3.695792249857908773e-01 3.755886500132464834e-01 -6.704810181361755550e-01
5.966336228194363267e-01 5.487789990500405862e-02 2.049983636953199573e-01 -2.612162483620327769e-01
1.227521962720762527e+00 -4.406915883138511902e-01 9.535334831229538288e-01 -5.049096601842737453e-01
1.107797552370113792e+00 -8.720559939106212743e-01 4.289121049595966961e-01 -7.368184157899033693e-01
9.783661615482647234e-01 -4.942394773586529788e-01 5.727736482182549382e-01 -4.719495193794262522e-01
1.616062511532837822e-04 1.410185222847599800e-04 -1.059177519450445765e-05 -1.079484320942306118e-04
8.547178028693995788e-01 -2.745078443139005731e-01 1.639104822358325164e-01 -2.076983641760946631e-01
1.463552391768274902e-04 4.618844574481320385e-05 8.469890843988625440e-06 -8.454986353691174277e-05
7.968106248762535371e-01 -5.257435869773756654e-01 4.813555552570401574e-01 -5.705355191989726071e-01
8.903521730841463810e-01 -3.695918307479595377e-01 6.487555441663868105e-01 -5.316203481869147263e-01
8.359260678678116507e-01 -4.175409372949692166e-01 7.216783145631383567e-01 -5.705689990112443599e-01
7.937681232414763866e-01 -4.706176387914913217e-01 6.403568019587276838e-01 -7.055557931907487923e-01
1.364433781735352180e-01 2.166837286385847952e-02 2.070036520747680145e-02 -4.515880784256245256e-02
1.726577282721211270e-04 7.312844517230684971e-05 -4.551127910911858745e-05 -9.838447091668718137e-05
1.050837650986862659e+00 -6.332526207836769450e-02 7.169785766659194648e-01 -4.695509285087941520e-01
1.024823626741543370e+00 -2.919927993792729715e-01 7.055570373232755710e-01 -6.179722893853097920e-01
1.602232711915747853e-04 7.348743521481712984e-05 -3.581057421050271158e-05 -9.924751235240799761e-05
1.105548107738718805e-04 2.171563918082202124e-05 -2.954101618730168720e-08 -7.874443672319264727e-05
7.599247457008243556e-01 -1.021843674450287343e-01 9.156474849063399590e-01 -6.771302508715344448e-01
1.304634898555383948e+00 -6.120257439611586081e-01 3.875645603654795379e-01 -2.549663943823169410e-01
1.014846813214357324e+00 -3.339667805159035607e-01 5.236729938722787248e-01 -4.756206267500871498e-01
6.578382405024258972e-01 -3.355333018608788187e-01 8.772277524602700716e-01 -7.108277457384241105e-01
1.088189871579680132e-04 5.119033846565419510e-05 -2.484932667421519065e-05 -1.022456786356452864e-04
1.496270556172083044e+00 -6.287906639166985778e-01 6.278660938435322025e-01 -5.230914546395222242e-01
1.930567141839744814e-04 7.576517615258053604e-05 -1.981260056062627686e-05 -8.361543337603669502e-05
8.145656376056340520e-01 -5.196888402400615670e-01 8.516546880422846133e-01 -7.018763747168937916e-01
1.256893242509560097e-04 6.474367093251321456e-05 -5.401929291246827981e-05 -1.032666483210781212e-04
1.388342036651833977e+00 -8.156001935241047329e-01 4.567400348950942379e-01 -4.882374755816090706e-01
1.264062295611418696e+00 -4.735519454943699635e-01 6.027034383367751991e-01 -5.368970091582023763e-01
1.029674886610236539e+00 -2.264123621113056095e-01 7.959441419266819473e-01 -6.464217912632520546e-01
5.923084185338833851e-01 -3.636373743859978164e-02 2.305201024083265160e-01 -1.806647711847289839e-01
1.927123553433656203e-04 8.175904477633922653e-05 2.530369114831997363e-05 -7.415183746992788042e-05
9.410248597526303937e-01 -1.074182799566159252e+00 7.008620029761612746e-02 -7.628677746220799971e-01
5.136691175378402807e-01 3.137537439323570543e-02 3.847146964865497676e-01 -3.654593265444838757e-01
1.306284071867422607e-04 5.082785020068343509e-05 3.642820642821324528e-05 -2.299673790587013000e-05
1.277443090595290931e+00 -5.150143763752591530e-01 2.724216315217836692e-01 -1.497623966485774061e-01
1.076704040959584718e+00 -7.415592405945387044e-01 6.072410833681026743e-01 -1.038291068836740161e+00
3.637994243473076650e-01 1.113938249293899979e-01 2.568776378689063278e-01 -7.922521100886874279e-02
1.125602206319880283e+00 -6.066994042401993026e-01 6.770234078249895981e-01 -8.088703600619117084e-01
1.055337777493082552e+00 -5.824172867254987507e-01 7.425881242407651461e-01 -5.825276904254226285e-01
5.353983048433411662e-01 -4.638929637340859502e-01 5.297722168871887849e-01 -6.672193271512864010e-01
1.399308994774785806e-04 9.013045613732605012e-05 -7.566286797213286951e-05 -1.193548329911860341e-04
5.924805395946108888e-01 2.254842315870186631e-01 9.034207957613703543e-01 -7.198484324646571286e-01
1.884383487460360884e+00 -9.677401164767361896e-01 8.016136607124280111e-01 -4.667002046620606359e-01
1.465999755706733021e+00 -9.662864859915235582e-01 5.414311619569689427e-01 -5.133905657955426527e-01
5.415714003721148195e-01 -3.504111656162135491e-01 4.982122616887202371e-01 -7.392017923309837091e-01
1.698120206207474503e+00 -7.996457289359160114e-01 9.394155961387608000e-01 -7.723082301023954654e-01
1.482411617201647043e-04 6.904192701570737996e-05 -2.331178656948889813e-05 -5.920797153937698792e-05
1.176221418784481748e-01 2.336858757139817500e-02 3.955115770872477676e-02 -6.663725320282923303e-02
1.373402231305037753e-04 7.151606133903505873e-05 -5.387818327523614161e-06 -6.306088293198808389e-05
5.000358964118186700e-01 -4.591512788637879677e-02 2.856480215583651616e-01 -2.244748992378585439e-01
8.816300391661092695e-01 -7.495405057135172688e-01 3.429698730311825372e-01 -9.041806476432601158e-01
5.108525514214208307e-01 7.766345247646223859e-02 3.202983064778152089e-01 -1.363476191150898298e-01
1.574542538413250758e+00 -6.354528292626162589e-01 7.673749248056288552e-01 -1.799285519966636604e-01
8.893187870195640166e-01 -6.123051977221906084e-01 3.875581675885949595e-01 -8.601645524174220681e-01
1.034322059179100695e+00 -5.357369524816359974e-01 7.405694697335898358e-01 -6.729247852723686529e-01
1.837633893482035891e-04 9.742989643258452657e-05 -3.116987852233062676e-05 -1.230719006203851958e-04
4.339509159376654379e-01 -8.443231841450549169e-02 3.556815320023510862e-01 -1.573546517083689034e-01
8.966646781804227251e-01 -5.081916275582675224e-01 4.387880589345932725e-01 -3.669429724273579052e-01
2.159831073878633670e-02 1.121722574026466114e-02 -4.694087329423167997e-03 -1.276894341332189195e-02
4.184875224321852882e-01 4.318990366076080195e-02 2.567373465217256956e-01 -1.144600956990359936e-01
5.756392219919018727e-01 -4.037117876394606397e-01 6.848242816005761791e-01 -6.624966436638829448e-01
6.741609289238141844e-01 -1.063219053423189731e-01 3.195295606480416106e-01 -9.991415268285236406e-02
1.525963587196870641e+00 -7.801438079633437050e-01 7.649075438451907738e-01 -9.966159366972197065e-01
1.777706790201506271e-04 1.068111168087623199e-04 -7.613649784050303851e-05 -1.235175125487200632e-04
1.144161039118980446e-04 8.186814045549670312e-05 -4.138667899786388766e-07 -8.516593592369314878e-05
1.266531369243483418e+00 -9.339737634911272623e-01 -2.273935489626797979e-01 -9.765030063188236131e-02
2.042859913158588951e-04 1.071156904964302905e-04 3.385392302199320452e-05 -7.356979497504569912e-05
1.073895300013405940e+00 -4.194890076649946398e-01 5.895994136426058185e-01 -5.094066075676962901e-01
9.547971258271059636e-01 -6.873940406516303447e-01 7.460208834660299049e-01 -9.016952678942086186e-01
1.275987709588967789e+00 -7.089431618777525257e-01 4.850109768620040618e-01 -5.384513370589302239e-01
8.013063199580671148e-01 -5.077164252281705092e-01 4.462187607103914044e-01 -5.792719918832255344e-01
1.050143453669029725e+00 -7.116204993291115333e-01 6.749057151782739128e-01 -6.319978236816919948e-01
1.377629631400414760e-04 7.331259082924008444e-05 1.932288035075548581e-06 -9.533861564023173355e-05
1.716071274523021384e-01 8.552726387619126458e-02 6.952275000440761958e-03 -5.954697126250908107e-02
1.840511671501900007e-04 6.679547125927291090e-05 -6.802872710467071774e-06 -6.761437396571927882e-05
5.861110095215297244e-01 -1.776229331199116190e-01 4.581370694718164827e-01 -8.763900595068509214e-02
1.626133026302290733e-04 1.073947473884396658e-04 -7.335810796516722705e-05 -1.462931642003736249e-04
1.426229716315750295e-01 7.372628213765264338e-02 1.781701839635463358e-02 -7.836989283738589329e-02
8.481230647890125596e-01 -5.532761635388760979e-01 7.245763554756117220e-01 -7.855244223319025609e-01
1.562943795621393869e-04 1.068917131968861821e-04 -3.348810610351833444e-05 -1.052735458895451488e-04
1.484140784107505162e+00 -7.173068006121720019e-01 5.200271360107094898e-01 -2.614734746159195766e-01
1.095212913208368111e+00 -6.163929989903350615e-01 6.320819031987012782e-01 -7.537965789009872797e-01
1.010923981980200281e+00 -3.926740275789614154e-01 7.268202130243892611e-01 -4.806658115535080156e-01
8.662946023352705582e-01 -6.111807969301364940e-01 4.426947943420526665e-01 -7.526829938480517068e-01
6.859028878548693031e-01 3.322740034976762180e-02 2.785404534070063387e-01 3.399571949013179689e-02
9.152614423924466669e-01 -5.941207855219283740e-01 6.198070716491705934e-01 -9.963544057783988439e-01
9.511280651321154178e-05 4.433769989336504432e-05 3.137491302335243812e-06 -5.270678627093427257e-05
5.732804742553536670e-01 7.544373501082766997e-02 4.025226807133802653e-01 -3.972072439761561435e-01
1.189799907624666808e+00 -9.310424175313332107e-01 3.423299334547269535e-01 -4.455493478638790639e-01
9.574940692761879646e-01 -9.286481634785572759e-01 3.305568534061059105e-01 -6.994520982166873013e-01
1.549690020871654084e-01 6.195648124369278892e-02 -1.313198904850878396e-02 -1.188484474942894803e-01
8.360932617956289281e-01 -5.662593398454570659e-01 5.471889617767244918e-01 -4.296213260938763212e-01
1.369620745804445427e-01 2.212948372527058852e-02 5.946331046247404356e-02 -2.578475473852776673e-02
2.055651130896865423e-04 1.541520525817378028e-04 -1.503615948364267504e-05 -7.458981883589940851e-05
6.669682836168945306e-01 8.450416478431531375e-02 5.202511688298381287e-01 -4.157428207117640218e-02
8.298363468681008159e-01 -5.071553288746123433e-01 7.308661928950540565e-01 -8.721333862130180581e-01
1.414632189570412368e+00 -1.086724644939160989e+00 -3.801846849248155524e-01 1.469994497437223657e-01
5.976370273467008776e-01 -5.564221611555388719e-02 2.793434872405065050e-01 -4.289463580425523781e-01
5.192622405900892968e-01 -1.514933076298635890e-02 5.065781094576230492e-01 -4.390985469641162653e-01
7.550945806584445918e-01 1.116533985292239572e-02 5.718674290970980623e-02 8.361728925936720569e-02
1.077710656858944294e+00 -2.010214983187398607e-01 6.395307006585077003e-01 -6.258203689373337264e-01
1.578960724480123895e-02 8.423093354369809091e-03 3.969704260136494925e-03 -8.334450453682546583e-03
7.313271313828965114e-01 -5.695512451553320643e-01 5.356611084009149648e-01 -8.543144358906574753e-01
8.070527366479079978e-01 -9.630192253387633849e-01 5.047864521924966263e-01 -8.041813916297234632e-01
1.189445637231036690e+00 -6.235703403480399309e-01 8.126654061200316859e-01 -5.212452015347003309e-01
1.088335356507292770e-04 4.148464255218294749e-05 -1.747910582807768524e-05 -6.667547188639015988e-05
1.463268104475314857e+00 -7.440102867649146523e-01 5.680294552973492728e-01 -6.478491780460857719e-01
1.981714975094517100e-04 1.455642742047273826e-04 -4.348267409820034306e-05 -9.755781306554571865e-05
1.010199051388837699e+00 -8.100802721700872677e-01 6.968006421486231394e-01 -8.829714832586027518e-01
1.072915044651181482e+00 -3.406361506924104332e-01 6.574552463664283808e-01 -3.550722724726800283e-01
1.836813527343569873e-04 1.376049270524720529e-04 -1.217338207203179377e-05 -8.687776609453549449e-05
7.475573544826704664e-01 -7.323891883364634925e-01 6.435175041413598862e-01 -7.387121271379898380e-01
1.367805248582939281e+00 -1.108677988101756773e+00 4.424721209480611539e-01 -9.320684527454156099e-01
1.959309020292590152e-04 9.299849193232453970e-05 -1.299078659781493185e-05 -7.842422121034352018e-05
1.317997487679187785e+00 -6.528870610833726884e-01 7.646830302351310671e-01 -5.582505189339578289e-01
8.350262512674333504e-01 -4.389832342126983589e-01 7.410784556745290130e-01 -7.407181432215980132e-01
1.078804202072277008e+00 -5.687446073997720619e-01 5.111041567842391498e-01 -6.301530251671531024e-01
1.312569965895127961e-04 6.960886710683022798e-05 -1.541059299589017106e-05 -4.966887624294179791e-05
1.068888633091407137e+00 -4.153307211856490100e-01 6.179283881965278447e-01 -7.456772174222751071e-01
9.610379457856319529e-01 -3.638984578496906597e-01 4.774707650440609963e-01 -8.197438601206110675e-01
1.484912267194195890e+00 -5.581448930910889450e-01 6.155634938664674705e-01 -3.739177853558967590e-01
1.262739519159471787e-04 5.723196639930963121e-05 -4.920192551546540072e-07 -3.565775130572011866e-05
1.098165938454138901e+00 -5.694380061908652646e-01 7.264158972309913143e-01 -5.848046145035796783e-01
7.569678789580495115e-01 -6.779001324238835835e-01 5.403358975497534189e-01 -8.310772826591803497e-01
1.595659063589895732e+00 -1.212346436424808660e+00 3.106172914266771556e-01 -5.385544445697515448e-01
1.072562152012136005e+00 -7.515603856831778451e-01 5.989856842259316805e-01 -5.744000609013771852e-01
1.187038970624587630e+00 -4.017658778429329947e-01 6.849262551095728346e-01 -5.420975201112218089e-01
9.500496141246130843e-01 -1.730404029070976291e-01 6.191235916898739644e-01 -6.372044779925785107e-01
1.109671837355111229e-04 8.561188669544591277e-05 9.929531876109433671e-06 -7.066281536732660319e-05
8.553803412518934390e-01 -3.267076109936659090e-01 9.627906060232390706e-01 -1.264863678906615441e+00
1.592008556868648617e+00 -1.171799794415400164e+00 4.819981029567807496e-01 -5.898720632918981188e-01
1.494640086516340949e+00 -6.267149398521522086e-01 7.089881980877065226e-01 -5.427282166689149090e-01
1.482703024278873274e-04 1.131328961222457580e-04 -6.599326364385925144e-06 -5.853458530093479307e-05
6.584851444039743207e-01 -4.962524430433978284e-01 2.387472406098035682e-01 -2.353599086320813383e-01
1.090001935241240449e+00 -3.626850835798904604e-02 6.082693059621766540e-01 -3.188650155283771492e-01
1.629882694698691292e+00 -1.358376190360138791e+00 5.333743220524028716e-01 -4.552373933969487418e-01
1.141329106057935139e+00 -5.185300005094827247e-01 7.153956324733719008e-01 -6.286128838196856083e-01
1.466261052214620656e-04 7.410371942384706581e-05 -1.961575041949994861e-06 -9.848719364687089854e-05
1.148838403878956301e-04 7.554547054203016748e-05 -4.564396549465879422e-05 -1.202018473778125547e-04
4.747606150797784585e-01 -6.942030331036370960e-02 3.446564329919716285e-01 -1.228901469119513118e-01
8.809735374614185988e-01 -2.829957607716191981e-01 4.675278422263527967e-01 -5.120296636822585512e-01
1.374364473402633680e+00 -9.244163411144715736e-01 4.380238392470410802e-01 -4.398050663113413083e-01
3.985820307326499168e-01 1.087291447004006817e-01 1.739570579994302035e-01 -4.227681982930971416e-01
1.072927745980691849e+00 -5.356297863008958604e-01 5.728348850996146657e-01 -5.892268321146223453e-01
1.323894432275236399e+00 -8.682967751897857633e-01 3.972159991059470707e-01 -6.712757164575291480e-01
1.912405405712499997e-04 1.394315843758100310e-04 -1.575920097789396395e-05 -1.045383789291392135e-04
5.575976981117573006e-01 -3.137482176039572135e-01 3.130364788826098810e-01 -4.562698737788114522e-01
1.282151745971749746e+00 -6.002191589240264413e-01 7.797973452681065121e-01 -2.518739676248479831e-01
9.975844349283942147e-01 -5.640977962406462654e-01 6.775737849172630556e-01 -9.104531527539568847e-01
1.541707227731807658e-04 5.407663143896399108e-05 -4.300823933511989096e-05 -1.067841004283249980e-04
1.860905477228021198e-04 1.200640343868389110e-04 -2.801121884492571866e-05 -9.065552759660750750e-05
1.621110374303753887e-04 7.727672188620792533e-05 2.603997745288465611e-05 -1.085291294202599539e-04
8.564567712839080693e-01 -6.056983726376476973e-01 3.865524675460478843e-01 -4.756196301984408903e-01
1.196794969400392983e+00 -5.395641707792998565e-01 6.511785910791466625e-01 -3.497269001301517299e-01
1.693865823030387351e-04 9.422728196638282324e-05 -4.878523244641689969e-05 -7.307719247923408104e-05
9.777811915444843960e-01 -2.895197154169487641e-01 4.220394826585981973e-01 -2.801788439978037948e-01
9.661930723721083858e-01 -2.236587764440945425e-01 1.195682413046178949e+00 -9.837108670384367981e-01
1.277738267900001334e+00 -9.610706540539816212e-01 7.529584815204170001e-01 -9.872163932763993177e-01
1.283333303193672154e-04 4.490343040406049593e-05 -9.317322417256994913e-06 -6.822071140791847608e-05
1.654199365002955347e-04 5.836735924090863929e-05 -2.830978431508236585e-05 -6.822409490298977995e-05
1.378341667144968984e-04 7.910361358979979671e-05 -1.261612758535196232e-05 -1.064929541168564952e-04
1.118354000606020859e+00 -4.720727822061800971e-01 1.077150620120950641e+00 -7.997260935741483667e-01
1.076257681741342065e+00 -7.020312473394699770e-01 3.414021519437500651e-01 -8.762609197217221535e-01
1.074405396393919521e+00 -3.392965819538461547e-01 7.058782871947854032e-01 -2.851212073490530519e-01
1.660337869527131460e-04 5.779033402297359450e-05 -3.956901522693244698e-05 -1.195008548137536670e-04
1.411431197815624225e-04 7.378789735107231778e-05 -3.095828962434997894e-05 -1.067430720463306029e-04
1.531445578282425668e+00 -1.066404507431126802e+00 2.623512784213650750e-01 -8.747809173862761134e-02
1.015665043828707370e+00 -4.751650583625499080e-01 1.171332788007661607e+00 -7.132608813760862310e-01
1.426628936227214983e-01 1.149241617676971111e-01 -9.845514395667758628e-03 -8.489173763180186960e-02
9.554592631242736500e-01 -7.244436815268686658e-01 6.238165829240888138e-01 -7.475985150771232712e-01
1.055807315754436204e-01 6.662623623331462297e-02 1.403786069620957706e-02 -6.806868388165837613e-02
1.487010599884652296e-04 6.618845955256764143e-05 -1.183651710812668383e-05 -7.263056854679581171e-05
1.515120083152701858e+00 -8.121074577090600100e-01 6.232824617968109049e-01 -3.109275014122289682e-01
1.473877038656531691e-01 4.437710050949788404e-02 1.526356942726250342e-03 -9.289069593397390745e-02
1.096224440515493725e+00 -7.338651900650833282e-01 5.566470593646404286e-01 -6.577623099102117843e-01
8.438811371288839069e-01 -3.172105977759579476e-01 7.542319545865384667e-01 -5.279256256605682207e-01
1.193741896557583670e+00 -3.319496200649502127e-01 7.514238124271537256e-01 -3.910100152238010773e-01
1.739937316611145607e-04 6.608908205631311655e-05 -1.357741291539738568e-05 -1.062363912867265211e-04
1.636776364596192318e-04 1.028446778216940432e-04 -6.774264593270940894e-05 -1.339797734650525574e-04
1.299504843579405711e-01 3.695864367402858230e-02 4.990140399085377099e-02 -5.483877308767899639e-02
1.360768138035604313e-01 1.161482472306956115e-01 3.295269274136618243e-02 -2.511775505111683154e-02
1.136718286320154370e+00 -8.094979158039725675e-01 7.298315780976079026e-01 -6.182976233434981372e-01
1.260112749948064234e-04 5.925771716053368894e-05 -7.630358986513947146e-05 -1.557904653311767732e-04
1.452542015053199131e+00 -1.004467315795615656e+00 3.504507465706115377e-01 -5.169053340269837982e-01
6.922556388609067968e-01 -6.999322059798743778e-01 7.156666920558993894e-01 -8.144140569717162048e-01
1.545105585339871096e-04 1.039411867171720106e-04 -1.777129103793916387e-05 -9.132734111421111152e-05
1.057959443595785753e+00 -5.613721485736793415e-01 2.806042755261138888e-01 -5.539245871473578164e-01
6.771334779146879201e-01 9.173330801371638865e-02 2.989116597481777382e-01 -4.687296994142998302e-02
1.517314543378990913e-04 4.267838443387049333e-05 1.460966336524419711e-05 -9.115452703868873467e-05
1.144170743987441341e+00 -7.511898107334282759e-01 4.952875955666939389e-01 -1.018646258209069400e+00
1.542569599719064932e+00 -9.533340930615690212e-01 4.577010763184321540e-01 -4.207466678900933371e-02
8.910027331696798170e-01 -4.540156273970528122e-01 3.804466900301350374e-01 -6.323718241819696884e-01
1.468465646348671920e-04 1.116687022842350946e-04 1.500423960940036056e-05 -6.471260193373518262e-05
9.920376323047432887e-01 -5.298040573749830395e-01 7.485913222806457323e-01 -7.596262312648071058e-01
5.507081435997466246e-01 -7.810082412060398438e-02 4.375489566467886116e-01 -2.980923150236066688e-01
1.673855212437721411e-04 1.064614154320738556e-04 -3.100642234351085952e-05 -9.094967233836328689e-05
1.139895832151277544e+00 -4.755619142858245607e-01 7.111650258277436576e-01 -6.325235272765592498e-01
1.480405752534443790e-04 8.015347643871285313e-05 -6.484485944243683253e-05 -7.872895411928704560e-05
9.736784579745527690e-01 -7.499491034590012317e-01 7.071431777930327067e-01 -7.981175144889985917e-01
6.561983012800737258e-01 3.746176124763819781e-02 3.426304831425854291e-01 -1.647211335110768116e-01
9.529024897315240272e-01 1.490631280250517277e-01 7.838994379857066042e-01 -2.439458616359678478e-01
1.335767237327280677e-04 7.178196563927979640e-05 -5.039638463702192974e-05 -1.040236513151578975e-04
1.576490211674492325e+00 -9.507603893351561641e-01 2.068204068615463742e-01 -3.416131591516981536e-01
7.102128281939315002e-01 -9.131151010928226786e-01 7.422584406698816695e-01 -1.130851457469184584e+00
1.571475296379080788e+00 -1.172029332687442249e+00 2.268525487407960228e-01 -5.689690337799672148e-01
7.616508135357683562e-01 -3.328471561874087326e-01 5.633948900845798802e-01 -2.941810169080896209e-01
1.080746312762399228e-04 8.259055976910452987e-05 -1.583628017939976365e-05 -7.832213476396078706e-05
9.645118171767175230e-01 -2.411665684610668492e-01 9.314470765948353881e-01 -1.192596781708780362e+00
1.489432751014252876e+00 -7.331628525625356607e-01 5.088851135090051159e-01 -1.992357869633640255e-01
2.156408788063192080e-04 1.239212227146851085e-04 -4.701306181055507242e-05 -1.200375990092772144e-04
5.879030084319579741e-01 -2.177062387483914285e-01 -9.058562904323760878e-02 -3.027915020184479000e-01
4.731933425259154391e-01 1.463968110924677435e-01 3.211379175431114397e-01 -1.883511582277838381e-01
8.812016585932900270e-01 -6.318076204672554708e-01 8.700097727295772465e-01 -5.391675115095754256e-01
9.295996897550884430e-01 -3.883938191694711328e-01 8.054533925163817054e-01 -6.489550971693678338e-01
1.246399043929571127e+00 -2.852082793792675153e-01 5.832427818746196424e-01 -4.546594041725737223e-01
1.856178799693923652e-04 9.253747724902476254e-05 -2.896872146466174965e-05 -1.014304470130819824e-04
1.034667663253783010e+00 -5.718996553941482208e-01 4.148107880063534592e-01 -3.979328951814123383e-01
6.426204207699519610e-01 -3.344576980419058931e-01 5.858535550416354987e-01 -3.734892962128909533e-01
9.165287168529172579e-01 -6.858444783070444251e-01 7.048349844829729927e-01 -1.032446911014776481e+00
1.380477338424249967e-01 6.685848345369332923e-02 3.060205238565998076e-02 -4.425758104324661879e-02
1.286122759195244658e+00 -8.973428415318803752e-01 4.035373795227297777e-01 -2.630482766464162792e-01
1.869622787232869804e-04 1.176787767978934319e-04 -3.599105339595957785e-05 -9.200765536190054614e-05
1.210278464023639597e-04 4.538029902145663251e-05 9.216146714878365961e-06 -9.992532457290902561e-05
1.071946001724602970e+00 -6.643221237555845260e-01 7.445120220654595222e-01 -9.407346029858796310e-01
1.153622534225837937e+00 -7.837345522086949234e-01 4.654560706706635798e-01 -5.335053531314543074e-01
1.339281513277597035e-01 6.048931271977976698e-02 4.764891570363938289e-02 -4.025718982101170185e-02
1.402870491997287709e-04 9.023980177377309369e-05 -2.300153214762993900e-05 -2.501933996041161016e-05
1.491708364652164498e+00 -8.841965113392880049e-01 5.991967294379857423e-01 -9.629749875532900294e-01
9.424206213360356577e-01 -7.671586822640665826e-01 9.396616156515610330e-01 -1.066151673583095372e+00
1.267212554183296024e-04 5.670665166580850296e-05 3.528950317669098103e-05 -2.621189919886374869e-05
1.545987980129428285e+00 -9.841954746668474252e-01 7.279468361596812542e-01 -5.711556042340030226e-01
5.364226030580783178e-01 2.124340246538182486e-02 2.859300979681651533e-01 -3.770961347343798620e-01
1.514893891212460342e-04 7.300918705166527267e-05 -3.423129997127126353e-05 -1.260230691440218979e-04
1.263761653411834911e-04 4.422818719859982622e-05 6.000564373814706809e-06 -4.563839090352617486e-05
1.183891553813703590e+00 -6.006248746203471933e-01 8.998369811523373452e-01 -9.309395087380712974e-01
1.751559003556214919e-04 9.889408290965579027e-05 -4.808610400660869797e-05 -1.117657671080399430e-04
1.257680184004594581e+00 -8.614245891580882830e-01 2.561464417035083097e-01 -2.388017113531863689e-01
1.119323467245940229e+00 -5.319504239041593641e-01 6.853141053779853165e-01 -3.886403091955089040e-01
1.448031520586328996e-04 1.017259310282342638e-04 -2.776728541370716114e-05 -1.310903247232425106e-04
1.285482357565749689e+00 -8.656312937244295957e-01 3.774191807449736036e-01 -7.139478267796180999e-01
1.461577028610101196e-04 1.099761881565473957e-04 -5.142887889073975043e-05 -7.356706417531790087e-05
9.311079954995057362e-01 -4.647857760231788316e-01 4.773525891223143747e-01 -7.878398512777589069e-01
9.555162696748313866e-01 -3.963461238497704708e-01 9.857678393357185431e-01 -5.000158370643266181e-01
1.124078260401210949e+00 -4.750016078053273527e-01 5.728166264054077583e-01 -4.000715735100323078e-01
1.081805772302412150e+00 -5.661801193982082259e-01 3.388168504736686626e-01 -3.829766160227134342e-01
1.326085025612267257e-04 8.760133482604426770e-05 1.395415386529387892e-05 -7.480911534245187938e-05
5.622485308570673856e-01 -3.806827390723648841e-01 5.878048843215205599e-01 -7.148545030785535825e-01
1.190020487392512871e+00 -4.835770831386007051e-01 4.168731432802453285e-01 -6.848547413811900686e-01
1.501101666799744550e+00 -7.250633223028627450e-01 7.100819588752927958e-01 -3.709482839570823476e-01
1.156444440652929062e+00 -4.179484696346558725e-01 6.155948903390949800e-01 -5.159234843533028192e-01
1.114438177328012149e-04 6.937733413744616982e-05 2.362566568862688047e-05 -1.000070385612166586e-04
1.700828011414881125e-04 7.201815185586388950e-05 -3.308381927295531209e-05 -1.090363960404986722e-04
9.533646024119785123e-01 -6.207116730288615436e-01 5.691382146282694121e-01 -7.724884825344665584e-01
1.423731540375361981e-01 2.552754330014434664e-02 3.628883038186508925e-02 6.076595843338222780e-03
1.385451693327190092e+00 -5.118278947186026828e-01 2.627587640372662237e-01 1.469024027000812305e-01
7.657714930874088832e-01 1.628888601833173577e-01 9.198722654543480814e-01 -7.268743571392095593e-01
1.583763157101296670e+00 -1.323961868538749309e+00 5.320999195513349544e-01 -9.248141833294254432e-01
1.489891260581349924e-04 8.715475281451913676e-05 -7.106230848558839732e-05 -1.511259631897639776e-04
6.646418321132643303e-01 -3.527960544585917457e-01 5.742237385347831458e-01 -3.634775963598264603e-01
1.448110284801471970e+00 -1.171227307515914751e+00 8.308061640137140991e-01 -1.143514907139250303e+00
1.565557940198886383e-04 1.131212975400590549e-04 -6.210294371804913726e-05 -7.098092219189214649e-05
1.171504314449921091e+00 -3.241727064223060562e-01 1.159245915805771521e+00 -7.551268291141139954e-01
1.324697453538285113e-04 7.180161365394185566e-05 -1.891969678821297382e-05 -8.184214811661298921e-05
1.045952391806204584e+00 -5.989809899442146701e-01 4.323024427688135218e-01 -4.970905844002507235e-01
1.988222056706039488e-04 1.393184787042057613e-04 -5.024792992541382184e-05 -1.045246485308851266e-04
1.364709388493268399e-04 4.587535302027835772e-05 -2.061967388225729815e-05 -8.036206323154371320e-05
9.663039769762992170e-01 -6.170080306872895992e-01 7.769115958009817913e-01 -1.069288430886336183e+00
7.432301739434375998e-01 4.183578657717516858e-02 4.992045848177859013e-01 3.713295257833300334e-02
7.348035911473311810e-01 -6.748462961891266154e-01 4.109823582012605558e-01 -6.865024956959162594e-01
9.981203489306913479e-01 -7.681473532918774438e-01 2.040843910813789075e-01 -4.416279477106824780e-01
1.024559063917179325e+00 -5.210975783518824178e-01 7.248936292181340502e-01 -8.306271584489284265e-01
1.810944283425521808e-04 1.244254179517348825e-04 -7.993302815491737108e-05 -1.719556609348387355e-04
1.917084340252738633e-03 6.980575988486719058e-04 6.696353519697133792e-04 -1.689018739989388968e-04
4.449293211827884398e-01 -3.403313491971313859e-02 3.173223437907308209e-01 -1.373025038106698847e-01
1.372311882835995478e+00 -6.760937335198973219e-01 1.025322767222872633e+00 -9.592825289123509958e-01
8.428704004837263009e-01 -3.341280858270497811e-01 6.399211151431023481e-01 -2.929923495985881643e-01
1.822847015281425754e-04 1.416844697239047859e-04 -7.253852508915012811e-05 -1.592265556057197130e-04
1.488735080196417577e-04 7.467971604404711561e-05 -6.281185398882287337e-05 -9.197430533513385579e-05
1.308264317527639831e+00 -8.870687667749691530e-01 6.769280612894215121e-01 -5.273196822800368944e-01
1.509736304686922468e-04 9.793979093930065243e-05 1.168186511441033092e-05 -7.232988844184218117e-05
8.312509950544096915e-01 -2.022623399791566856e-01 5.425724709059034367e-01 -4.844612985937911676e-01
1.224213746853771489e+00 -9.171402620114765813e-01 6.123524344021484822e-01 -5.125640273749488829e-01
1.318914051435765289e-01 2.485194455174189604e-02 3.010932488192331891e-02 -5.993451646828035911e-02
1.826529268452403937e-04 7.872780865479162742e-05 -3.728854904237789307e-05 -1.240876879735375337e-04
2.060361862146015799e+00 -1.501245469152426404e+00 4.460988797794731564e-01 -3.497220785683872735e-01
4.167388615430793752e-01 -3.110225202384896831e-02 5.266717917416650907e-02 -5.203640854903808233e-01
1.690699656231233622e-04 9.054106978359650318e-05 1.979343109602893573e-05 -6.829257441957409724e-05
5.900671067525866675e-01 4.784522426307614290e-02 6.215092014504962625e-01 -3.360276207127968484e-01
8.837186477422815933e-01 -5.544625065230077698e-01 5.855842292505112345e-01 -6.217040280248089523e-01
1.043914351688724595e+00 -5.606351773165810792e-01 7.432786081465507788e-01 -6.134462621881894284e-01
1.643493953457579430e-04 1.029460793344831018e-04 -3.656029380780554072e-05 -1.350674620463876950e-04
1.066806183316286516e+00 -5.916513806562404554e-01 7.290747040634962262e-02 -7.668646318694588571e-02
8.017939711204727926e-01 -1.956658273199998188e-01 7.033594496481568870e-01 -5.218199756475038198e-01
1.894854138451701616e-04 6.583093821706307962e-05 -4.024750376869014695e-06 -1.062117700109859391e-04
1.404228778578421044e-01 3.931662743956205325e-02 3.851688357549370306e-02 -2.038358747750682737e-02
1.228320543648542484e+00 -7.726781579934715039e-01 8.475039133841986150e-01 -7.785938688429829835e-01
1.599216675022958575e-04 9.412870508004184122e-05 -4.994576026039230994e-05 -1.180886649417012133e-04
1.054002551221421946e+00 -6.299991581889438086e-01 4.638004442017906181e-01 -5.882652348823880217e-01
1.462491098531488098e-04 7.842550513181029029e-05 -3.916929866687474233e-06 -9.008119100826387311e-05
1.384524949654900361e+00 -8.973154503778228985e-01 7.330598797318492732e-01 -9.010317891316717009e-01
6.440861674725213426e-01 -3.777251165439163838e-01 5.488930967824472429e-01 -6.066693452707707657e-01
1.461130869822087897e-01 2.873929468803600173e-02 3.353714163497049233e-02 -4.379513187255494600e-02
1.626760735234251401e-04 1.130371380493373919e-04 -6.049199554566575581e-05 -1.266433736117713357e-04
1.032996970500367873e+00 -3.607324840164171098e-01 6.417235372911502811e-01 -3.438023681295171996e-01
1.042558398086958604e+00 -7.660270773327817473e-01 6.172263988079847996e-01 -6.831845842360053656e-01
7.922274997141336428e-01 -3.257172322933865605e-01 7.008277016348035682e-01 -5.830218207244172168e-01
8.502039052756094062e-02 9.546023800962194841e-03 4.004902681750654309e-02 -1.981098700033900178e-02
1.539533624607333673e+00 -5.291437985256075560e-01 3.771364081927938150e-01 -3.904033375330419608e-01
1.843854435062673193e-04 9.749107344332162033e-05 -3.943558120592738434e-05 -1.361144115481151176e-04
6.657915768032326431e-01 7.664797894227916297e-02 3.516259878224257118e-01 -2.866957005311610018e-01
1.252509731055559294e+00 -7.945551472515332003e-01 5.384901810694864288e-01 -7.010889936696226288e-01
6.033677576329442571e-01 -2.241135194310039103e-01 4.508661430570335971e-01 9.371198762958289630e-02
1.573243968520645296e-04 8.437076787811469765e-05 -4.232082647765320299e-05 -1.256632824903270351e-04
1.162398134993538002e-04 8.772376193893037933e-05 -4.068158334703983437e-05 -1.179450087016688172e-04
2.103013488076250408e-04 1.197372600323297706e-04 -6.200275858182889707e-05 -1.119576649638667515e-04
1.341857967688445770e-04 3.459674067648895829e-05 -1.598485920888966950e-05 -5.746673640703916375e-05
1.038789000119840100e+00 -4.409018994352383869e-01 8.928897892503069311e-01 -7.966634510495548271e-01
1.331273290401381315e+00 -7.888016558223002184e-01 7.186114779001947506e-01 -5.253967137970687595e-01
8.745068957709936641e-02 3.548110803831436288e-02 3.933840094526650649e-02 -6.844232600529794042e-02
1.740040785089339792e+00 -8.327467899356256753e-01 1.881181590627679645e-01 -1.452876287542416711e-01
7.757986660947977509e-01 -5.267743279849643745e-01 7.243207954317871788e-01 -7.738925757251678972e-01
7.307479013069344297e-05 -9.727475727606061577e-06 9.399212390238117045e-05 1.827000301110862478e-05
1.597737327635164394e-04 9.074449760400378896e-05 -2.655117360895553361e-05 -1.313613164083296905e-04
5.431282685261498155e-01 6.919310798717612232e-02 2.065021015862031073e-01 -3.054517976804348445e-01
2.049113263405437303e-04 1.356027482028253730e-04 -1.236046883708133380e-05 -1.050733221458760981e-04
1.224593725155689983e+00 -6.400275821882124294e-01 6.310308607720226393e-01 -2.830000052759250595e-01
1.424772358651302806e+00 -9.871830575900661930e-01 5.998518791210647461e-01 -7.740681884875362240e-01
1.572198735085220795e-04 8.510746930396737486e-05 -6.305365907324312725e-06 -7.592508308251934160e-05
6.777693027322241326e-01 -5.830759514075191108e-01 3.979467835798751185e-01 -7.965994126397418773e-01
1.614041862421113072e-04 1.215925515497447433e-04 -3.913975984140842019e-05 -9.367285142287752099e-05
1.074722927281432094e-01 4.179701891471630099e-02 1.323856951721522112e-03 -7.746298959955759400e-02
1.264621885486950204e+00 -8.644212223497277359e-01 6.089882829856998470e-01 -6.406129437723211417e-01
6.270547008596186744e-01 -7.060770011150675762e-02 2.676108754406534285e-01 -2.073608849965537515e-01
1.137393138870656406e+00 -7.103658033235914493e-01 6.856271290813786834e-01 -6.046524970110404018e-01
