0.000000000000000000e+00 0.000000000000000000e+00 2.200527421425757524e-01
0.000000000000000000e+00 1.000000000000000000e+00 1.573273099815379605e-01
0.000000000000000000e+00 2.000000000000000000e+00 9.631873143447933217e-02
0.000000000000000000e+00 3.000000000000000000e+00 1.062071266048095902e-01
0.000000000000000000e+00 4.000000000000000000e+00 1.746849046747140366e-01
1.000000000000000000e+00 0.000000000000000000e+00 1.697278416981684579e-01
1.000000000000000000e+00 1.000000000000000000e+00 1.285949113222855655e-01
1.000000000000000000e+00 2.000000000000000000e+00 2.162688428388478412e-01
1.000000000000000000e+00 3.000000000000000000e+00 1.344653096574215945e-01
1.000000000000000000e+00 4.000000000000000000e+00 1.449163204461517418e-01
2.000000000000000000e+00 0.000000000000000000e+00 1.579054782420763470e-01
2.000000000000000000e+00 1.000000000000000000e+00 1.076278188886685278e-01
2.000000000000000000e+00 2.000000000000000000e+00 1.206255705435665543e-01
2.000000000000000000e+00 3.000000000000000000e+00 1.615489416681967216e-01
2.000000000000000000e+00 4.000000000000000000e+00 2.259141786326052670e-01
3.000000000000000000e+00 0.000000000000000000e+00 1.794722488532652094e-01
3.000000000000000000e+00 1.000000000000000000e+00 1.728442680074843141e-01
3.000000000000000000e+00 2.000000000000000000e+00 1.507819003379430589e-01
3.000000000000000000e+00 3.000000000000000000e+00 1.205943013874442443e-01
3.000000000000000000e+00 4.000000000000000000e+00 1.404712789943590445e-01
4.000000000000000000e+00 0.000000000000000000e+00 1.497154506316088207e-01
4.000000000000000000e+00 1.000000000000000000e+00 1.492769596659193065e-01
4.000000000000000000e+00 2.000000000000000000e+00 1.637334408430619059e-01
4.000000000000000000e+00 3.000000000000000000e+00 1.594478279907905749e-01
4.000000000000000000e+00 4.000000000000000000e+00 1.561162360412179650e-01
5.000000000000000000e+00 0.000000000000000000e+00 2.182758453835700330e-01
5.000000000000000000e+00 1.000000000000000000e+00 1.623377081060137783e-01
5.000000000000000000e+00 2.000000000000000000e+00 9.975522149424487228e-02
5.000000000000000000e+00 3.000000000000000000e+00 1.942721878727468043e-01
5.000000000000000000e+00 4.000000000000000000e+00 1.382977832064128665e-01
6.000000000000000000e+00 0.000000000000000000e+00 1.292559368180944968e-01
6.000000000000000000e+00 1.000000000000000000e+00 1.946876597432773137e-01
6.000000000000000000e+00 2.000000000000000000e+00 1.793714436077562258e-01
6.000000000000000000e+00 3.000000000000000000e+00 1.399662627728604780e-01
6.000000000000000000e+00 4.000000000000000000e+00 1.361722131838285221e-01
7.000000000000000000e+00 0.000000000000000000e+00 1.419023549633567916e-01
7.000000000000000000e+00 1.000000000000000000e+00 2.216547799528423568e-01
7.000000000000000000e+00 2.000000000000000000e+00 1.266956058337375957e-01
7.000000000000000000e+00 3.000000000000000000e+00 1.631406001066043054e-01
7.000000000000000000e+00 4.000000000000000000e+00 1.371304168296554327e-01
8.000000000000000000e+00 0.000000000000000000e+00 1.495388304295799664e-01
8.000000000000000000e+00 1.000000000000000000e+00 2.020988998466043129e-01
8.000000000000000000e+00 2.000000000000000000e+00 1.001596893708443653e-01
8.000000000000000000e+00 3.000000000000000000e+00 1.600629088837745295e-01
8.000000000000000000e+00 4.000000000000000000e+00 1.240378655410468017e-01
9.000000000000000000e+00 0.000000000000000000e+00 1.423653644733137713e-01
9.000000000000000000e+00 1.000000000000000000e+00 1.198838450486068435e-01
9.000000000000000000e+00 2.000000000000000000e+00 1.810390418874363305e-01
9.000000000000000000e+00 3.000000000000000000e+00 1.797399871798053828e-01
9.000000000000000000e+00 4.000000000000000000e+00 1.481955932943914422e-01
1.000000000000000000e+01 0.000000000000000000e+00 1.885998944982015257e-01
1.000000000000000000e+01 1.000000000000000000e+00 1.302547171289789585e-01
1.000000000000000000e+01 2.000000000000000000e+00 1.283948404116620756e-01
1.000000000000000000e+01 3.000000000000000000e+00 1.724813681505369956e-01
1.000000000000000000e+01 4.000000000000000000e+00 1.471763145718605059e-01
1.100000000000000000e+01 0.000000000000000000e+00 1.865594216944312378e-01
1.100000000000000000e+01 1.000000000000000000e+00 1.176029379061417635e-01
1.100000000000000000e+01 2.000000000000000000e+00 1.650819670716834886e-01
1.100000000000000000e+01 3.000000000000000000e+00 1.414487111096854044e-01
1.100000000000000000e+01 4.000000000000000000e+00 1.271240246657768802e-01
1.200000000000000000e+01 0.000000000000000000e+00 1.254434122684201514e-01
1.200000000000000000e+01 1.000000000000000000e+00 1.546270223950600986e-01
1.200000000000000000e+01 2.000000000000000000e+00 1.970560807967553507e-01
1.200000000000000000e+01 3.000000000000000000e+00 1.708815768894417775e-01
1.200000000000000000e+01 4.000000000000000000e+00 8.914846077798373181e-02
1.300000000000000000e+01 0.000000000000000000e+00 1.516982598253962811e-01
1.300000000000000000e+01 1.000000000000000000e+00 1.149644597105761862e-01
1.300000000000000000e+01 2.000000000000000000e+00 1.778146786602984586e-01
1.300000000000000000e+01 3.000000000000000000e+00 1.515474685721678039e-01
1.300000000000000000e+01 4.000000000000000000e+00 1.721963157008140344e-01
1.400000000000000000e+01 0.000000000000000000e+00 1.257045954497631179e-01
1.400000000000000000e+01 1.000000000000000000e+00 1.397203932006600147e-01
1.400000000000000000e+01 2.000000000000000000e+00 1.372605022982201772e-01
1.400000000000000000e+01 3.000000000000000000e+00 1.487733540884725869e-01
1.400000000000000000e+01 4.000000000000000000e+00 1.793947972696878779e-01
1.500000000000000000e+01 0.000000000000000000e+00 1.942541517769922066e-01
1.500000000000000000e+01 1.000000000000000000e+00 1.275961621193515694e-01
1.500000000000000000e+01 2.000000000000000000e+00 1.166996276907092261e-01
1.500000000000000000e+01 3.000000000000000000e+00 1.945711074648569794e-01
1.500000000000000000e+01 4.000000000000000000e+00 1.429753633580616023e-01
1.600000000000000000e+01 0.000000000000000000e+00 1.691865731603587608e-01
1.600000000000000000e+01 1.000000000000000000e+00 2.138299284847980930e-01
1.600000000000000000e+01 2.000000000000000000e+00 1.633032464534777406e-01
1.600000000000000000e+01 3.000000000000000000e+00 1.168228555677008756e-01
1.600000000000000000e+01 4.000000000000000000e+00 1.936079772289922007e-01
1.700000000000000000e+01 0.000000000000000000e+00 1.386044853789420994e-01
1.700000000000000000e+01 1.000000000000000000e+00 1.725301345318855373e-01
1.700000000000000000e+01 2.000000000000000000e+00 1.428487983306538922e-01
1.700000000000000000e+01 3.000000000000000000e+00 1.229788590461115549e-01
1.700000000000000000e+01 4.000000000000000000e+00 1.688596096040740902e-01
1.800000000000000000e+01 0.000000000000000000e+00 2.179311938617203848e-01
1.800000000000000000e+01 1.000000000000000000e+00 1.441763215010309074e-01
1.800000000000000000e+01 2.000000000000000000e+00 1.012751931271791139e-01
1.800000000000000000e+01 3.000000000000000000e+00 1.682444548913655524e-01
1.800000000000000000e+01 4.000000000000000000e+00 1.851330618579076215e-01
1.900000000000000000e+01 0.000000000000000000e+00 1.790010723693679084e-01
1.900000000000000000e+01 1.000000000000000000e+00 1.477886489006933479e-01
1.900000000000000000e+01 2.000000000000000000e+00 1.328484429106359110e-01
1.900000000000000000e+01 3.000000000000000000e+00 1.365648779753494413e-01
1.900000000000000000e+01 4.000000000000000000e+00 1.938589984024452484e-01
2.000000000000000000e+01 0.000000000000000000e+00 1.144490434033824389e-01
2.000000000000000000e+01 1.000000000000000000e+00 2.234364193658877895e-01
2.000000000000000000e+01 2.000000000000000000e+00 1.405426249441030229e-01
2.000000000000000000e+01 3.000000000000000000e+00 1.330184114466479439e-01
2.000000000000000000e+01 4.000000000000000000e+00 1.612978201228229269e-01
2.100000000000000000e+01 0.000000000000000000e+00 1.638153090256030675e-01
2.100000000000000000e+01 1.000000000000000000e+00 1.576160337054890448e-01
2.100000000000000000e+01 2.000000000000000000e+00 1.476695067789310367e-01
2.100000000000000000e+01 3.000000000000000000e+00 1.831420641672109884e-01
2.100000000000000000e+01 4.000000000000000000e+00 1.526721748161693482e-01
2.200000000000000000e+01 0.000000000000000000e+00 1.468816592927793263e-01
2.200000000000000000e+01 1.000000000000000000e+00 1.457218313197130855e-01
2.200000000000000000e+01 2.000000000000000000e+00 1.849399327638720225e-01
2.200000000000000000e+01 3.000000000000000000e+00 2.032738154282878185e-01
2.200000000000000000e+01 4.000000000000000000e+00 1.379507138295092694e-01
2.300000000000000000e+01 0.000000000000000000e+00 1.832751199048940627e-01
2.300000000000000000e+01 1.000000000000000000e+00 1.136983948519339482e-01
2.300000000000000000e+01 2.000000000000000000e+00 2.091092186038435996e-01
2.300000000000000000e+01 3.000000000000000000e+00 1.504690691194680019e-01
2.300000000000000000e+01 4.000000000000000000e+00 1.769536753036771437e-01
2.400000000000000000e+01 0.000000000000000000e+00 1.487110971204730903e-01
2.400000000000000000e+01 1.000000000000000000e+00 9.129752156113103700e-02
2.400000000000000000e+01 2.000000000000000000e+00 1.270816083306313959e-01
2.400000000000000000e+01 3.000000000000000000e+00 1.784386598447478822e-01
2.400000000000000000e+01 4.000000000000000000e+00 2.230203578218367955e-01
2.500000000000000000e+01 0.000000000000000000e+00 1.123648402160381393e-01
2.500000000000000000e+01 1.000000000000000000e+00 2.067123514611251822e-01
2.500000000000000000e+01 2.000000000000000000e+00 1.560664927205970554e-01
2.500000000000000000e+01 3.000000000000000000e+00 1.999384256853887210e-01
2.500000000000000000e+01 4.000000000000000000e+00 1.163257288003409218e-01
2.600000000000000000e+01 0.000000000000000000e+00 1.352720126167169246e-01
2.600000000000000000e+01 1.000000000000000000e+00 1.523732026227398728e-01
2.600000000000000000e+01 2.000000000000000000e+00 1.596012198405916127e-01
2.600000000000000000e+01 3.000000000000000000e+00 2.065911755462456478e-01
2.600000000000000000e+01 4.000000000000000000e+00 1.742156943954990267e-01
2.700000000000000000e+01 0.000000000000000000e+00 2.186410149951031334e-01
2.700000000000000000e+01 1.000000000000000000e+00 1.479722484288365225e-01
2.700000000000000000e+01 2.000000000000000000e+00 1.198918381315992043e-01
2.700000000000000000e+01 3.000000000000000000e+00 1.301957520882227048e-01
2.700000000000000000e+01 4.000000000000000000e+00 1.837715322418185249e-01
2.800000000000000000e+01 0.000000000000000000e+00 1.447536138194331912e-01
2.800000000000000000e+01 1.000000000000000000e+00 1.351497431937803972e-01
2.800000000000000000e+01 2.000000000000000000e+00 1.946746236607009295e-01
2.800000000000000000e+01 3.000000000000000000e+00 1.619878082130007391e-01
2.800000000000000000e+01 4.000000000000000000e+00 1.121642342615474103e-01
2.900000000000000000e+01 0.000000000000000000e+00 2.196207751225560667e-01
2.900000000000000000e+01 1.000000000000000000e+00 1.287370914965906277e-01
2.900000000000000000e+01 2.000000000000000000e+00 1.247046209993108307e-01
2.900000000000000000e+01 3.000000000000000000e+00 1.202890649647638949e-01
2.900000000000000000e+01 4.000000000000000000e+00 1.458472768627718796e-01
3.000000000000000000e+01 0.000000000000000000e+00 1.522021705694793503e-01
3.000000000000000000e+01 1.000000000000000000e+00 1.547462017592839412e-01
3.000000000000000000e+01 2.000000000000000000e+00 2.042687248180815318e-01
3.000000000000000000e+01 3.000000000000000000e+00 2.138211527497377862e-01
3.000000000000000000e+01 4.000000000000000000e+00 1.032660386363552646e-01
3.100000000000000000e+01 0.000000000000000000e+00 9.455159899783871502e-02
3.100000000000000000e+01 1.000000000000000000e+00 1.902874000349593642e-01
3.100000000000000000e+01 2.000000000000000000e+00 1.236404216079904778e-01
3.100000000000000000e+01 3.000000000000000000e+00 2.233027010460243988e-01
3.100000000000000000e+01 4.000000000000000000e+00 1.928290041797959820e-01
3.200000000000000000e+01 0.000000000000000000e+00 1.192666027725967498e-01
3.200000000000000000e+01 1.000000000000000000e+00 1.245713899055909540e-01
3.200000000000000000e+01 2.000000000000000000e+00 1.522970823657116002e-01
3.200000000000000000e+01 3.000000000000000000e+00 1.333062430713087831e-01
3.200000000000000000e+01 4.000000000000000000e+00 2.523510527742474085e-01
3.300000000000000000e+01 0.000000000000000000e+00 1.253116764729214072e-01
3.300000000000000000e+01 1.000000000000000000e+00 1.525042428459364718e-01
3.300000000000000000e+01 2.000000000000000000e+00 1.942984124681086944e-01
3.300000000000000000e+01 3.000000000000000000e+00 1.810113581096156887e-01
3.300000000000000000e+01 4.000000000000000000e+00 1.582502241910790364e-01
3.400000000000000000e+01 0.000000000000000000e+00 2.002411022660643414e-01
3.400000000000000000e+01 1.000000000000000000e+00 1.383641730803074343e-01
3.400000000000000000e+01 2.000000000000000000e+00 1.887194495612597167e-01
3.400000000000000000e+01 3.000000000000000000e+00 1.008371278674796562e-01
3.400000000000000000e+01 4.000000000000000000e+00 1.106196569119621553e-01
3.500000000000000000e+01 0.000000000000000000e+00 1.523919511783770608e-01
3.500000000000000000e+01 1.000000000000000000e+00 1.530476771296435945e-01
3.500000000000000000e+01 2.000000000000000000e+00 1.331733745233704413e-01
3.500000000000000000e+01 3.000000000000000000e+00 1.522271219072079407e-01
3.500000000000000000e+01 4.000000000000000000e+00 1.108834544450386511e-01
3.600000000000000000e+01 0.000000000000000000e+00 1.656250176346076852e-01
3.600000000000000000e+01 1.000000000000000000e+00 2.096742480543684894e-01
3.600000000000000000e+01 2.000000000000000000e+00 1.171593234942446549e-01
3.600000000000000000e+01 3.000000000000000000e+00 1.589997518485078143e-01
3.600000000000000000e+01 4.000000000000000000e+00 1.221572043981857397e-01
3.700000000000000000e+01 0.000000000000000000e+00 1.489971017132464270e-01
3.700000000000000000e+01 1.000000000000000000e+00 1.861198448526229232e-01
3.700000000000000000e+01 2.000000000000000000e+00 1.169450086991680876e-01
3.700000000000000000e+01 3.000000000000000000e+00 1.665486917949312584e-01
3.700000000000000000e+01 4.000000000000000000e+00 2.197197074200282763e-01
3.800000000000000000e+01 0.000000000000000000e+00 1.665167831258509978e-01
3.800000000000000000e+01 1.000000000000000000e+00 1.041031606551289790e-01
3.800000000000000000e+01 2.000000000000000000e+00 1.679611013247584439e-01
3.800000000000000000e+01 3.000000000000000000e+00 1.449924979422518301e-01
3.800000000000000000e+01 4.000000000000000000e+00 1.434103797479210907e-01
3.900000000000000000e+01 0.000000000000000000e+00 2.022560258509528697e-01
3.900000000000000000e+01 1.000000000000000000e+00 1.266790828723697859e-01
3.900000000000000000e+01 2.000000000000000000e+00 1.038987926339295237e-01
3.900000000000000000e+01 3.000000000000000000e+00 1.961911809184297972e-01
3.900000000000000000e+01 4.000000000000000000e+00 1.278822221195066167e-01
4.000000000000000000e+01 0.000000000000000000e+00 1.811880076918654658e-01
4.000000000000000000e+01 1.000000000000000000e+00 1.260482843170207534e-01
4.000000000000000000e+01 2.000000000000000000e+00 1.501186621287911860e-01
4.000000000000000000e+01 3.000000000000000000e+00 1.666708638871564618e-01
4.000000000000000000e+01 4.000000000000000000e+00 1.388253425316904321e-01
4.100000000000000000e+01 0.000000000000000000e+00 1.764678211858586865e-01
4.100000000000000000e+01 1.000000000000000000e+00 1.751286001825813621e-01
4.100000000000000000e+01 2.000000000000000000e+00 1.785663876215362322e-01
4.100000000000000000e+01 3.000000000000000000e+00 1.430263467520749565e-01
4.100000000000000000e+01 4.000000000000000000e+00 1.436026808521028431e-01
4.200000000000000000e+01 0.000000000000000000e+00 9.420755703667520187e-02
4.200000000000000000e+01 1.000000000000000000e+00 1.549014560543716668e-01
4.200000000000000000e+01 2.000000000000000000e+00 2.379112593790774222e-01
4.200000000000000000e+01 3.000000000000000000e+00 1.393336729973843058e-01
4.200000000000000000e+01 4.000000000000000000e+00 1.687054876331886832e-01
4.300000000000000000e+01 0.000000000000000000e+00 1.616787402412622754e-01
4.300000000000000000e+01 1.000000000000000000e+00 1.360297844715037119e-01
4.300000000000000000e+01 2.000000000000000000e+00 1.709034296565329902e-01
4.300000000000000000e+01 3.000000000000000000e+00 1.716104273867814223e-01
4.300000000000000000e+01 4.000000000000000000e+00 1.225660270532099860e-01
4.400000000000000000e+01 0.000000000000000000e+00 1.657374536586275482e-01
4.400000000000000000e+01 1.000000000000000000e+00 1.433414399341348122e-01
4.400000000000000000e+01 2.000000000000000000e+00 1.326962060113684450e-01
4.400000000000000000e+01 3.000000000000000000e+00 1.186111609733838806e-01
4.400000000000000000e+01 4.000000000000000000e+00 1.486776355188569043e-01
4.500000000000000000e+01 0.000000000000000000e+00 1.538962158228124877e-01
4.500000000000000000e+01 1.000000000000000000e+00 1.739507587964790325e-01
4.500000000000000000e+01 2.000000000000000000e+00 1.312755551782078534e-01
4.500000000000000000e+01 3.000000000000000000e+00 1.193444342964970345e-01
4.500000000000000000e+01 4.000000000000000000e+00 2.302560460494896544e-01
4.600000000000000000e+01 0.000000000000000000e+00 1.903194878094535691e-01
4.600000000000000000e+01 1.000000000000000000e+00 1.772439653241927593e-01
4.600000000000000000e+01 2.000000000000000000e+00 1.586876408340000266e-01
4.600000000000000000e+01 3.000000000000000000e+00 8.961912560498286329e-02
4.600000000000000000e+01 4.000000000000000000e+00 1.167663186065856507e-01
4.700000000000000000e+01 0.000000000000000000e+00 1.247782319692228442e-01
4.700000000000000000e+01 1.000000000000000000e+00 1.455865710478654595e-01
4.700000000000000000e+01 2.000000000000000000e+00 1.481791512577596004e-01
4.700000000000000000e+01 3.000000000000000000e+00 1.864723559441982537e-01
4.700000000000000000e+01 4.000000000000000000e+00 1.204850850789850464e-01
4.800000000000000000e+01 0.000000000000000000e+00 1.838641047747547330e-01
4.800000000000000000e+01 1.000000000000000000e+00 1.901718569706608852e-01
4.800000000000000000e+01 2.000000000000000000e+00 1.404211669985438171e-01
4.800000000000000000e+01 3.000000000000000000e+00 1.486562424628240231e-01
4.800000000000000000e+01 4.000000000000000000e+00 1.454563756513503336e-01
4.900000000000000000e+01 0.000000000000000000e+00 2.158637633038995585e-01
4.900000000000000000e+01 1.000000000000000000e+00 1.217501136760179431e-01
4.900000000000000000e+01 2.000000000000000000e+00 1.435796623045678122e-01
4.900000000000000000e+01 3.000000000000000000e+00 1.802018779622343581e-01
4.900000000000000000e+01 4.000000000000000000e+00 1.257603752528365371e-01
5.000000000000000000e+01 0.000000000000000000e+00 1.074569889353579610e-01
5.000000000000000000e+01 1.000000000000000000e+00 1.004639769403090771e-01
5.000000000000000000e+01 2.000000000000000000e+00 1.943612844479758461e-01
5.000000000000000000e+01 3.000000000000000000e+00 2.072591779062509521e-01
5.000000000000000000e+01 4.000000000000000000e+00 1.843207713869803033e-01
5.100000000000000000e+01 0.000000000000000000e+00 1.379010831136852078e-01
5.100000000000000000e+01 1.000000000000000000e+00 1.800112929959017394e-01
5.100000000000000000e+01 2.000000000000000000e+00 1.671232887214841034e-01
5.100000000000000000e+01 3.000000000000000000e+00 1.419076860077777558e-01
5.100000000000000000e+01 4.000000000000000000e+00 1.708521983826515600e-01
5.200000000000000000e+01 0.000000000000000000e+00 1.294792167426951357e-01
5.200000000000000000e+01 1.000000000000000000e+00 1.762719748983590795e-01
5.200000000000000000e+01 2.000000000000000000e+00 1.204883396157754305e-01
5.200000000000000000e+01 3.000000000000000000e+00 1.697538978236363127e-01
5.200000000000000000e+01 4.000000000000000000e+00 9.961469131203948280e-02
5.300000000000000000e+01 0.000000000000000000e+00 1.702861407440000585e-01
5.300000000000000000e+01 1.000000000000000000e+00 1.586106832234981390e-01
5.300000000000000000e+01 2.000000000000000000e+00 1.409615072508606237e-01
5.300000000000000000e+01 3.000000000000000000e+00 1.294883666521654264e-01
5.300000000000000000e+01 4.000000000000000000e+00 2.080233398651636645e-01
5.400000000000000000e+01 0.000000000000000000e+00 1.580940529571708275e-01
5.400000000000000000e+01 1.000000000000000000e+00 1.270916681402624315e-01
5.400000000000000000e+01 2.000000000000000000e+00 1.829427653366213491e-01
5.400000000000000000e+01 3.000000000000000000e+00 1.665296723513604304e-01
5.400000000000000000e+01 4.000000000000000000e+00 1.434457274719390663e-01
5.500000000000000000e+01 0.000000000000000000e+00 1.530052029207888686e-01
5.500000000000000000e+01 1.000000000000000000e+00 1.756742694252000914e-01
5.500000000000000000e+01 2.000000000000000000e+00 1.412105294138246703e-01
5.500000000000000000e+01 3.000000000000000000e+00 1.223018391428855600e-01
5.500000000000000000e+01 4.000000000000000000e+00 2.456188569937410582e-01
5.600000000000000000e+01 0.000000000000000000e+00 1.218393419713722919e-01
5.600000000000000000e+01 1.000000000000000000e+00 1.564491377447115028e-01
5.600000000000000000e+01 2.000000000000000000e+00 1.344691269937683953e-01
5.600000000000000000e+01 3.000000000000000000e+00 1.796327714937288600e-01
5.600000000000000000e+01 4.000000000000000000e+00 1.976376038832968196e-01
5.700000000000000000e+01 0.000000000000000000e+00 1.732956287375751747e-01
5.700000000000000000e+01 1.000000000000000000e+00 1.200025932021382413e-01
5.700000000000000000e+01 2.000000000000000000e+00 1.465938667532593054e-01
5.700000000000000000e+01 3.000000000000000000e+00 1.924424502451597963e-01
5.700000000000000000e+01 4.000000000000000000e+00 1.304043779848334528e-01
5.800000000000000000e+01 0.000000000000000000e+00 1.298426157471300468e-01
5.800000000000000000e+01 1.000000000000000000e+00 1.456497032586979157e-01
5.800000000000000000e+01 2.000000000000000000e+00 2.160274285124185456e-01
5.800000000000000000e+01 3.000000000000000000e+00 1.100065321918575478e-01
5.800000000000000000e+01 4.000000000000000000e+00 1.901617740150742530e-01
5.900000000000000000e+01 0.000000000000000000e+00 1.586706097824003847e-01
5.900000000000000000e+01 1.000000000000000000e+00 1.911977813666987658e-01
5.900000000000000000e+01 2.000000000000000000e+00 1.318747934815603651e-01
5.900000000000000000e+01 3.000000000000000000e+00 1.835015310549759637e-01
5.900000000000000000e+01 4.000000000000000000e+00 1.190530854555265361e-01
6.000000000000000000e+01 0.000000000000000000e+00 8.775452248490700491e-02
6.000000000000000000e+01 1.000000000000000000e+00 1.099587973736724650e-01
6.000000000000000000e+01 2.000000000000000000e+00 1.672140843580751379e-01
6.000000000000000000e+01 3.000000000000000000e+00 2.454409053457538847e-01
6.000000000000000000e+01 4.000000000000000000e+00 1.662113691202362631e-01
6.100000000000000000e+01 0.000000000000000000e+00 9.075074824977577559e-02
6.100000000000000000e+01 1.000000000000000000e+00 1.743131003483435471e-01
6.100000000000000000e+01 2.000000000000000000e+00 1.896339422366873639e-01
6.100000000000000000e+01 3.000000000000000000e+00 2.074806582188000181e-01
6.100000000000000000e+01 4.000000000000000000e+00 1.295097177145796419e-01
6.200000000000000000e+01 0.000000000000000000e+00 1.409471746718307938e-01
6.200000000000000000e+01 1.000000000000000000e+00 1.594732377056488626e-01
6.200000000000000000e+01 2.000000000000000000e+00 1.217384514271195733e-01
6.200000000000000000e+01 3.000000000000000000e+00 1.365989797841773989e-01
6.200000000000000000e+01 4.000000000000000000e+00 2.276116743063731074e-01
6.300000000000000000e+01 0.000000000000000000e+00 1.527037224490377654e-01
6.300000000000000000e+01 1.000000000000000000e+00 1.398777333905952824e-01
6.300000000000000000e+01 2.000000000000000000e+00 1.467765040075979244e-01
6.300000000000000000e+01 3.000000000000000000e+00 1.896816533796466531e-01
6.300000000000000000e+01 4.000000000000000000e+00 1.243649826515276224e-01
6.400000000000000000e+01 0.000000000000000000e+00 1.834229422326384140e-01
6.400000000000000000e+01 1.000000000000000000e+00 1.408166477344903467e-01
6.400000000000000000e+01 2.000000000000000000e+00 1.302836310193632441e-01
6.400000000000000000e+01 3.000000000000000000e+00 1.953847257874282428e-01
6.400000000000000000e+01 4.000000000000000000e+00 1.541935035010803534e-01
6.500000000000000000e+01 0.000000000000000000e+00 1.888743364444233908e-01
6.500000000000000000e+01 1.000000000000000000e+00 1.122241197796788742e-01
6.500000000000000000e+01 2.000000000000000000e+00 1.634654790226948151e-01
6.500000000000000000e+01 3.000000000000000000e+00 1.589395527141750641e-01
6.500000000000000000e+01 4.000000000000000000e+00 1.332564270322425526e-01
6.600000000000000000e+01 0.000000000000000000e+00 1.766220874129174334e-01
6.600000000000000000e+01 1.000000000000000000e+00 1.924649322116536165e-01
6.600000000000000000e+01 2.000000000000000000e+00 1.224554078151663533e-01
6.600000000000000000e+01 3.000000000000000000e+00 1.640342278809797105e-01
6.600000000000000000e+01 4.000000000000000000e+00 1.539634836791229089e-01
6.700000000000000000e+01 0.000000000000000000e+00 1.189714612096091501e-01
6.700000000000000000e+01 1.000000000000000000e+00 1.927219807161988929e-01
6.700000000000000000e+01 2.000000000000000000e+00 1.662701468058511989e-01
6.700000000000000000e+01 3.000000000000000000e+00 1.654770806739118694e-01
6.700000000000000000e+01 4.000000000000000000e+00 1.580943141090580817e-01
6.800000000000000000e+01 0.000000000000000000e+00 1.166938764617914820e-01
6.800000000000000000e+01 1.000000000000000000e+00 1.659407866973211243e-01
6.800000000000000000e+01 2.000000000000000000e+00 1.923647053168958676e-01
6.800000000000000000e+01 3.000000000000000000e+00 1.678594504155744294e-01
6.800000000000000000e+01 4.000000000000000000e+00 1.607441028202585276e-01
6.900000000000000000e+01 0.000000000000000000e+00 1.755428088751883331e-01
6.900000000000000000e+01 1.000000000000000000e+00 1.326440529396686885e-01
6.900000000000000000e+01 2.000000000000000000e+00 1.566970498027953351e-01
6.900000000000000000e+01 3.000000000000000000e+00 1.421814480566717942e-01
6.900000000000000000e+01 4.000000000000000000e+00 1.776967395779114611e-01
7.000000000000000000e+01 0.000000000000000000e+00 1.280431779426383643e-01
7.000000000000000000e+01 1.000000000000000000e+00 1.091944208288870427e-01
7.000000000000000000e+01 2.000000000000000000e+00 1.822243884981592232e-01
7.000000000000000000e+01 3.000000000000000000e+00 1.404593063562780408e-01
7.000000000000000000e+01 4.000000000000000000e+00 1.718930332932299410e-01
7.100000000000000000e+01 0.000000000000000000e+00 1.712383552823233401e-01
7.100000000000000000e+01 1.000000000000000000e+00 1.207850736896846355e-01
7.100000000000000000e+01 2.000000000000000000e+00 1.405063466922042426e-01
7.100000000000000000e+01 3.000000000000000000e+00 1.884841071179914895e-01
7.100000000000000000e+01 4.000000000000000000e+00 2.033838320894000851e-01
7.200000000000000000e+01 0.000000000000000000e+00 1.287461114224061343e-01
7.200000000000000000e+01 1.000000000000000000e+00 1.871113992103139168e-01
7.200000000000000000e+01 2.000000000000000000e+00 1.302057380551616683e-01
7.200000000000000000e+01 3.000000000000000000e+00 1.437242324465948795e-01
7.200000000000000000e+01 4.000000000000000000e+00 1.736270630701855222e-01
7.300000000000000000e+01 0.000000000000000000e+00 1.930649621861691700e-01
7.300000000000000000e+01 1.000000000000000000e+00 1.261717816613584509e-01
7.300000000000000000e+01 2.000000000000000000e+00 2.105912081047798812e-01
7.300000000000000000e+01 3.000000000000000000e+00 1.093608412089945997e-01
7.300000000000000000e+01 4.000000000000000000e+00 1.689314819357100317e-01
7.400000000000000000e+01 0.000000000000000000e+00 1.373831128440067273e-01
7.400000000000000000e+01 1.000000000000000000e+00 1.546908637812343112e-01
7.400000000000000000e+01 2.000000000000000000e+00 2.158902082537598188e-01
7.400000000000000000e+01 3.000000000000000000e+00 1.702726612382519933e-01
7.400000000000000000e+01 4.000000000000000000e+00 1.249565112985269455e-01
7.500000000000000000e+01 0.000000000000000000e+00 1.212231997421751861e-01
7.500000000000000000e+01 1.000000000000000000e+00 2.491958344152575000e-01
7.500000000000000000e+01 2.000000000000000000e+00 1.544021143647685557e-01
7.500000000000000000e+01 3.000000000000000000e+00 1.547516568589415165e-01
7.500000000000000000e+01 4.000000000000000000e+00 1.576335418765978658e-01
7.600000000000000000e+01 0.000000000000000000e+00 1.047690024065797143e-01
7.600000000000000000e+01 1.000000000000000000e+00 1.421234439715524656e-01
7.600000000000000000e+01 2.000000000000000000e+00 1.418357279321598163e-01
7.600000000000000000e+01 3.000000000000000000e+00 1.359917519547538811e-01
7.600000000000000000e+01 4.000000000000000000e+00 2.112864967950664752e-01
7.700000000000000000e+01 0.000000000000000000e+00 1.328672138819849136e-01
7.700000000000000000e+01 1.000000000000000000e+00 2.288448701386972262e-01
7.700000000000000000e+01 2.000000000000000000e+00 1.166342841962414723e-01
7.700000000000000000e+01 3.000000000000000000e+00 9.746591760107585489e-02
7.700000000000000000e+01 4.000000000000000000e+00 1.677635997347798891e-01
7.800000000000000000e+01 0.000000000000000000e+00 1.729813550813864287e-01
7.800000000000000000e+01 1.000000000000000000e+00 1.208800063243105349e-01
7.800000000000000000e+01 2.000000000000000000e+00 2.021049391207034307e-01
7.800000000000000000e+01 3.000000000000000000e+00 1.850831460738733281e-01
7.800000000000000000e+01 4.000000000000000000e+00 1.299558649518731679e-01
7.900000000000000000e+01 0.000000000000000000e+00 1.466901732752982634e-01
7.900000000000000000e+01 1.000000000000000000e+00 1.765258790711645986e-01
7.900000000000000000e+01 2.000000000000000000e+00 1.394046910153192431e-01
7.900000000000000000e+01 3.000000000000000000e+00 1.531404453966549450e-01
7.900000000000000000e+01 4.000000000000000000e+00 1.390807430471206751e-01
8.000000000000000000e+01 0.000000000000000000e+00 1.026744456517640069e-01
8.000000000000000000e+01 1.000000000000000000e+00 2.400096738794925966e-01
8.000000000000000000e+01 2.000000000000000000e+00 1.414224318061200747e-01
8.000000000000000000e+01 3.000000000000000000e+00 1.096941166027345232e-01
8.000000000000000000e+01 4.000000000000000000e+00 1.920637495015444507e-01
8.100000000000000000e+01 0.000000000000000000e+00 1.230734451581636663e-01
8.100000000000000000e+01 1.000000000000000000e+00 1.503050514773421331e-01
8.100000000000000000e+01 2.000000000000000000e+00 1.752711823520862744e-01
8.100000000000000000e+01 3.000000000000000000e+00 1.544344498235461771e-01
8.100000000000000000e+01 4.000000000000000000e+00 1.793391376588910346e-01
8.200000000000000000e+01 0.000000000000000000e+00 1.792546935745764902e-01
8.200000000000000000e+01 1.000000000000000000e+00 1.272545967119207422e-01
8.200000000000000000e+01 2.000000000000000000e+00 1.479150533101285803e-01
8.200000000000000000e+01 3.000000000000000000e+00 1.326374835467906965e-01
8.200000000000000000e+01 4.000000000000000000e+00 2.295303665115911163e-01
8.300000000000000000e+01 0.000000000000000000e+00 1.511966231582491382e-01
8.300000000000000000e+01 1.000000000000000000e+00 1.902782510984379338e-01
8.300000000000000000e+01 2.000000000000000000e+00 2.212703795938716356e-01
8.300000000000000000e+01 3.000000000000000000e+00 1.024467175932539387e-01
8.300000000000000000e+01 4.000000000000000000e+00 1.633138686700592035e-01
8.400000000000000000e+01 0.000000000000000000e+00 1.135695843707097280e-01
8.400000000000000000e+01 1.000000000000000000e+00 1.319760726846521126e-01
8.400000000000000000e+01 2.000000000000000000e+00 1.924613551145011592e-01
8.400000000000000000e+01 3.000000000000000000e+00 1.180775678331897199e-01
8.400000000000000000e+01 4.000000000000000000e+00 1.512516774328045710e-01
8.500000000000000000e+01 0.000000000000000000e+00 1.855222999510848236e-01
8.500000000000000000e+01 1.000000000000000000e+00 1.616807579948839613e-01
8.500000000000000000e+01 2.000000000000000000e+00 9.401448742701581929e-02
8.500000000000000000e+01 3.000000000000000000e+00 1.814432294805274348e-01
8.500000000000000000e+01 4.000000000000000000e+00 2.086423288939863452e-01
8.600000000000000000e+01 0.000000000000000000e+00 1.588688691123757990e-01
8.600000000000000000e+01 1.000000000000000000e+00 1.817857773332642313e-01
8.600000000000000000e+01 2.000000000000000000e+00 1.410808315231337762e-01
8.600000000000000000e+01 3.000000000000000000e+00 9.655875965510285486e-02
8.600000000000000000e+01 4.000000000000000000e+00 1.289493139439575053e-01
8.700000000000000000e+01 0.000000000000000000e+00 1.171455952381934840e-01
8.700000000000000000e+01 1.000000000000000000e+00 1.479502535147290687e-01
8.700000000000000000e+01 2.000000000000000000e+00 2.094763477258272111e-01
8.700000000000000000e+01 3.000000000000000000e+00 1.367749797658900091e-01
8.700000000000000000e+01 4.000000000000000000e+00 1.671198439283786696e-01
8.800000000000000000e+01 0.000000000000000000e+00 1.290069149592627251e-01
8.800000000000000000e+01 1.000000000000000000e+00 2.033737085310074466e-01
8.800000000000000000e+01 2.000000000000000000e+00 1.727363610474140498e-01
8.800000000000000000e+01 3.000000000000000000e+00 1.060695162326973917e-01
8.800000000000000000e+01 4.000000000000000000e+00 1.313729628577004205e-01
8.900000000000000000e+01 0.000000000000000000e+00 1.294088264330564009e-01
8.900000000000000000e+01 1.000000000000000000e+00 9.823896789162775423e-02
8.900000000000000000e+01 2.000000000000000000e+00 1.718616448650191197e-01
8.900000000000000000e+01 3.000000000000000000e+00 2.038270781495220840e-01
8.900000000000000000e+01 4.000000000000000000e+00 1.572734781318730068e-01
9.000000000000000000e+01 0.000000000000000000e+00 1.692524737023285153e-01
9.000000000000000000e+01 1.000000000000000000e+00 1.343309169605159392e-01
9.000000000000000000e+01 2.000000000000000000e+00 1.499926335216239248e-01
9.000000000000000000e+01 3.000000000000000000e+00 1.673110039670470395e-01
9.000000000000000000e+01 4.000000000000000000e+00 1.885462383802447572e-01
9.100000000000000000e+01 0.000000000000000000e+00 1.318550531662482928e-01
9.100000000000000000e+01 1.000000000000000000e+00 1.733227459794462189e-01
9.100000000000000000e+01 2.000000000000000000e+00 1.666041656756014899e-01
9.100000000000000000e+01 3.000000000000000000e+00 1.927740565134380968e-01
9.100000000000000000e+01 4.000000000000000000e+00 1.240986690614033910e-01
9.200000000000000000e+01 0.000000000000000000e+00 1.722622446107348326e-01
9.200000000000000000e+01 1.000000000000000000e+00 9.634391465951300249e-02
9.200000000000000000e+01 2.000000000000000000e+00 2.225238432490636298e-01
9.200000000000000000e+01 3.000000000000000000e+00 1.225910175857140988e-01
9.200000000000000000e+01 4.000000000000000000e+00 1.652872190429565402e-01
9.300000000000000000e+01 0.000000000000000000e+00 1.181460623876242760e-01
9.300000000000000000e+01 1.000000000000000000e+00 1.538659702159578813e-01
9.300000000000000000e+01 2.000000000000000000e+00 1.226391928895537997e-01
9.300000000000000000e+01 3.000000000000000000e+00 1.576806539904969384e-01
9.300000000000000000e+01 4.000000000000000000e+00 1.891872395609710544e-01
9.400000000000000000e+01 0.000000000000000000e+00 1.731790394612044981e-01
9.400000000000000000e+01 1.000000000000000000e+00 1.971846879946015929e-01
9.400000000000000000e+01 2.000000000000000000e+00 1.351986307365515561e-01
9.400000000000000000e+01 3.000000000000000000e+00 1.608624937650919851e-01
9.400000000000000000e+01 4.000000000000000000e+00 1.366234430788121346e-01
9.500000000000000000e+01 0.000000000000000000e+00 2.038225449609477324e-01
9.500000000000000000e+01 1.000000000000000000e+00 7.771721721079855039e-02
9.500000000000000000e+01 2.000000000000000000e+00 2.099036872754098948e-01
9.500000000000000000e+01 3.000000000000000000e+00 1.380304177656211384e-01
9.500000000000000000e+01 4.000000000000000000e+00 1.421898660123608327e-01
9.600000000000000000e+01 0.000000000000000000e+00 1.433383571517204136e-01
9.600000000000000000e+01 1.000000000000000000e+00 2.260430723350425330e-01
9.600000000000000000e+01 2.000000000000000000e+00 1.679295693708964532e-01
9.600000000000000000e+01 3.000000000000000000e+00 9.714793559463882899e-02
9.600000000000000000e+01 4.000000000000000000e+00 1.627837566451529328e-01
9.700000000000000000e+01 0.000000000000000000e+00 1.907181957925798421e-01
9.700000000000000000e+01 1.000000000000000000e+00 1.052855150816335295e-01
9.700000000000000000e+01 2.000000000000000000e+00 1.934152717121747911e-01
9.700000000000000000e+01 3.000000000000000000e+00 1.563036380714562246e-01
9.700000000000000000e+01 4.000000000000000000e+00 1.701258343479725432e-01
9.800000000000000000e+01 0.000000000000000000e+00 1.453475172044615682e-01
9.800000000000000000e+01 1.000000000000000000e+00 1.846412820530452248e-01
9.800000000000000000e+01 2.000000000000000000e+00 1.097017614018799964e-01
9.800000000000000000e+01 3.000000000000000000e+00 1.574006876015195677e-01
9.800000000000000000e+01 4.000000000000000000e+00 1.939620555187135387e-01
9.900000000000000000e+01 0.000000000000000000e+00 1.347079462491201363e-01
9.900000000000000000e+01 1.000000000000000000e+00 1.749352688160815128e-01
9.900000000000000000e+01 2.000000000000000000e+00 1.230078317232893709e-01
9.900000000000000000e+01 3.000000000000000000e+00 2.344174184647499770e-01
9.900000000000000000e+01 4.000000000000000000e+00 1.508104816428736950e-01
