-2.433223802796977697e-01 -1.690693867318150299e-03 3.634698090748797461e-01 -6.294309393888986026e-01
-6.458582660932869399e-05 -3.864446332918983212e-05 1.601243303696520186e-05 -9.973174386314344637e-06
2.298945171070826293e-05 7.492221782738618630e-05 -4.249853776095379419e-05 -1.005377194120093514e-04
-1.582311907070225621e+00 1.554713361477172651e+00 4.059162025325828149e-01 -4.128907581260573556e-01
-6.844186371522132939e-01 3.287694894069586038e-01 2.968496227624088935e-01 -1.060612664302134966e+00
-2.775671858845774609e-01 -4.095182843199463713e-02 2.985763459380972110e-02 -2.187946617586476739e-01
-7.645781308497889839e-01 4.552524491892150360e-01 5.931188425094148509e-02 -5.460555358702560147e-01
-8.002293370072726120e-01 4.022153522694880134e-01 5.346544183101579195e-01 -8.651967506474455005e-01
-5.443004397876800571e-01 5.637940881102078139e-01 2.265087018158717380e-01 -3.122562142450998057e-01
-8.589014176096011755e-02 3.789343741022433432e-01 1.773877626286614051e-01 -4.405673986582709367e-01
-7.856185739388695799e-01 9.815956526143133631e-01 3.650372930746843547e-01 -4.796238519599635430e-01
-9.089450371224544467e-01 1.068216263758057449e+00 5.278230582758060008e-01 -8.047706436845811773e-01
-2.154733852342048285e-05 1.521497813127830664e-05 -4.673060831248451296e-05 -8.906939740515259249e-05
-7.109636412598612232e-01 2.741146186711895805e-01 1.204360770963747024e-01 -2.891800066881608511e-01
-6.120471390968502678e-01 4.588369693805925166e-03 4.014123578471807119e-01 -8.668737390056608927e-01
-2.931357072442195011e-01 9.896192034608913835e-02 -1.410565607662044862e-01 -2.319135865118961137e-01
-9.608943547764102755e-01 1.024950881808995629e+00 -5.451913915167089751e-03 -2.906838996285391885e-01
-5.144993036257029528e-01 6.117847419760604755e-01 6.822012554493370740e-01 -8.630637549800848074e-01
-1.019833207288668719e-02 -8.272379536681242693e-03 2.168864629867122383e-03 -1.544616299315275376e-04
-6.806544348013839896e-01 5.097310122527537457e-01 6.280968343210470151e-01 -1.052340361273614189e+00
-6.796633974393443411e-01 4.891928375092950421e-01 5.335605480632330672e-02 -4.447923204853235779e-01
-6.906863391394243434e-01 3.217067106247874508e-01 7.553482290011882538e-01 -8.635340826121029600e-01
-3.262723610602955571e-01 3.665877628671589394e-01 3.080109969275542370e-01 -7.482808675579263324e-01
-5.385702136670926787e-01 4.544470313877039258e-01 1.263588277386008818e-01 -3.748838475477771492e-01
-1.158403868809841919e+00 8.736949820586199511e-01 3.782844324653739099e-01 -6.032206606630751144e-01
-7.747654032228270538e-01 3.885652915467546764e-01 4.241087490305967544e-01 -6.068300211549551015e-01
-9.692328764087866366e-01 8.992913249682592536e-01 1.472036090867759606e-01 -6.955091681209345511e-01
-6.449953180915943829e-01 4.962312320184807390e-01 5.316660004879095736e-01 -7.314706050550823235e-01
1.972733723108621869e-05 8.690594077109069075e-05 -7.787860566905320232e-05 -1.231636891357386810e-04
-4.797016138024611243e-01 1.936149759201045983e-01 3.526778793146196356e-01 -3.059348711751214145e-01
-8.870420246497681127e-01 4.475316940615071126e-01 3.757360953606339038e-01 -5.674955246782319440e-01
-6.759090531282666570e-01 6.272631414312604958e-01 4.282265391810735067e-01 -4.751956270346931466e-01
-5.113183381556592487e-05 1.757232802184727116e-05 -4.363677698310594729e-05 -5.192434515368429251e-05
-1.783216093204690559e-05 2.705022666983787131e-05 -3.494620999516342318e-05 -1.048272595966969265e-04
-5.947339150285556597e-01 5.141816419399432014e-01 3.528032104114697809e-01 -9.664435209884993938e-01
-3.055965110179577060e-01 2.963899983524752590e-01 5.213544964214632538e-01 -6.782632510999356823e-01
-6.039695554677385614e-01 4.259600048353613944e-01 4.006101455955406454e-01 -6.487023375009258741e-01
-3.030687660261153823e-05 6.116323322953535883e-05 -9.237578472567026342e-05 -1.162472949404607807e-04
-8.188918292482054717e-01 6.185274600292535174e-01 4.261588206105269006e-01 -5.070504935306804351e-01
-7.058917284072592502e-02 2.322623015493788766e-03 -3.863649406357193977e-02 -6.784144334359101802e-02
-5.729394792147161075e-01 3.996083774132252464e-01 2.943848323891349317e-01 -7.773700420902392993e-01
2.060206563072860812e-05 4.138997495026090404e-05 -3.983419049325818311e-05 -8.252220414802055766e-05
-1.144099235235324308e+00 1.024285969403704089e+00 3.900928341472512662e-01 -4.370179546848609320e-01
-7.982667333728646897e-01 5.333005556749349507e-01 1.202504574101839058e-01 -6.872973270862636763e-01
-7.278943882430176648e-01 3.476435164191707949e-01 7.005699589028097085e-01 -6.787823663024847853e-01
-3.712455751259344794e-01 2.645573598427141127e-01 1.356739621740403190e-01 -5.468309465784290113e-01
-8.866280191957544299e-02 -1.226324045306951757e-02 -4.943112009899732623e-02 -6.624775646173265697e-02
-8.748396635362152285e-01 1.198942906543994713e+00 4.666173141975169525e-01 -1.000961998835542266e+00
-3.235138609307935398e-01 3.581093265777098300e-01 6.576139148800153045e-01 -4.277107745992234644e-01
-1.029727446333842528e-02 -4.523943447968263934e-03 -2.187378906427568659e-03 -6.341195927881780083e-03
-8.048208280846408380e-01 2.242025111689138206e-01 1.031816386713555689e+00 -1.178641618506736100e+00
-9.768691964006683826e-01 6.143080897091675041e-01 -8.609468391740932036e-02 -2.073694161321719687e-01
1.745196128779740594e-05 7.335179354546281650e-05 -8.480783634849343381e-05 -1.581631371384980504e-04
-2.696341544819307878e-01 4.267231673634001021e-01 1.533316469359704004e-01 -3.749902497542069724e-01
-8.272300847416402814e-01 7.188812669966025970e-01 2.366397136074905316e-01 -4.273820296126715212e-01
-8.335008056831814949e-03 -4.009097158311415721e-03 -2.235119201212844818e-03 -2.858218053173921473e-03
-6.611288695539039306e-01 7.037086324616439459e-01 3.031694252278939183e-01 -2.700592234260416613e-01
-4.732448884108416687e-01 3.539625469036529748e-01 3.330810670064868750e-01 -7.266966997358983438e-01
-6.853833203492151194e-01 4.300109176582375126e-01 3.218586171464661305e-01 -8.004190603008597416e-01
-9.481565983048398927e-01 8.518327304673177780e-01 5.578614551121634513e-01 -8.924328125820504276e-01
-1.479642427929151571e+00 1.182975698238395212e+00 7.657898806788344670e-01 -1.002246806692620673e+00
-3.937188875770742391e-01 4.691967820795369670e-01 2.680378501266788560e-01 -2.371214592232754881e-01
-2.627165653692720704e-01 3.790146790740886451e-01 5.569084919423844537e-01 -7.987098774419911784e-01
-8.434860425403044315e-02 -2.194237560627864889e-02 -1.003151949031662049e-01 -1.250847149358721988e-01
-6.121797104347094232e-01 4.964885779962359691e-01 2.114164504903773556e-01 -1.717742876912287942e-01
-1.142551045587891334e+00 8.520380001130990477e-01 7.988681904917699361e-01 -7.346117555911771957e-01
-5.559043609509108919e-01 4.646445089543282947e-01 9.410436546270304486e-03 -5.607888783984922298e-01
-5.551262488617839878e-05 9.907093174942476190e-06 -7.056156644750620087e-05 -6.560545073106359003e-05
3.138595497434613430e-05 4.128912800787298902e-05 -7.435545939217921347e-06 -7.270911886311790038e-05
-5.637681023602998664e-02 6.809317634606983777e-03 -1.329376818881930315e-02 -1.018442545656849663e-01
2.394083528344436847e-05 9.855460212224804919e-05 -5.522894806744827172e-05 -8.750567804570216876e-05
-2.742946755162974370e-01 8.095666279066048021e-02 3.775150243794481719e-01 -6.732419405654865852e-01
-9.712095508610468775e-01 4.509236488597997417e-01 -1.075331882215231349e-01 -2.863482482909989746e-01
-1.178364461747668734e+00 9.882836065993776398e-01 5.025529148472792640e-01 -5.657244684548018432e-01
-3.880644241204462830e-01 2.505426394111248123e-01 6.425507176829867717e-01 -1.076391960086708233e+00
-5.702149997863951159e-01 6.281021304899643276e-01 3.710121952601979634e-01 -4.978234002475370179e-01
-9.736330825757165686e-01 7.057976928266739280e-01 3.913542537164969581e-01 -7.734476482772335570e-01
-6.043129288371171803e-01 2.095639732384197429e-01 3.588737739137831673e-01 -6.780967119858466452e-01
-6.457042451461836308e-01 4.172167692741149403e-01 5.364245640999349973e-01 -6.558755903459474457e-01
-1.821066504307780455e-05 5.468302790567600478e-05 -9.030345864575357059e-05 -9.344024238741292939e-05
-2.529712544819886851e-05 -8.061764732357834799e-07 -7.424102711854282683e-05 -9.077588886388174706e-05
-9.449352181622341362e-01 8.482654410668961642e-01 1.773181753121156334e-01 -7.707016751356204898e-01
-5.944567706997693213e-01 4.695711062223821286e-01 7.269971950991447329e-01 -8.548442366429680472e-01
-3.180618131958633243e-02 -2.690184158749545171e-03 -3.910472550034711781e-02 -8.166569668186864084e-02
-1.146666024365888159e+00 1.042227130760392084e+00 7.003674750741435417e-01 -3.761403559604225566e-01
3.822011112089065672e-05 6.631364688509219145e-05 -5.681548313027344900e-05 -1.318644951360214675e-04
-5.181347442450712215e-01 3.816976399506882833e-01 4.318980098428133463e-01 -7.216778334964061292e-01
-1.263661724060639147e+00 8.929296530147595723e-01 6.657020057831948279e-01 -9.532499596180289414e-01
-4.579481814853734178e-01 6.029624563162354622e-01 -1.797031475033880610e-01 -3.698277575446654031e-02
-9.198681221149634935e-01 3.039734349879373854e-01 5.785580075940783829e-01 -6.904387678670739215e-01
-5.977895685255788516e-01 5.909019738449987624e-01 4.260188956946051597e-01 -5.186369397177393870e-01
-6.735665871270354321e-01 6.436976087519811207e-01 6.820760446106248764e-01 -6.313849516130496387e-01
-6.513330714776766062e-01 2.381656304385842970e-01 3.981731960435615225e-02 -3.473724348320963440e-01
-3.782255533109971091e-02 1.132910047032706369e-02 -5.488807251430972284e-02 -8.504705554349271945e-02
-8.957109854057877518e-01 7.934118943641376154e-01 4.170141799202249366e-01 -9.378359917306928750e-01
-1.193216769932958776e+00 1.159502900601772302e+00 2.986554444865922031e-01 -8.619436112804040873e-01
-9.389654001659453186e-01 5.874240541765415324e-01 1.027209713480901065e-01 -5.001385658312602622e-01
-3.629071874992415569e-01 1.767294346578394959e-01 4.069844603422573814e-01 -8.313604848037303707e-01
-4.092340174617737913e-01 1.392456797244062683e-01 2.613798339884434996e-01 -3.244135246997029709e-01
-4.720983838589508652e-01 4.602105445321609256e-01 4.922222788256617187e-01 -5.109273362653417028e-01
-7.548561836453973051e-01 6.055948097138905695e-01 3.759959605532092741e-01 -6.024592009179932095e-01
-6.088636879910186428e-01 2.960128724124780897e-01 6.157503844222143030e-01 -7.101488111091204258e-01
-1.713261655688243582e-02 4.962898725747552642e-02 -7.713839939713589000e-02 -8.012119629327028869e-02
-6.952411866353398473e-01 1.723280192090841934e-01 4.920720564055451329e-01 -9.385992647397232158e-01
-9.071219044397809128e-01 1.033108795327235319e+00 3.187529151237559200e-01 -3.946120074894461371e-01
-7.152932749791331979e-01 2.567329290105126449e-01 6.398647738418340447e-01 -7.887776006329735301e-01
-2.709835012678881716e-01 7.968801249210975823e-02 -3.232273345679303328e-02 -2.660350723691333741e-01
-1.119921455081517303e+00 1.002640996742384827e+00 3.964588195282412464e-01 -7.598835896877228491e-01
3.368671098877731553e-05 8.310729994397181612e-05 -9.941690425266247878e-05 -8.160994068770893197e-05
-6.559451698887125426e-01 4.245392871625429665e-01 6.336324955581267293e-01 -7.932545934998401771e-01
-2.371281443547946510e-01 9.557558514575836828e-02 2.718908424685183567e-01 -7.673668523583404566e-01
-4.531744778019869624e-05 5.679407763929111976e-05 -1.079990486156119639e-04 -1.346284505538528520e-04
-6.827125357337133771e-01 5.409628765719179944e-01 5.834429143606444379e-01 -6.661780125708470779e-01
-7.250756828455591219e-01 5.797855269124564392e-01 6.762729096336563828e-01 -5.464929692197845190e-01
-8.369549859875382580e-01 6.288477733112294299e-01 -1.258384213864491633e-02 -2.712893334929716849e-01
4.631943308733268083e-05 1.121559932505281976e-04 -1.934195849703034174e-05 -7.421970792715528050e-05
-8.060915057420070474e-05 -1.097111392632489875e-05 -9.063426435189883719e-05 -1.931494450104606544e-04
-1.817784982382898590e-05 6.724053321833226753e-05 -5.134502088293355635e-05 -4.937945011827644883e-05
-5.670219712979031043e-06 2.225175600532319103e-05 -3.209175543509222936e-05 -8.502351721973541341e-05
-9.774651834616242541e-01 3.762572172955991889e-01 6.508596588592243659e-01 -6.865475505905102027e-01
-1.141667102728834315e+00 8.934296654580562436e-01 8.540932825383509286e-01 -7.872074217473623570e-01
-6.664804443489830144e-01 3.689637694756471853e-01 2.976911013331867695e-01 -7.641506491382521471e-01
-1.769126110291650289e-01 6.604296165024579890e-03 -7.707869775569971271e-02 -4.676689305296443111e-01
-4.502663357362204355e-01 8.310390751712511959e-01 2.915259968473475349e-01 -2.309378188996540071e-01
-7.924720742214797495e-05 -2.188601529841808740e-05 -6.035760950161788265e-05 -6.468766199914515748e-05
-7.495492480392710322e-01 7.945264510633116561e-01 5.753718633056682519e-01 -1.105074888141761580e+00
-5.754395414520094842e-01 4.694789326406796914e-01 3.203276446719766080e-01 -2.569674000589792784e-01
-3.735261369995317438e-01 5.530302396137122267e-01 1.935266848238006432e-01 -3.949831886829532346e-01
-1.286329018840032479e+00 7.170729956661565652e-01 2.565217191297494703e-01 -5.898655456047491308e-01
-3.672686296504906744e-01 5.634295144808215000e-02 2.731613323546699945e-01 -6.283447556433250369e-01
-6.257511778487464538e-01 5.440564085571603092e-01 7.376017608860989672e-01 -8.555671793067541886e-01
-7.582178006681501437e-01 7.972998159287782993e-01 -2.021613174071558092e-02 -8.965829023801054343e-02
-7.913763866903976707e-01 6.533652756855811150e-01 4.250017126580868942e-01 -7.305923075065061667e-01
-7.265431652993453726e-01 5.093677477205692528e-01 4.101999443667857514e-01 -5.068963418911354157e-01
-4.924209031837666593e-05 -1.061138773667414181e-05 -9.318426022944905403e-05 -1.481966288212604858e-04
-2.142307804662568811e-06 6.990968659679094844e-05 -8.719752771729389370e-05 -8.976620184896799465e-05
-6.326976062014533220e-01 4.762189667279834726e-01 3.576887839904503430e-01 -8.378264362835654566e-01
-6.973351667761873429e-01 5.211497628679724325e-01 7.223555518748472348e-01 -7.592826028700154772e-01
-9.845382807643529002e-05 -6.126470441630217276e-05 -7.675538336158418639e-06 -6.380372885941044009e-06
-8.993126496794393576e-01 8.535494980819399169e-01 4.626268065431253795e-01 -8.988158933661772876e-01
-1.073815907928144631e+00 6.024540310809357591e-01 3.398486228063504755e-01 -7.792300183997298291e-01
1.390054130451759817e-05 4.479406073265757596e-05 -7.473950218079521547e-05 -1.066213428627153456e-04
-6.017664044174831917e-01 6.707218904429259609e-01 2.126622776186594399e-01 -1.583931851267433855e-01
-1.004813512880947890e+00 6.611569700313075781e-01 4.178834541243973133e-01 -6.045996599529380733e-01
-4.962340920239505793e-01 3.470620406597395013e-01 6.592683302932128564e-01 -1.061791052302642591e+00
-5.999597438477854983e-01 7.345995075476484670e-01 8.170406517251488365e-01 -1.200952674604230941e+00
-1.229057279911447800e-05 4.852960768490250244e-05 -7.865598914420595354e-05 -1.361297021800507824e-04
-1.101400130130102406e+00 7.480703477508741095e-01 3.441251212577856600e-01 -5.200867316350776814e-01
-7.483017687367249371e-01 3.893991698549892910e-01 2.231241030223233279e-01 -2.264802476582308821e-01
-2.867493186017948845e-05 1.530283108814774410e-05 -4.096474325069614008e-05 -6.041340305898717269e-05
-2.407972941701272954e-05 2.266966238889062753e-05 -5.743573344570152006e-05 -1.434101162614271187e-04
-5.751977716810593444e-01 5.315771215464720756e-01 5.228696177884084584e-01 -9.205602407792984332e-01
-1.050529842987898064e-05 4.180201457039106058e-05 -4.563999431423918814e-05 -7.326785849431289893e-05
-1.170094887946028006e+00 7.050668470055546644e-01 5.064267451590787061e-01 -3.896873463865001552e-01
-3.151761285997514050e-05 3.336836720393871353e-05 -5.015988354647734715e-05 -7.141917119706744259e-05
-5.756039991941815925e-01 1.579193129066398249e-01 3.050205438998608853e-01 -6.909943006237899699e-01
-8.467908507805348237e-05 -4.488383763589230588e-05 -1.153290303338525019e-04 -1.495988032650143998e-04
-3.562354052541321647e-01 3.825050022108477110e-01 1.478610364274720590e-01 -6.935133813994777408e-02
-1.277809039663845958e+00 1.427703377283954689e+00 6.359128128352550258e-01 -7.506954426368565025e-01
-7.004773413523067704e-01 6.741293820950465809e-01 6.478500782624689869e-01 -7.276866167227603599e-01
-5.933977814684132657e-01 4.969733671432280953e-01 3.238514576289359126e-01 -4.962659398567770275e-01
5.351224856678030461e-06 2.735267019734546415e-05 -1.947690551272409661e-05 -1.105702471039085496e-04
2.306761250483293965e-05 5.102313022910929830e-05 -6.803534517842609313e-05 -1.520926555552642545e-04
-1.171858514120257544e+00 6.307483760329379852e-01 5.969380560962656013e-02 -3.657901567574672885e-01
-9.762687335665333199e-01 9.248636512127175191e-01 4.838218550951154939e-01 -4.098462175890615344e-01
-4.589384930934686606e-05 4.673391269658608349e-06 -3.522120618112892633e-05 -8.805205889730791894e-05
-3.495671490862793825e-05 -2.239876231080654269e-06 -5.658112986610051821e-05 -7.897296539997341160e-05
-9.482385732247057275e-01 6.092063609288101977e-01 6.954912159808149807e-01 -9.476087074897086016e-01
-9.525317805063223675e-01 5.900808817337254153e-01 1.881675724951245021e-01 -6.893999369576183645e-01
-6.145688124480508385e-01 8.908947108509757129e-01 4.655036416534047983e-01 -4.077672114777030066e-01
-6.913134179738594787e-01 1.673411069325262956e-01 6.179273641190321520e-01 -5.191012233726534086e-01
2.746982772040262923e-05 1.016250796107856595e-04 -7.490705572843944760e-05 -1.159684180023674724e-04
-4.659900269579104748e-01 4.186560293299210200e-02 1.963834491262454740e-01 -6.169569658137248336e-01
-7.572606912546078206e-01 6.980685250201584813e-01 4.719007428063242693e-01 -7.099570899154300507e-01
-8.975822404451815339e-01 8.333831477417015243e-01 2.051900914256180319e-01 -6.238104945842781746e-01
-1.761698664815230242e-01 5.589471030812987601e-02 -4.120409689005698206e-02 -5.214357463820417093e-01
-9.942255184936901191e-01 6.228906422984344937e-01 4.446348403477288214e-01 -4.803456803703485267e-01
-1.005268003636730967e+00 8.852591668517023615e-01 4.765246727267953286e-01 -5.738850140804512279e-01
-1.200191581061826268e-05 3.514815890008643083e-05 -6.022336989386434041e-05 -8.495119880644142276e-05
-9.100783055687462330e-06 3.513580127004932240e-05 -1.279669353181994415e-05 -8.154130296938267913e-05
-3.823336438367102099e-05 1.848098988427461221e-05 -1.185603490857137622e-04 -1.355664643385249017e-04
-2.452137852877515622e-01 -7.359384380903605249e-02 -1.696038051712390332e-02 -4.758829576788860538e-01
-1.169475920567817795e+00 9.024272567674014311e-01 3.770642959892477886e-01 -3.192080354719371571e-01
-8.959326385602861542e-01 1.286609156408099253e+00 8.598766476932834246e-01 -3.459826318700274794e-01
1.207857801590514136e-06 1.687207446455221753e-05 -6.112493097395814109e-05 -1.356133276929014368e-04
-5.593261050040929661e-01 6.476461037482454941e-01 3.459766437171828968e-01 -5.092834530856427122e-01
-4.986065725188538328e-02 -2.008536537340263259e-02 -2.088197869998477743e-02 -6.316149056830178132e-02
-1.041085909603678639e+00 5.536662223435737662e-01 3.155600573388846891e-02 -5.171482335550648957e-01
-6.603457445901967926e-01 1.285444400473211291e+00 7.116383702367796715e-01 -4.773269839748593424e-01
-2.653853112810856119e-01 -1.474525563851847298e-01 3.315385480048806122e-02 -4.603278684569812040e-01
-6.770350758370082822e-01 4.764321810212914787e-01 3.295480648588290928e-01 -7.602921250866945257e-01
-3.151320763635526156e-01 1.429485906924534977e-01 3.859047664684450707e-01 -5.230166423740120196e-01
-8.776528427843042213e-01 7.160577239373258074e-01 4.866376698494179753e-01 -4.619423006823979994e-01
-8.851141749082154231e-01 4.708203942935322295e-01 5.119363702403602334e-02 -4.653274970199530181e-01
4.403700898319582515e-06 8.120848163847186154e-05 -6.286648130945948244e-05 -1.493451140100196875e-04
-1.055440747840613274e-06 5.956726466906917314e-05 -9.279133263121369700e-05 -1.260665595258548296e-04
-7.332031776441741977e-01 5.421240996660717792e-01 5.606742904788678539e-01 -6.281667134422735943e-01
-4.441086910850191583e-01 2.856689964654117175e-01 1.375714055889165621e-01 -4.116850539928058050e-01
-9.788732742985203350e-01 5.368227602680074595e-01 6.210322926880467165e-01 -1.039930591166619456e+00
-6.993860639591295003e-01 6.345503856373985174e-01 2.305385685380424154e-01 -3.986091190669996953e-01
-5.041685134596782802e-01 8.692889890371018335e-01 7.566123761837703077e-01 -8.037138311153032566e-01
-3.100975869911311804e-05 5.637192787657631328e-05 -5.997683106809849069e-05 -6.329014464238847879e-05
-5.063260484740577105e-01 7.364675111681309727e-02 4.031699557160043912e-01 -5.918334076337864458e-01
-8.594439906540130014e-01 3.950250883004930991e-01 2.571233312115815961e-01 -7.157069480333351219e-01
-6.187781359906585621e-01 3.987339423167520214e-01 1.846247945088889952e-01 -5.761334667478819060e-01
-9.138029654926653755e-01 5.749276267968350673e-01 8.609781519944844502e-03 -6.005117190483896250e-01
2.657054366012854779e-06 3.226422237481569975e-05 4.877210347672046975e-06 -1.140657720615526966e-04
-8.701359819443001964e-01 5.272972534278196344e-01 3.824021174074593854e-01 -3.552111916621716325e-01
-4.133273206999410476e-01 2.819720022267300230e-01 1.141737378624618215e-01 -5.944920208999729949e-01
-6.320227328563398133e-06 5.843540973224651598e-05 -1.070744277739109780e-05 -7.202956001785276730e-05
-6.727878605354445929e-01 3.582297304437758179e-01 4.019294000611177697e-01 -4.817348704128180947e-01
-1.395578332688533207e-01 3.894701116104482691e-02 -7.715795463547613087e-02 -3.209240264428490086e-01
-2.918198173492744796e-01 4.417820989231102669e-01 1.753828775348283409e-01 -6.126110773017067190e-01
-8.466825428419466615e-01 5.191846901990027074e-01 5.157421337242363846e-01 -4.373162391524869630e-01
-1.160484862782609206e+00 9.559517437622110370e-01 4.739378591807281160e-01 -9.677292888367519108e-01
-5.200707676805449431e-01 5.696737752327994952e-01 3.356852414595794531e-01 -6.913699523456730001e-01
-7.610951374819892035e-01 4.962326254833251404e-01 2.438533904108389494e-01 -4.171811958658779851e-01
-7.047920789078530035e-01 3.254178792364786355e-01 3.655365746919941317e-01 -7.459288717448483430e-01
-6.781833832244907878e-01 5.210219520916615776e-01 7.473770954084481000e-01 -1.046748724174107137e+00
-4.503602090894174019e-05 3.510157938961632997e-05 -6.312446248017378702e-05 -3.505094873995456378e-05
-2.556959530414299172e-05 5.451963318425289085e-05 -8.142956110534639949e-05 -1.114738006941023242e-04
-6.200245661306271749e-01 8.245568240902041435e-01 8.319101725259693270e-01 -9.174105932087771587e-01
-1.009490166343207640e-04 -5.375884816833344511e-06 -5.761492223133286644e-05 -7.952277715616999957e-05
4.645291833955407485e-05 5.839297201537191145e-05 -1.327571173280731430e-05 -3.927973897621991867e-05
-9.293085308758184393e-01 1.583425555535381835e-01 3.893786627582425108e-01 -8.038035294576644230e-01
-4.437478926551280400e-01 8.384995082892802987e-02 2.014769991082491774e-01 -4.685001284762979057e-01
-1.165123376814790834e+00 7.018210152298125504e-01 3.366669090835252010e-01 -6.352777440693625488e-01
4.326502906344179803e-05 9.778817824274707929e-05 -6.641157345474657742e-05 -1.747196285057181920e-04
-6.664793215003005367e-01 5.386863770584057187e-01 3.984396170729258002e-01 -4.863725197145048473e-01
-6.188549082959655667e-01 6.101137799351423752e-01 3.627132566363913679e-01 -5.181585851009253840e-01
-7.181706946239637679e-01 6.697801658785713652e-01 4.344876813629878765e-01 -4.614554060872830266e-01
1.754755223665369036e-05 5.692873493122849209e-05 -3.176555493388037417e-05 -8.735768853118303415e-05
-7.541734314600256894e-01 3.965099042808469254e-01 -1.167718579856553800e-02 -7.532864130343994713e-01
-7.090036009493008162e-01 3.925060697797608800e-01 4.782069635451348666e-01 -7.145889707822962178e-01
-7.560791842222636117e-01 5.466174615631149702e-01 3.488711838186677183e-01 -4.535635279340956005e-01
-9.489639050788306607e-01 6.997113471676656982e-01 6.065374832050678400e-01 -8.256150576998706470e-01
-8.872593458884661111e-01 8.195341075052815505e-01 5.482369925076833184e-01 -4.607119016972673342e-01
3.505766247090299749e-05 9.729589104435759758e-05 -4.926856447800904342e-05 -8.751266046477726836e-05
-3.381695478435063802e-05 -1.043411682140047094e-05 -7.400587011855294065e-05 -1.073959724549495849e-04
-9.421074046623482134e-01 5.329560790347009913e-01 3.722145485786845232e-01 -8.082754869711319401e-01
-6.502638697236938770e-01 6.966854981685027814e-01 3.190966253198522784e-01 -4.704999910689617870e-01
-8.142484939241911857e-01 6.117274940757893020e-01 4.580428529731410681e-01 -7.956546374260901056e-01
-5.387098187046286402e-01 5.248986956931777081e-01 -8.559903816906826168e-02 -1.838238790155279911e-01
-1.301463694179470624e-04 -8.211956340937723493e-05 2.539152262987152717e-05 -9.324006325454099419e-06
-4.230248235176443661e-01 4.017327191584065815e-01 4.135938294318033948e-01 -1.033646105162066453e+00
-8.490347073666667521e-01 5.095799783777609226e-01 3.925702851092251477e-01 -4.075527478267055304e-01
-5.513548049224419323e-01 2.437953130040243221e-01 3.928027828763977318e-03 -5.744541305864719893e-01
-7.101357789401288034e-01 6.040766584862272692e-01 5.339582651551417758e-01 -6.730744013107849977e-01
-1.772942564545257880e-05 6.367593801730597606e-05 -8.442822568667725811e-05 -1.605032375385315874e-04
-4.567048967274335847e-01 4.688711364677086713e-01 4.177967829918783349e-01 -5.240825921149575572e-01
-7.594291511844366571e-01 6.726128966279236732e-01 1.335948486704588711e-01 -2.063282422742280797e-01
-8.779942821136612618e-01 9.419394039619753967e-01 4.045570355426522102e-01 -4.778495119965829319e-01
-2.106061672876431183e-05 3.413072330730378156e-05 -8.200851339302173051e-05 -8.339688614216631761e-05
-9.663554662513464778e-06 2.277187389831767929e-05 -3.316299563243364719e-05 -1.416813496690795266e-04
-8.778016592106957505e-01 3.649300690665429614e-01 7.179821824970611388e-01 -1.056486012942582153e+00
-3.664075765148739339e-01 2.158485814628244293e-01 -1.000614579109435909e-01 -2.544588073593713751e-01
-6.153106166414298306e-01 2.332948503760852166e-01 4.974070415172084370e-01 -5.314863366241130427e-01
-6.627555532989560794e-01 6.878266003989376154e-01 3.871815013527849514e-01 -1.955210789867001808e-01
-7.409203663551801045e-01 5.102533288994747229e-01 2.331687085581862495e-01 -1.155011195882952091e+00
-1.027686919809884802e+00 8.523564513690368161e-01 5.368804304999593713e-01 -8.388557406008877448e-01
-8.851240072912274215e-01 9.789014286146063837e-01 1.143775950677419356e-01 -3.733602625264497710e-01
-3.655885633168252102e-01 1.855772898299863638e-01 3.363955694293108145e-01 -6.469067638111281049e-01
-9.870649955667017972e-01 6.447899822043871021e-01 1.536445051775057191e-01 -8.362059032947698478e-01
-6.675917869804172122e-01 4.841844083639123553e-01 3.169769241160977913e-01 -4.120469864852262520e-01
-4.890269098342504561e-01 2.302628096096532850e-01 7.096394703878031729e-01 -7.133658409012302304e-01
-2.104463011235712522e-05 8.783533387498186260e-05 -5.924077887232826167e-05 -1.151517946818712205e-04
-6.378500845565030497e-01 3.660208007479169301e-01 1.365711005455486349e-01 -4.538162534416015359e-01
-5.442349525267562438e-01 1.631734175859241853e-01 3.832395801443389538e-01 -5.805490351984767816e-01
-4.212183472466652923e-01 2.075169569200525643e-01 1.884288783219489893e-01 -6.664653939794941140e-01
-8.173653385727640552e-01 8.112754822189300885e-01 6.204496397700914878e-01 -6.528704593430251224e-01
-7.012092011100522493e-01 5.427451613871882019e-01 1.425458425719147992e-01 -4.953866466825271875e-01
-6.040909146285269316e-01 3.396302511080259157e-01 1.434486195889163040e-01 -5.134124301480882391e-01
-8.992580190141868934e-01 7.665062836115945633e-01 3.207105382165931773e-01 -5.848517362777831963e-01
-3.222595031219768758e-01 4.891865771858172063e-01 4.995541465715170881e-01 -5.433803163812889192e-01
-9.236578929061701748e-01 4.481171793186250474e-01 5.732672870627141259e-01 -9.083716770083398728e-01
-6.419634448303339624e-01 3.717246869096029749e-01 3.103847831530733292e-01 -5.383972558607478254e-01
-1.054782431435259182e+00 9.717087087078503105e-01 2.042560523776701109e-01 -6.023743668690469955e-01
-1.086196871500772598e+00 9.024831234480621411e-01 5.447339635095711508e-01 -4.987843980852059711e-01
-3.521438645494321323e-05 -5.169438830733466116e-05 1.420663670488997393e-05 -1.860335941886513109e-05
-5.142626348295922245e-01 4.430394298002126030e-01 3.854640747776685861e-01 -1.073900706111012626e+00
-6.026344675459064382e-01 2.548160316152812688e-01 3.686113564895638350e-01 -9.554996848416316135e-01
-5.424623194839398588e-01 4.041114618790178081e-01 6.401482489995591330e-01 -6.415811748726912844e-01
-3.308776580215896379e-01 2.524854070065433165e-01 2.180890706270015023e-01 -3.768087791324163938e-01
3.420167892871050613e-05 1.096571872416930000e-04 -5.771478633603063514e-05 -1.005554857686871180e-04
-1.408726381911040493e+00 8.650946602866036450e-01 1.705569787247367686e-01 -5.273186283257172979e-01
-5.017853087355015340e-01 3.851080720624254217e-01 2.992195861408930013e-01 -5.945668546712361557e-01
-9.438463290842138420e-01 7.836979922121105613e-01 5.695245641226965860e-01 -5.553701127298916740e-01
-1.917107472346566232e-05 5.238633854046876818e-06 -1.331073941917076379e-05 -6.407333169076810794e-05
-7.617393388335379489e-01 6.569734362008082806e-01 7.185237735428601225e-02 -4.281527394860906166e-01
-3.070903056012673771e-01 1.488641704233232277e-01 1.756348246624457599e-02 -4.702234750063412072e-01
-8.651143231630631369e-01 2.549163737004369601e-01 3.632468651682599359e-01 -4.195753146468866879e-01
3.762906366780411281e-06 6.298101742798724778e-05 -3.006037039956732074e-05 -9.321505873305229730e-05
-4.360707101468354514e-05 2.893670084817214248e-05 -7.898867919069267043e-05 -9.451317757811971093e-05
-8.360619428413778778e-06 3.332923227026581134e-05 -2.845487890643035416e-05 -9.983998461056120533e-05
-2.323602800243688149e-01 2.924003153388225473e-01 8.974865880820516451e-02 -4.280478591104032726e-01
-2.604668397631144106e-01 4.523273092900781389e-02 -1.470502915548656253e-01 -3.152985266848626345e-01
-3.742573936928227183e-05 -5.638414314353668576e-06 -2.370716405681738155e-05 -2.522431662253446296e-05
-6.407626445439599250e-01 8.905354341709867949e-01 8.307299527582494569e-01 -8.712522720997910586e-01
-8.595521960109283599e-01 6.051346687589354012e-01 1.703332091114148072e-01 -6.803399690625798746e-01
-9.319916219448994843e-01 6.457440680251440579e-01 6.007922675491164100e-01 -6.803031151495007034e-01
-1.204488549659197050e+00 8.719131290612981422e-01 2.434950764140199064e-01 -6.513307629881818217e-01
-6.810678185022812636e-01 3.265729110156980752e-01 8.191544448898471220e-01 -1.017352613512389148e+00
-9.128731230220809012e-01 7.849932274317553693e-01 3.751683249724448443e-01 -6.294722686417852930e-01
-6.564923626578392790e-01 7.251399986855239232e-01 2.728913957549882197e-01 -5.160904561028904075e-02
1.443489640028228403e-05 3.375699410361695000e-05 -1.047844934390079204e-04 -1.399281280985685560e-04
-4.121074520607127534e-01 3.930000909254625086e-01 4.822081390253969424e-01 -7.132401157106055267e-01
-5.456454541506909894e-01 5.080879295005875651e-01 5.657446532727637978e-01 -8.519018958873274538e-01
-1.013560581595877169e-01 -4.829061833646398211e-02 -3.663189055156162999e-02 -6.271025419405461265e-02
-1.209913797308996625e-05 1.037333321250870940e-04 -6.347833587874521786e-05 -9.656917756616439853e-05
-5.836535068023432915e-01 3.967437675935936992e-01 2.164853420841503506e-01 -4.087357331383838499e-01
7.219529273255488872e-08 7.831223322425458406e-05 -4.986889221354939063e-05 -1.102968936647151754e-04
-3.812879623863160705e-02 1.582503320479664022e-02 -4.818770226706784593e-02 -8.758666887891679298e-02
-8.783211243071690211e-01 4.649211996251135792e-01 4.815565442116790940e-01 -2.713597408491079666e-01
-7.193196784247687036e-06 5.836773742330181661e-05 -1.024940508432051461e-04 -1.713128123188119225e-04
-6.372019765576075745e-01 5.219712180906798116e-01 5.393973848594193488e-01 -5.811092971178559718e-01
-4.920124626728943074e-02 -3.840911656488866762e-04 -3.417963012898624087e-02 -8.619615476467472337e-02
-9.567386168906687471e-01 1.096737213330344130e+00 3.810811239399075623e-01 -5.295027040714463951e-01
-7.480087502753087706e-05 -1.714689351123130349e-05 -4.542829714700334577e-05 -2.898095902079007169e-05
-2.924887310690614806e-01 1.068169678694770586e-01 5.180336576635611312e-01 -9.202698907999592448e-01
-9.589458835639576018e-01 8.060101640733421391e-01 5.612125961771083915e-01 -7.018839335935175283e-01
-2.795249285100476460e-05 3.846708465990785082e-05 -5.894398892545850535e-05 -1.393339287942772764e-04
-6.406783942648245356e-01 4.068563627190253107e-01 6.318327826084434440e-01 -9.373291738801550199e-01
-5.611076373402816841e-01 6.237159105178031737e-01 1.524857993774819398e-01 -3.386510971397409253e-02
-2.993342240179709679e-02 1.559871855917648042e-02 -4.802762104782611757e-02 -6.142525314506516732e-02
-8.550894177685143260e-01 6.056700584323310155e-01 4.508438689732467974e-01 -6.904262015175336442e-01
4.155744423597039912e-05 1.055109827139501569e-04 -7.168086837313460754e-05 -8.143278307316633075e-05
-2.272473711375224137e-01 -4.874272250139829316e-02 -7.795138558279028976e-03 -3.940761991034860690e-01
-1.076048202685666144e+00 6.913480844926255253e-01 4.859395344065140510e-01 -8.142706025286664540e-01
-4.939689670680358913e-01 5.645948535818687830e-01 5.645735624386056806e-01 -6.609342080012596821e-01
-8.446767158188459579e-01 4.716092125570853777e-01 3.154528143547011831e-01 -5.204147138270521777e-01
-1.351010160204356936e+00 1.055398843975630552e+00 7.691196550887898775e-01 -9.292343774071113449e-01
5.452885326403069362e-06 4.148937603591191733e-05 -6.351392877911813534e-05 -1.178787694233856263e-04
-3.602751722459917594e-01 3.346104334196324803e-01 5.021227645845424137e-01 -7.890437798792683255e-01
-6.660534880479823672e-01 4.538182914386413858e-01 2.409569291501362578e-02 -2.465367252974118850e-01
-8.309656794545335901e-01 5.740694828435192187e-01 2.297885558206478329e-01 -4.139570709208472699e-01
-1.032422645478270118e+00 8.590515987958188271e-01 3.231369703529254900e-01 -7.597587564281855776e-01
-5.543303017806653354e-01 4.944461320712165153e-01 4.949683810583285770e-01 -2.425403243430571121e-01
-7.398378447023493676e-01 2.258788057284338568e-01 4.064034537289855642e-01 -7.844947352067025426e-01
-6.846315213176905612e-01 5.778934612276439564e-01 6.307443900329685882e-02 -4.073501328274813371e-01
5.030165732387137599e-06 4.021206021901318719e-05 -4.482958277241944051e-05 -1.336757740521476924e-04
-5.271824251724709365e-01 5.214632127990616040e-01 4.662577209470645245e-01 -5.961161960817208394e-01
-3.924390147368339021e-01 4.339428641785791907e-01 4.593654476372897033e-01 -9.582970471161006421e-01
-1.112222593337762744e+00 7.328107269826575898e-01 1.485359897375408134e-01 -3.072743370147916764e-01
-5.125397426714410898e-01 5.836655002660169345e-01 3.402099653594273798e-01 -1.697356547687072781e-01
-7.283569384372176603e-03 -2.019156684803358800e-03 -8.052710506816525629e-03 -1.463006550642189513e-02
-7.585426580603884528e-01 6.628507962561220879e-01 7.293886529078301428e-02 -5.112635482829430700e-01
1.123933051066197434e-07 6.487793352788729870e-05 -8.059103147771681038e-05 -1.320364341523264562e-04
-7.847936374292907580e-01 5.202885296208630272e-01 5.629362688687812311e-01 -8.560209248196439802e-01
-6.468357031796602152e-01 4.383478405433347547e-01 3.807754268220704952e-01 -5.907066676858927501e-01
-6.884873399312735343e-01 3.886735780431286869e-01 4.979800860880618241e-01 -3.948806408702731363e-01
-9.058458620022846741e-01 9.322432391685498976e-01 4.380660122519998145e-01 -7.151652998062197897e-01
-4.773955385706215367e-05 -1.136910308166180185e-05 1.993800934232646572e-06 -5.186946720856817358e-05
-6.776613138405600534e-01 4.394908718510682766e-01 3.732046183353808777e-01 -4.806888930925082848e-01
-4.144287932493704307e-01 9.677796465160080908e-02 6.945496116773754169e-02 -8.954344702464248629e-01
-8.511737712306558512e-01 7.852110828214927674e-01 3.696069006350579667e-01 -4.302164494426083396e-01
-1.230235172275935401e-01 2.533567270826666759e-02 1.051442630954424647e-02 -3.710545989556250368e-01
-9.461641543844926394e-01 8.314482139320950038e-01 4.768082220629176748e-01 -1.009813359491762652e+00
-8.223703242879464304e-01 6.492197057075704825e-01 8.910546343000580460e-01 -8.883995230032867285e-01
-6.718945742914737007e-01 7.048545570060704701e-01 1.994302183825555075e-01 -2.611081716432850364e-01
-2.566635922380752777e-01 -1.209524131941703361e-05 -2.121292367323031891e-01 -1.280119709178338117e-01
-9.186006397538353241e-01 9.766653032096992426e-01 5.137288725304961501e-01 -5.975622485467459999e-01
4.272804549421839975e-05 4.810944379235046681e-05 -4.130035519941380775e-05 -9.642041945326666405e-05
-1.186277582590517854e+00 4.027529303563533447e-01 2.046530687826579042e-01 -6.701028567345982401e-01
-5.004934848098123723e-01 6.087211524176772137e-01 5.535781525836298567e-01 -6.532579380142976566e-01
-7.941759973222770608e-01 4.183908765433868582e-01 2.489731787085812664e-01 -5.909985569059189592e-01
-1.058777324383931129e+00 8.405193814847323752e-01 4.199647696872652602e-01 -5.829165901866345534e-01
-6.683116447385174796e-02 1.160800683618115701e-03 -5.379908141118822096e-02 -4.306702359933099744e-02
-2.653215072292779420e-01 -5.757733562962544932e-02 6.630634554115271140e-01 -7.687753422449895568e-01
-8.077466163434449900e-07 4.897161499721000718e-05 -6.831029995320484036e-05 -1.116686915227754458e-04
-1.242100478669145455e-05 8.953502100651940243e-05 -4.551949902835650898e-05 -1.311352321406345661e-04
-9.101901117799098273e-01 7.587788079423896104e-01 3.027113870837098708e-01 -5.540663757473757167e-01
1.038706071521748836e-05 4.660740203166340191e-05 -1.182708488598716397e-04 -1.752034907626143809e-04
-6.235078729954997012e-01 4.733882117105243093e-01 6.031940638169672186e-02 -4.239911282495338885e-01
-6.668459532761653596e-01 4.376939577211453880e-01 5.737018233326178773e-01 -8.725913268770550957e-01
-9.148894452668717703e-01 7.652646695257162568e-01 6.441397630533587382e-01 -3.370346963715010746e-01
6.817781535137393625e-06 5.807451577688472322e-05 -8.448275528500852176e-05 -1.611512785753933601e-04
-3.042644495030317198e-01 -3.175856879867187260e-02 -1.014051697475343711e-01 -3.120516716511017030e-01
-8.537615838860610484e-01 9.379778121041456584e-01 6.567892224658137268e-01 -3.580796440097218092e-01
-6.925542728001438109e-01 7.593405476095156370e-01 2.970927103720616413e-01 -3.870034535339447190e-01
-6.831168284291758708e-01 2.627762654516417884e-01 4.055020765290224816e-01 -8.246824409516290144e-01
-8.189323376763534279e-01 6.367584879235788087e-01 4.464401756170540692e-01 -6.272551687013002697e-01
-1.019044973960093525e+00 6.113977766434827155e-01 5.300121966701453191e-01 -5.202254844241933629e-01
4.249337169929525912e-05 6.339989855329614837e-05 -6.893589378219978437e-05 -1.092444012594506606e-04
-9.777254848687828570e-01 1.020187629436631660e+00 2.412059370230829058e-01 -5.829280520775921293e-01
-5.644102291989295805e-01 8.423490215705062290e-02 3.813741636467672391e-01 -8.103352136382099280e-01
-2.923317304271044192e-01 1.423397075444302329e-01 3.720992825828660089e-01 -5.009123569096459727e-01
-8.993248417319653631e-01 6.957319136717965424e-01 8.035691666165490910e-01 -6.836660594244833300e-01
-9.698732420121204401e-01 8.456657232806260582e-01 3.240663783574785350e-01 -7.066900698129101599e-01
-7.302393087635403734e-01 5.460070235132417071e-01 1.973251679291876670e-01 -5.596624666404764747e-01
-2.076851894562509410e-05 4.272459951201576831e-05 -1.085717071644056884e-04 -1.376920755315398670e-04
-9.315877424269634055e-01 4.703633876197270136e-01 3.206375736015155131e-01 -6.282091478378849514e-01
-4.415092308203381610e-01 3.255407549105399645e-01 6.261192633346218672e-01 -6.607543608407552282e-01
-4.258633836441808040e-01 2.866135157205216832e-01 4.611098919174250188e-01 -5.496160468945719968e-01
-2.256880535625289288e-05 4.341115300304399259e-05 -6.884400536111313104e-05 -8.732601841609569896e-05
-1.118791416175161757e+00 1.085751964660877533e+00 2.120987546209351648e-01 -7.432044321776281048e-01
-8.484370790523436678e-01 6.975355742977066287e-01 3.108271458311452351e-01 -6.527356197871448940e-01
-1.452773886185148420e-05 5.747442121774485962e-05 -4.180511967486520242e-05 -9.648716060099322435e-05
-1.065211931289955505e+00 5.418144614571805961e-01 6.031801245605847850e-01 -7.297783778593223136e-01
-3.005304734954666892e-05 -1.812310670080803589e-05 4.115483433187271367e-05 -3.639707888939706026e-05
2.231726516675457489e-05 8.819165500581669878e-05 -1.245204715657490760e-04 -1.510507458854603690e-04
-1.028005465208083891e+00 7.781124019948068016e-01 5.619402491429460467e-01 -7.370793744298769212e-01
-5.915196974322285417e-01 3.818987984447129724e-01 2.818810162439210898e-01 -4.487165258234684373e-01
1.498859056807453004e-05 7.703680020478651945e-05 -4.606463866335567885e-05 -9.583317351547437045e-05
-6.417968172153455386e-01 5.016984286161640938e-01 4.165343529825484281e-01 -8.798135422457656896e-01
-6.211305328024786521e-01 2.405842459821537216e-01 7.307397451564896784e-02 -4.037972251406359847e-01
-7.972533310702055731e-01 8.600806714081132842e-01 7.082829109901070952e-01 -6.506381957592537457e-01
-4.368729002328988198e-01 3.112323094905686816e-01 3.421002169093230183e-01 -5.605803011621518506e-01
-7.349564801323077434e-02 -1.336934714246171274e-02 -4.320944314698468153e-02 -2.912520573862684842e-02
-5.054812253327330973e-01 9.443286107309052657e-02 6.520002184001530976e-01 -1.035233882725294929e+00
-8.977414997254193896e-01 9.138310438801490188e-01 -2.797218145571485001e-02 -5.653364171122595705e-01
-7.566386668059047471e-01 6.505020961046885652e-01 4.105091013778360831e-01 -6.664212637664098660e-01
-6.692404021500203415e-01 3.830433266893128463e-01 3.395938085484948576e-01 -5.985354012321325579e-01
-7.475250859634238187e-01 6.473391904033736211e-01 4.631852375458913040e-01 -6.861034602135506200e-01
-5.375871310357409989e-08 7.299373610388281482e-05 -3.545028430432482092e-05 -9.042527396987894454e-05
-6.191445624574797718e-02 -2.650804723452923964e-02 -5.002896327514168989e-02 -6.673027186556941548e-02
-3.353289694465148574e-01 1.083687721441737167e-01 3.699085098784272163e-01 -8.254852430474132197e-01
-1.186874912145829519e+00 1.194362984835040331e+00 4.460484061652715271e-01 -4.816368924745924041e-01
-5.603464694548492128e-05 -4.088890888083639505e-05 -4.467656537620795835e-05 -7.095596889294666844e-05
-6.117856180994631909e-01 4.839955354308591029e-01 3.760569770193629147e-01 -6.291251673323378091e-01
-1.077891798933399814e+00 9.412499886358134393e-01 4.689056949942021491e-01 -6.784821235341812473e-01
7.233265902069771155e-05 9.406881881056094747e-05 -2.885846509129146194e-05 -1.309824469416933995e-04
-1.113911084648379290e+00 6.081124414255466570e-01 5.751271319071534771e-01 -5.293261004281559767e-01
-1.418278768555990554e+00 1.125587399570912250e+00 1.407210659226959260e-01 -5.734968227186574286e-01
-4.814383201951918934e-02 -5.296192921982938867e-02 -4.058279488568972831e-02 -6.523179543910449796e-02
-5.709632664572840133e-01 7.371906369031928641e-01 5.863604931735570958e-01 -6.390420911136992510e-01
-4.570513010582716307e-01 4.501084159971243670e-01 2.993792921685586306e-01 -6.352600958386210861e-01
-4.358716517468183538e-05 -6.540391923237615311e-06 -4.420138867282417619e-05 -4.495437726539624736e-05
-9.256751147614954434e-01 6.202428390493142096e-01 4.406123241465609297e-01 -3.707110973824538358e-01
2.176467031066192347e-05 6.593757146502932564e-05 -8.062313174508161761e-05 -1.656074904937867155e-04
-1.310517271616819857e+00 9.797105990877058579e-01 7.751038514754681197e-01 -1.027572227608045896e+00
-6.530400631550586921e-01 4.925760783854609137e-01 5.017496329859564286e-01 -9.013390161065082395e-01
-7.961981633195025498e-01 5.382329536694963057e-01 2.387856968245286871e-01 -5.722204384342588490e-01
-2.896950214500069017e-05 2.191809970694897489e-05 -8.899631356942572461e-06 -5.539178253568066246e-05
-8.898907139128849897e-01 6.205931260426205132e-01 4.284220212170105069e-01 -3.978662604178502815e-01
-1.190874408039235832e-02 3.314442724341504914e-02 -5.638774030904217249e-02 -1.040071306834425419e-01
-6.050142242072297227e-01 4.021693564291440315e-01 2.757283659561163280e-01 -3.191807589768938525e-01
-5.657076144342263468e-01 5.533889097040115557e-01 1.853354830660914332e-01 -3.724748875753866595e-01
-6.904195598722457916e-01 5.176036619461461541e-01 3.810689946600143152e-01 -9.453297854754765250e-01
-7.474513277888740204e-01 4.550935284423609506e-01 5.866510415623168440e-01 -8.393338915419564783e-01
-7.408494507734245671e-01 5.089288632930739631e-01 1.216624137903737218e-01 -5.132682016062897201e-01
-1.187411767012617192e+00 9.535401161404764014e-01 8.725316593236728258e-01 -1.097936445006022499e+00
-5.089325050620647009e-03 -9.025225348817843751e-04 -4.211749824865577627e-03 -1.241542828807850295e-02
-4.621316625641642695e-01 6.230342649732247828e-01 4.329616618148683371e-01 -5.003077846825665365e-01
-5.154926840224851592e-01 5.979908171966891173e-01 -1.880832127851383151e-01 -1.276366190696922587e-01
-5.317409934237640190e-01 1.340143945840272799e-01 1.026846310644288635e-01 -3.606121715307928355e-01
1.926888715681432547e-05 1.049493267165460710e-04 -4.041281964234471729e-05 -1.163132758093058777e-04
-5.251260977727494755e-02 2.079327991765261147e-02 -2.559838758390664548e-02 -8.069992804725527324e-02
-5.293588321258176910e-01 3.357124381202762353e-01 1.990704605104009484e-01 -2.610633108817867476e-01
-2.598450818813956009e-01 3.420347504906714325e-02 2.960668826200565373e-01 -3.721301563661151834e-01
-3.398934067670512094e-01 1.327806383551370095e-01 -5.581220407031679820e-02 -5.677149235734736399e-01
2.062476742977843491e-05 1.077807522261586831e-04 1.334094483123928779e-05 -4.401593091865713364e-05
-7.224477816155888819e-06 6.472571639821951255e-06 -1.029373653892173845e-04 -9.626246718301240352e-05
-8.342616632574444413e-01 6.804620762126083466e-01 4.934625035803039683e-01 -7.199706418086818660e-01
-7.583174168887923949e-01 2.965125745689520809e-01 4.915267679657178146e-01 -7.978265586835334711e-01
-1.054519333781396062e+00 6.171076075384375192e-01 4.477565598659153934e-01 -8.478661200741667292e-01
-8.282094877454196924e-01 4.136655135196696809e-01 1.166387277613712831e-01 -7.888760290909759831e-01
2.995152480446319071e-05 3.284562193522807112e-05 -3.676469623765158637e-05 -7.883267829668147019e-05
-9.385547297784739840e-01 8.899572783680105292e-01 4.300132299369494593e-01 -5.395990231216681865e-01
-8.371058052292915663e-01 7.903619733111274526e-01 5.548117040550509804e-01 -6.842370896671789993e-01
-7.687971652852716442e-01 3.088675389998388754e-01 3.828898729190535200e-01 -5.640463384477413245e-01
-6.921072535275246684e-01 5.371488836327968919e-01 2.366962212362979934e-01 -7.809015868677543493e-01
-5.566834753424960702e-01 5.904132723802149041e-01 1.606710110323954777e-01 -4.292112759909529895e-01
-7.291874604811620086e-01 5.073374820327400947e-01 7.013442819373303383e-01 -8.698918142647010798e-01
-9.703822818995555316e-05 -6.512020951036833686e-05 2.041508965096115787e-05 -6.547665010048685684e-06
-1.700295652476669858e-05 6.549350304531259049e-05 -7.467800855700116908e-05 -1.083976822583137270e-04
-6.348983999125750177e-01 6.822654362234717995e-01 1.012945022794592975e-01 -3.476357350635050358e-01
3.603240744946649681e-05 9.116565028888834227e-05 -7.479694573072479175e-05 -1.453360757857712733e-04
-6.765217190002242864e-01 5.148722561827490107e-01 6.629965334948946243e-01 -6.122549293428710682e-01
-8.115056795551304214e-01 2.285829939376831654e-01 1.946824291328753676e-01 -7.385656068343148251e-01
-8.253162342338272728e-01 5.218467962667066029e-01 4.064091491456074401e-01 -5.603966855037240125e-01
-7.673643088504317200e-01 9.779181852739914360e-01 4.101085713425021151e-01 -5.723912560659235593e-01
-3.677907483741313697e-05 4.673998791063161057e-05 -9.660827478981574650e-05 -1.460561341904827669e-04
-1.269167594241780864e-04 -7.982092185637098831e-05 4.617699104161766680e-05 6.122823966188854430e-06
-1.231344639262869634e-01 1.065256915051570469e-01 2.128208900204665507e-02 -3.636054773048597033e-01
-8.223716321440618371e-01 5.547986816961194556e-01 5.867507482500680105e-01 -9.490620844133176304e-01
-8.040729057042482752e-01 6.335869053125811057e-01 4.013233057944834425e-01 -6.131550852111493644e-01
-2.857121560220407712e-05 4.924928548299288615e-05 -6.292999034079712814e-05 -1.343035264394160176e-04
-7.908644029956508905e-06 6.173381806269694267e-05 -3.303039863953673215e-05 -1.115288669245159323e-04
-2.482868427895116963e-05 -6.594044874690669642e-06 -3.476584382948226472e-05 -4.552792406686999240e-05
-8.699605405055325091e-01 4.916528765720143412e-01 3.902332579244821575e-01 -6.115798611685753228e-01
-5.006881939536741433e-01 6.723987222194843794e-02 1.171934232841592149e-01 -4.122737790751613285e-01
-2.763062079440476576e-02 1.595965824625414919e-01 2.157908304313011782e-01 -9.306628834286614360e-01
-8.798813801412892488e-01 6.242347525529338137e-01 5.758896065762681982e-01 -7.980902267937293182e-01
-1.140664866658221532e+00 5.850794508291370377e-01 6.639053758921843462e-01 -5.596339498689889558e-01
-8.308117246897938069e-01 1.086420668870365924e+00 -4.194402618085724121e-02 -3.115030554573021693e-01
-4.601946012457243107e-01 3.660596369989550514e-01 -2.283069899366259661e-02 -3.560871757218911360e-01
-5.967553920638483111e-01 9.289535646257848223e-01 8.408810368451054007e-01 -4.281462468028084944e-01
-1.081153982285964821e+00 7.613228868410153449e-01 4.571991028931817747e-01 -7.987610210797602139e-01
-6.130121901084703007e-01 4.224529024283831813e-01 2.465482157228870430e-01 -4.817369064118585675e-01
-2.826374810393623704e-01 -5.163937897611137889e-02 -7.978074388485435764e-02 -5.214734752594660794e-01
-1.175169553965002889e+00 1.292711345464756745e+00 5.437624648918605308e-01 -5.208724640121821237e-01
-3.453938353142864126e-01 4.291996517991852195e-02 -2.192150674553096923e-01 -2.380375570975988564e-01
-5.337134796705024498e-02 2.524854717020326347e-03 -2.829696562612838556e-02 -1.100138495536362032e-01
-4.018830289538383727e-01 4.698735957566547716e-01 5.178059883673630237e-01 -4.227246367394293380e-01
-4.306573141682891737e-01 2.298391961429543939e-01 3.063293527033182362e-01 -6.989161085860581268e-01
-8.594772768785575723e-01 6.950843326412832202e-01 2.278435191700073914e-01 -6.027085743849009969e-01
-1.292009099074403977e+00 1.081829068629690749e+00 6.205828800466834938e-01 -9.426030154516406023e-01
-9.077467055510820559e-01 4.086833550812779547e-01 7.975364691568836983e-01 -8.944053363072296259e-01
-2.852281716648538690e-01 8.300633145168374860e-02 4.252040951377056982e-02 -2.132757495849254559e-01
4.494397153054492357e-05 6.987212520143626599e-05 -6.889402688338215240e-05 -1.138554820331676132e-04
