0.0 0.0 30.981428233907589487
0.0 1.0 30.767507736747052860
0.0 2.0 30.967430790162087106
0.0 3.0 31.013963308033812183
0.0 4.0 30.912027726815235695
1.0 0.0 30.916281590254904188
1.0 1.0 30.953495952369920019
1.0 2.0 30.893036848218201840
1.0 3.0 30.930224495289600384
1.0 4.0 30.988886484128236987
2.0 0.0 30.846509341790859793
2.0 1.0 30.874422408582621102
2.0 2.0 30.962802755212059935
2.0 3.0 31.027919466407610116
2.0 4.0 30.953702851387443928
3.0 0.0 30.934871793323527100
3.0 1.0 30.856078037637487910
3.0 2.0 31.033866506666871743
3.0 3.0 30.883705322854133613
3.0 4.0 30.935194798221502310
4.0 0.0 30.893032340873986641
4.0 1.0 30.936953258597231553
4.0 2.0 30.922374352654568241
4.0 3.0 30.927237650267411340
4.0 4.0 30.958337215503973994
5.0 0.0 30.962794514281249292
5.0 1.0 30.855826016017822155
5.0 2.0 31.043333467742563414
5.0 3.0 30.897674760580752462
5.0 4.0 30.939816338585231392
6.0 0.0 30.893024506567662968
6.0 1.0 30.846508910689266258
6.0 2.0 30.995345734715485264
6.0 3.0 31.000005313086653302
6.0 4.0 30.930553881590412857
7.0 0.0 30.930239235657733587
7.0 1.0 30.874428352177730517
7.0 2.0 30.967450769508555908
7.0 3.0 30.934886829154905286
7.0 4.0 30.958338813471030448
8.0 0.0 31.024305948050169945
8.0 1.0 30.925606206930265074
8.0 2.0 30.930236040343757509
8.0 3.0 30.888382259205851454
8.0 4.0 30.916657538916300751
9.0 0.0 30.962631998804109656
9.0 1.0 30.897715411949747022
9.0 2.0 30.989521902105725104
9.0 3.0 30.981396945276127752
9.0 4.0 30.907414416329775264
10.0 0.0 30.841859814623997949
10.0 1.0 30.874419302750684579
10.0 2.0 30.972095974771178817
10.0 3.0 31.046512565950457940
10.0 4.0 30.930567052079418033
11.0 0.0 30.925608309734816004
11.0 1.0 30.883109362871788761
11.0 2.0 31.018599136343301126
11.0 3.0 30.888370189676233935
11.0 4.0 30.953713928249698029
12.0 0.0 30.869770321389463419
12.0 1.0 30.892533501888536307
12.0 2.0 31.027919670633522742
12.0 3.0 30.869766989761806997
12.0 4.0 30.961708480880442806
13.0 0.0 30.823262501269088176
13.0 1.0 30.869777167383016803
13.0 2.0 30.972097764508813356
13.0 3.0 30.962798077491761717
13.0 4.0 31.037043311183619920
14.0 0.0 30.902316426817609596
14.0 1.0 30.911635698293785879
14.0 2.0 30.967455063545642702
14.0 3.0 30.883722246517141485
14.0 4.0 30.999995245169944980
15.0 0.0 30.995364980063062177
15.0 1.0 30.827904681352716665
15.0 2.0 30.907447315484883887
15.0 3.0 30.916299325195712555
15.0 4.0 30.969770101852155619
16.0 0.0 30.841842063506195615
16.0 1.0 30.846510059598678311
16.0 2.0 30.897677533636127123
16.0 3.0 31.047174267391202562
16.0 4.0 31.023136825944153117
17.0 0.0 30.958142502987971767
17.0 1.0 30.902336360507476343
17.0 2.0 30.939537507807077787
17.0 3.0 30.865115876923272964
17.0 4.0 31.000004995705367605
18.0 0.0 31.023267994068689291
18.0 1.0 30.869772386273357512
18.0 2.0 30.883724444885171323
18.0 3.0 30.876178375523338104
18.0 4.0 30.962958666405562269
19.0 0.0 30.916405301859516186
19.0 1.0 30.869752928570733275
19.0 2.0 30.958146866601417457
19.0 3.0 31.000003384856384514
19.0 4.0 30.887251323849412188
20.0 0.0 30.930236678956845253
20.0 1.0 30.860489658260888746
20.0 2.0 31.018603397500704943
20.0 3.0 30.901959968304183235
20.0 4.0 30.964836274317132592
21.0 0.0 30.911629635317694920
21.0 1.0 30.871210661747362280
21.0 2.0 31.032578280844020924
21.0 3.0 30.968691399776194118
21.0 4.0 30.921334467923255573
22.0 0.0 30.818613853802713010
22.0 1.0 30.883707112540943029
22.0 2.0 30.980338956469815059
22.0 3.0 31.072624191095052026
22.0 4.0 30.944469573326536249
23.0 0.0 30.911627818187742633
23.0 1.0 30.976743433564532637
23.0 2.0 30.893049115924291925
23.0 3.0 30.976787570813272055
23.0 4.0 30.907416667927613219
24.0 0.0 30.948841646066409083
24.0 1.0 30.869766923213607157
24.0 2.0 30.934900659600046424
24.0 3.0 30.934882645241977173
24.0 4.0 30.976851118212380243
25.0 0.0 30.921392215091827893
25.0 1.0 30.902323519446863287
25.0 2.0 30.916285459812176128
25.0 3.0 30.967444443193880232
25.0 4.0 30.954662609681474095
26.0 0.0 30.907004227503726668
26.0 1.0 30.879066957575968644
26.0 2.0 30.920930404389732615
26.0 3.0 30.906976060595106048
26.0 4.0 31.017586585065735960
27.0 0.0 30.930231766117397996
27.0 1.0 30.920330627352790032
27.0 2.0 30.990706066113421713
27.0 3.0 31.000017198732123802
27.0 4.0 30.875760770919065124
28.0 0.0 30.931109051972313750
28.0 1.0 30.920929305094151829
28.0 2.0 30.920927513054770941
28.0 3.0 30.906983963362378631
28.0 4.0 30.995360987421186394
29.0 0.0 30.948848748582857837
29.0 1.0 30.846529258860588385
29.0 2.0 30.967467545023577458
29.0 3.0 30.911634317167717256
29.0 4.0 30.990745735743125522
30.0 0.0 30.953493737239895722
30.0 1.0 30.866118468476109626
30.0 2.0 30.990047633156560636
30.0 3.0 30.967444443427883272
30.0 4.0 30.898145365973650911
31.0 0.0 30.897673869546260050
31.0 1.0 30.930231601288937782
31.0 2.0 30.944205033883338984
31.0 3.0 30.958689641716524932
31.0 4.0 30.912038384083643905
32.0 0.0 30.923549764655209771
32.0 1.0 30.851168907174507439
32.0 2.0 30.897671169145592529
32.0 3.0 30.968326929647808754
32.0 4.0 31.004612537193121824
33.0 0.0 30.911650971931990739
33.0 1.0 30.789384367956973421
33.0 2.0 30.962791643788118989
33.0 3.0 30.976738818158718658
33.0 4.0 30.962973921570366542
34.0 0.0 30.944190388700636873
34.0 1.0 30.874424308741389211
34.0 2.0 31.055802893248777963
34.0 3.0 30.888372181425296503
34.0 4.0 30.902780697922512587
35.0 0.0 30.934877848572263304
35.0 1.0 30.962581612274185261
35.0 2.0 30.920920112415046788
35.0 3.0 30.891577788985024711
35.0 4.0 30.986113269146304816
36.0 0.0 30.893029306037096404
36.0 1.0 30.872410991520919055
36.0 2.0 30.948857620693740245
36.0 3.0 30.967450768143457651
36.0 4.0 30.995381293335139361
37.0 0.0 31.009331108525369558
37.0 1.0 30.930225546968884487
37.0 2.0 30.968780903230161528
37.0 3.0 30.961622328252943248
37.0 4.0 30.837969269450287157
38.0 0.0 30.929948074945759373
38.0 1.0 30.934884042060652121
38.0 2.0 30.967449548263154213
38.0 3.0 30.944208260461710580
38.0 4.0 30.912046632650572064
39.0 0.0 30.906984880413279626
39.0 1.0 30.865093239284110638
39.0 2.0 30.976749119444839664
39.0 3.0 30.990692726205807617
39.0 4.0 30.925939885596008594
40.0 0.0 30.868093874337446891
40.0 1.0 30.958065230089616193
40.0 2.0 30.879092865945022339
40.0 3.0 30.930255443189821563
40.0 4.0 31.018517640876758890
41.0 0.0 30.897679191481078220
41.0 1.0 30.878209757604412999
41.0 2.0 30.911638303843414377
41.0 3.0 30.902323894331015453
41.0 4.0 31.083319316466749171
42.0 0.0 30.981399250464964013
42.0 1.0 30.768180691644815283
42.0 2.0 30.976742179271955280
42.0 3.0 30.884249700166751751
42.0 4.0 31.032415205213734311
43.0 0.0 30.976739659939838134
43.0 1.0 30.893029777045935447
43.0 2.0 30.911626461684214462
43.0 3.0 30.981397410305117290
43.0 4.0 30.901100460656817148
44.0 0.0 30.990653981340869905
44.0 1.0 30.893015870071064199
44.0 2.0 30.895988570913530680
44.0 3.0 30.981394303223922293
44.0 4.0 30.888921965095413213
45.0 0.0 30.939534008972874091
45.0 1.0 30.874421325041993214
45.0 2.0 31.041871770786443108
45.0 3.0 30.916301444557298339
45.0 4.0 30.893534746778591682
46.0 0.0 30.911617114811694051
46.0 1.0 30.865113907332233367
46.0 2.0 31.041865418761513951
46.0 3.0 30.911625525624117472
46.0 4.0 30.935236383567733753
47.0 0.0 30.962767948057361878
47.0 1.0 30.897674548231570668
47.0 2.0 30.948840227642381961
47.0 3.0 30.944183577787335082
47.0 4.0 30.908243519738679339
48.0 0.0 30.962794655069366456
48.0 1.0 30.869808763404321894
48.0 2.0 30.860476120022603652
48.0 3.0 31.055820334181571951
48.0 4.0 30.907423243841172678
49.0 0.0 31.027910057298765167
49.0 1.0 30.893037727402045789
49.0 2.0 30.883739098175873039
49.0 3.0 30.976774523654590610
49.0 4.0 30.884262307152717142
50.0 0.0 30.975424753999078575
50.0 1.0 30.772097096267689409
50.0 2.0 30.976732800387789979
50.0 3.0 30.930227172240147837
50.0 4.0 31.000002353652963194
51.0 0.0 30.860464108059545651
51.0 1.0 30.909680587409503971
51.0 2.0 30.930243701088649289
51.0 3.0 30.944180482047958236
51.0 4.0 31.028857114820098673
52.0 0.0 30.962803233562716798
52.0 1.0 30.860474118529868548
52.0 2.0 30.934271517460310008
52.0 3.0 30.972092860224549327
52.0 4.0 30.953718047661574531
53.0 0.0 30.888378637300299090
53.0 1.0 30.925592901274367108
53.0 2.0 30.986050824743362142
53.0 3.0 30.972583684565631046
53.0 4.0 30.893516415248850393
54.0 0.0 30.874429313566466249
54.0 1.0 30.832551541279141105
54.0 2.0 30.942077439032960484
54.0 3.0 31.000013283483085047
54.0 4.0 31.009264766348128006
55.0 0.0 30.919912094480572762
55.0 1.0 30.958136701289067361
55.0 2.0 30.897710421659407842
55.0 3.0 30.939549672745034314
55.0 4.0 30.930556773412007487
56.0 0.0 30.894067665303197145
56.0 1.0 30.872177862380048907
56.0 2.0 30.990722283720465668
56.0 3.0 30.990706016191580829
56.0 4.0 30.914210586237469869
57.0 0.0 30.898565326147171106
57.0 1.0 30.869776042012244233
57.0 2.0 30.981394544296435356
57.0 3.0 30.944211739892235613
57.0 4.0 30.972219480280291037
58.0 0.0 30.925584995632803498
58.0 1.0 30.888372523585172047
58.0 2.0 30.986050979873070332
58.0 3.0 30.934498295136695134
58.0 4.0 30.966587341531965905
59.0 0.0 30.920917249398215176
59.0 1.0 30.906968067853380688
59.0 2.0 30.911626571046781464
59.0 3.0 30.902334386663948607
59.0 4.0 31.023169477995391929
60.0 0.0 30.939539404123152622
60.0 1.0 30.902326162276143151
60.0 2.0 30.945651709879928859
60.0 3.0 31.037101030125725742
60.0 4.0 30.898146886598286898
61.0 0.0 30.838219768840094304
61.0 1.0 30.928759715558189924
61.0 2.0 31.035626742591276184
61.0 3.0 30.986058039005733633
61.0 4.0 30.962962635169404280
62.0 0.0 30.902323145576421126
62.0 1.0 30.855815264777952223
62.0 2.0 30.986055232195720777
62.0 3.0 30.986036087996797761
62.0 4.0 30.935188195457008931
63.0 0.0 30.925579490998952537
63.0 1.0 30.869773439558031214
63.0 2.0 30.916285457742489484
63.0 3.0 30.992081236294556135
63.0 4.0 30.962962548582872557
64.0 0.0 30.967457899087207807
64.0 1.0 30.911631179624542654
64.0 2.0 30.917229399697639280
64.0 3.0 30.953472625951970798
64.0 4.0 30.924276255540561920
65.0 0.0 30.888378842307510297
65.0 1.0 30.934880668224586486
65.0 2.0 30.920935958786930797
65.0 3.0 30.944181559480458787
65.0 4.0 30.976861002283186508
66.0 0.0 30.944181995099000915
66.0 1.0 30.893028677034454432
66.0 2.0 30.948834018112439281
66.0 3.0 30.869789443019058695
66.0 4.0 31.009266084234468508
67.0 0.0 30.953482975561229296
67.0 1.0 30.944177074248578663
67.0 2.0 30.869756984888109486
67.0 3.0 30.849275355305039170
67.0 4.0 30.972227436899828490
68.0 0.0 30.874409131961989772
68.0 1.0 30.976769324224516566
68.0 2.0 30.952851827746417968
68.0 3.0 30.897701398081434121
68.0 4.0 30.986128975356521664
69.0 0.0 31.022994945416588308
69.0 1.0 30.900493299852538343
69.0 2.0 30.925587628992037281
69.0 3.0 30.897649387343186334
69.0 4.0 30.944441158200930886
70.0 0.0 30.916278098477242509
70.0 1.0 30.924991043173307048
70.0 2.0 30.962786713609965261
70.0 3.0 30.967444266441706446
70.0 4.0 30.916666547736738835
71.0 0.0 30.840495462537845128
71.0 1.0 30.958144615250102305
71.0 2.0 30.927001774131689160
71.0 3.0 30.925594230141115304
71.0 4.0 30.995377674918429989
72.0 0.0 30.829388620166323420
72.0 1.0 30.920916880755058287
72.0 2.0 31.079073038314827926
72.0 3.0 30.967452350837501029
72.0 4.0 30.849170791597185115
73.0 0.0 30.869762339413743035
73.0 1.0 30.883716014974940123
73.0 2.0 30.995347303945649742
73.0 3.0 30.948771306564090366
73.0 4.0 30.987944986878179776
74.0 0.0 30.944187190856517589
74.0 1.0 30.874433859730242347
74.0 2.0 30.907188685426771002
74.0 3.0 30.936762671271882397
74.0 4.0 30.962975071940672223
75.0 0.0 30.982214028898500402
75.0 1.0 30.865113470715265009
75.0 2.0 30.925613641197255532
75.0 3.0 30.995361777510858303
75.0 4.0 30.949068351235776930
76.0 0.0 30.941270375680666405
76.0 1.0 30.883736818956368353
76.0 2.0 30.948840406336774578
76.0 3.0 30.925580875103729994
76.0 4.0 30.981482298747664572
77.0 0.0 30.837214680478208351
77.0 1.0 30.953491362343061866
77.0 2.0 31.013958841099594110
77.0 3.0 30.905896366183188917
77.0 4.0 30.939804313730231655
78.0 0.0 30.855823285770259901
78.0 1.0 30.879071401651870588
78.0 2.0 30.967449793174704809
78.0 3.0 31.000015772688229276
78.0 4.0 30.962973001857541533
79.0 0.0 30.860454261761855577
79.0 1.0 30.870734283251614727
79.0 2.0 30.990703147182689037
79.0 3.0 30.948864436978269055
79.0 4.0 30.981497266873773810
80.0 0.0 30.924049807705742410
80.0 1.0 30.920931289222025384
80.0 2.0 30.967447443562818421
80.0 3.0 30.972095247930401030
80.0 4.0 30.884273635466030328
81.0 0.0 30.893023411416848489
81.0 1.0 30.939514208243391380
81.0 2.0 30.925574017262260185
81.0 3.0 31.013958760413387949
81.0 4.0 30.893533043930396786
82.0 0.0 30.939534304861197711
82.0 1.0 30.860478130087962256
82.0 2.0 31.041865452442625184
82.0 3.0 30.948829269647230689
82.0 4.0 30.939790113168463392
83.0 0.0 30.944194973546590433
83.0 1.0 30.823243985331590267
83.0 2.0 30.893025171322584299
83.0 3.0 31.018636094499118627
83.0 4.0 30.971679782992392660
84.0 0.0 30.880935031713100614
84.0 1.0 30.813958382780214151
84.0 2.0 30.978979712553840642
84.0 3.0 31.009327657114898358
84.0 4.0 30.930566655248590280
85.0 0.0 30.925571026924782103
85.0 1.0 30.939932659344414390
85.0 2.0 30.972095028562467434
85.0 3.0 30.916277944410872180
85.0 4.0 30.880976820973533137
86.0 0.0 30.916276174215418848
86.0 1.0 30.928812024788516766
86.0 2.0 30.935772947791146947
86.0 3.0 31.037220715517229053
86.0 4.0 30.875013525179969776
87.0 0.0 30.855814951844457994
87.0 1.0 30.874439773668918008
87.0 2.0 30.984878152814996355
87.0 3.0 30.962794619989313816
87.0 4.0 31.013896927949659243
88.0 0.0 30.930236948559478805
88.0 1.0 30.848582230351638600
88.0 2.0 30.906980775005003181
88.0 3.0 31.000013893909944329
88.0 4.0 30.949083967425476516
89.0 0.0 30.958160429467088903
89.0 1.0 30.902332440992505980
89.0 2.0 30.933278813296915644
89.0 3.0 30.948845423963181389
89.0 4.0 30.953694792787430856
90.0 0.0 30.967437086360529719
90.0 1.0 30.867256010443224312
90.0 2.0 30.916290865780720054
90.0 3.0 30.967435940336194733
90.0 4.0 30.939815023166133301
91.0 0.0 30.851179546181061397
91.0 1.0 30.902328255780254551
91.0 2.0 30.981385596411382011
91.0 3.0 30.883722204292276103
91.0 4.0 31.046301447972442844
92.0 0.0 30.909177037440329627
92.0 1.0 30.851322952303270597
92.0 2.0 30.953496154561808140
92.0 3.0 30.986040494991339500
92.0 4.0 30.989371032530286243
93.0 0.0 30.879069034684516026
93.0 1.0 30.925590701134943572
93.0 2.0 31.069507119373838577
93.0 3.0 30.883728883520099373
93.0 4.0 30.930555098381852019
94.0 0.0 30.897675554964411759
94.0 1.0 30.897684927724039738
94.0 2.0 31.027942336819862135
94.0 3.0 30.939539096427452591
94.0 4.0 30.902787161678833883
95.0 0.0 30.895709382471167714
95.0 1.0 30.958131772535953274
95.0 2.0 30.888367538597677253
95.0 3.0 30.860498416412038836
95.0 4.0 31.032420643204606137
96.0 0.0 31.041874419626328319
96.0 1.0 30.948839730612949239
96.0 2.0 30.916287261208800885
96.0 3.0 30.906976005628610693
96.0 4.0 30.851854210550495594
97.0 0.0 30.911624951551097240
97.0 1.0 30.962806631264260915
97.0 2.0 30.851163429197853816
97.0 3.0 30.967438474822319705
97.0 4.0 30.950470779630894214
98.0 0.0 30.897667144737269496
98.0 1.0 30.902346489162141552
98.0 2.0 30.965113632557702772
98.0 3.0 30.849065727582424046
98.0 4.0 31.009279171112126505
99.0 0.0 30.874422506526521204
99.0 1.0 30.972092641863238072
99.0 2.0 30.939529900925371919
99.0 3.0 30.944174752873465195
99.0 4.0 30.935180627300187695
