0.0 0.0 33.050430898525775092
0.0 1.0 33.117868716705260113
0.0 2.0 32.930215246013951003
0.0 3.0 32.986068367659726164
0.0 4.0 32.893520305513241908
1.0 0.0 32.932128404861202853
1.0 1.0 32.986900340781573959
1.0 2.0 32.883719781234766799
1.0 3.0 32.915287772274666622
1.0 4.0 32.960251321542607172
2.0 0.0 32.901884351058932054
2.0 1.0 33.040663694436261721
2.0 2.0 32.968589088466863757
2.0 3.0 32.859439494039968110
2.0 4.0 32.942942166316299790
3.0 0.0 32.907003292364287006
3.0 1.0 33.097038516344063908
3.0 2.0 33.169146583035256981
3.0 3.0 32.846513884142432005
3.0 4.0 33.242194171378656620
4.0 0.0 32.962010543343112090
4.0 1.0 33.083368669252337213
4.0 2.0 32.915821972138047613
4.0 3.0 32.982166757432480608
4.0 4.0 32.906900549952609936
5.0 0.0 32.915687037388345004
5.0 1.0 32.990041485037174596
5.0 2.0 33.085814292204524634
5.0 3.0 33.022962729123335635
5.0 4.0 32.986677510697084870
6.0 0.0 32.939533464701177934
6.0 1.0 33.013947238211699187
6.0 2.0 33.077161204866953881
6.0 3.0 32.930209037449564846
6.0 4.0 33.083862170630702337
7.0 0.0 33.072241721244658663
7.0 1.0 32.985991698100406211
7.0 2.0 33.057011477902641161
7.0 3.0 32.864460517990139010
7.0 4.0 32.770295152788115445
8.0 0.0 32.991670451788301932
8.0 1.0 32.923908330216121954
8.0 2.0 33.053192758204581025
8.0 3.0 32.952555417884425992
8.0 4.0 32.917556461176161520
9.0 0.0 32.814757577425716306
9.0 1.0 33.033195122265297528
9.0 2.0 32.981401912880187410
9.0 3.0 33.002484375545215300
9.0 4.0 32.942462515747457985
10.0 0.0 32.923345887843858293
10.0 1.0 33.027196466398088148
10.0 2.0 33.035255718054877150
10.0 3.0 32.841864772106866610
10.0 4.0 32.917773589898757791
11.0 0.0 32.990722587089656770
11.0 1.0 32.897660830092604556
11.0 2.0 33.030968106455631528
11.0 3.0 32.925588570969864577
11.0 4.0 32.930566676555315553
12.0 0.0 32.933389217226796575
12.0 1.0 32.934270726263306983
12.0 2.0 33.097665207621361105
12.0 3.0 32.965552616025419752
12.0 4.0 32.899875053676716163
13.0 0.0 32.960703153228244844
13.0 1.0 32.961216464080301591
13.0 2.0 33.078206822445160640
13.0 3.0 32.987639468499871498
13.0 4.0 32.998954265270697306
14.0 0.0 33.045817292093246920
14.0 1.0 32.934867226984849253
14.0 2.0 32.929941883800324831
14.0 3.0 33.152850490287562479
14.0 4.0 32.817968744244524260
15.0 0.0 32.957765169093050872
15.0 1.0 33.123925798243554652
15.0 2.0 32.995134606592429805
15.0 3.0 32.888374700579063870
15.0 4.0 32.875371614783382768
16.0 0.0 33.016024990945460615
16.0 1.0 33.061844833938742738
16.0 2.0 33.009296332054411494
16.0 3.0 32.934508830936763957
16.0 4.0 32.781999002558571021
17.0 0.0 32.877750527124888436
17.0 1.0 33.142135399032078169
17.0 2.0 33.126088135773883891
17.0 3.0 32.813931137083997669
17.0 4.0 32.884356789951723954
18.0 0.0 32.932666377544769887
18.0 1.0 33.035691842487636904
18.0 2.0 33.069825486920954916
18.0 3.0 32.793411246067762477
18.0 4.0 33.033622089610268802
19.0 0.0 32.972109542616301781
19.0 1.0 33.023030282291216508
19.0 2.0 32.872890730158367489
19.0 3.0 32.985996926123931416
19.0 4.0 33.115646898048019864
20.0 0.0 32.976006024577571907
20.0 1.0 33.037785170407069302
20.0 2.0 33.014617798814569483
20.0 3.0 32.872786984935174814
20.0 4.0 32.893595145952325254
21.0 0.0 32.935154303074028803
21.0 1.0 32.980825188191680297
21.0 2.0 32.937421855734392295
21.0 3.0 33.015129038637681447
21.0 4.0 32.989351139402685931
22.0 0.0 32.953217862320734355
22.0 1.0 32.939291183498966120
22.0 2.0 33.053916648067804829
22.0 3.0 32.835264963128054205
22.0 4.0 32.851713430545132155
23.0 0.0 33.015248837378159408
23.0 1.0 32.962811809196999491
23.0 2.0 33.124235289467534926
23.0 3.0 32.949094782319818364
23.0 4.0 32.790486109451222774
24.0 0.0 33.022773884302146996
24.0 1.0 32.894448427222130249
24.0 2.0 32.953486135972873683
24.0 3.0 32.967622527054238901
24.0 4.0 32.981695868154176310
25.0 0.0 33.121761488571593190
25.0 1.0 33.015092792809610955
25.0 2.0 33.055814589074778098
25.0 3.0 32.902615036461490661
25.0 4.0 32.851883173017270678
26.0 0.0 32.955300486294888174
26.0 1.0 33.055461862862202338
26.0 2.0 32.974415119322777912
26.0 3.0 32.923994784616802178
26.0 4.0 32.920289338043616567
27.0 0.0 32.966673589338867600
27.0 1.0 33.004649400027815886
27.0 2.0 33.032520665956276673
27.0 3.0 32.929552905352899472
27.0 4.0 32.948418720624715661
28.0 0.0 32.907601893245498559
28.0 1.0 32.950495678063823846
28.0 2.0 33.018607573629161323
28.0 3.0 33.006045024246539299
28.0 4.0 32.934144935201260296
29.0 0.0 32.934342502709249345
29.0 1.0 32.981365706184952558
29.0 2.0 32.936096493173089073
29.0 3.0 33.023254505066681475
29.0 4.0 32.992915814935805940
30.0 0.0 32.939575744730802853
30.0 1.0 32.974919872952447975
30.0 2.0 32.912075698864995843
30.0 3.0 33.042166192208085818
30.0 4.0 32.916682733962822738
31.0 0.0 32.973387912030787561
31.0 1.0 32.939563816367154914
31.0 2.0 33.157875488937889941
31.0 3.0 32.827969316378961651
31.0 4.0 32.990424111927474371
32.0 0.0 33.004371847578063637
32.0 1.0 33.009312500996486506
32.0 2.0 32.949086584259497101
32.0 3.0 32.896143932453554726
32.0 4.0 33.108101985480260510
33.0 0.0 33.023293748567681405
33.0 1.0 33.050224755258824416
33.0 2.0 32.971784748828660838
33.0 3.0 32.954524539769742830
33.0 4.0 33.012957174656861525
34.0 0.0 33.062915029329239758
34.0 1.0 32.930437390070899539
34.0 2.0 32.950119586477988776
34.0 3.0 32.902407280009470014
34.0 4.0 32.888648088936477620
35.0 0.0 32.982192286664506753
35.0 1.0 33.053702126862397392
35.0 2.0 33.097197176353795101
35.0 3.0 32.953515049582172480
35.0 4.0 33.020138814621581957
36.0 0.0 32.914497618081071550
36.0 1.0 32.843133665691226497
36.0 2.0 33.099855336434679032
36.0 3.0 32.875480191417494780
36.0 4.0 32.908927864010685482
37.0 0.0 32.985841231466245915
37.0 1.0 32.742678614625191358
37.0 2.0 32.997332800576074874
37.0 3.0 32.999281677068651675
37.0 4.0 32.925949396521232870
38.0 0.0 33.104924902988265956
38.0 1.0 33.038632551384360170
38.0 2.0 32.994665218228611536
38.0 3.0 33.001654768219779612
38.0 4.0 32.993088589868087013
39.0 0.0 32.954851218473223184
39.0 1.0 33.065131067768426476
39.0 2.0 32.956397352625550923
39.0 3.0 32.900142920016136827
39.0 4.0 32.855498645120363221
40.0 0.0 32.970204077606865667
40.0 1.0 32.843817617086735083
40.0 2.0 33.067126561619907932
40.0 3.0 32.799680099629796359
40.0 4.0 32.902186075981440183
41.0 0.0 32.944325386222878649
41.0 1.0 33.029225240660551322
41.0 2.0 32.994018508656502320
41.0 3.0 32.948673927128055539
41.0 4.0 32.963929412079266967
42.0 0.0 32.984856019624849921
42.0 1.0 33.013993902072108710
42.0 2.0 32.807270758028209912
42.0 3.0 32.962525042865067348
42.0 4.0 32.933366312345690119
43.0 0.0 33.032544645168421482
43.0 1.0 32.930805159345148070
43.0 2.0 33.085565541423370917
43.0 3.0 32.887218568852951250
43.0 4.0 32.944066398256374839
44.0 0.0 33.062624054920469518
44.0 1.0 33.004646976040568518
44.0 2.0 32.889887327399335959
44.0 3.0 32.952952454375434854
44.0 4.0 32.902803259078204690
45.0 0.0 32.993514410600973008
45.0 1.0 32.902296401939118198
45.0 2.0 33.098146194271080844
45.0 3.0 32.858422680579103314
45.0 4.0 33.037057203838301689
46.0 0.0 32.986877631040265157
46.0 1.0 32.934885895100990183
46.0 2.0 33.117308573066644328
46.0 3.0 33.040468583629248656
46.0 4.0 32.902809352088098649
47.0 0.0 32.955543996221280167
47.0 1.0 32.953585221393353777
47.0 2.0 33.032570682920088245
47.0 3.0 32.902307137473847831
47.0 4.0 32.862794169550014090
48.0 0.0 33.011644535855801053
48.0 1.0 32.879538646704375537
48.0 2.0 32.969714043359132916
48.0 3.0 32.992389802946355815
48.0 4.0 33.027896805011728532
49.0 0.0 32.928562966416137670
49.0 1.0 33.092697562907190445
49.0 2.0 32.853206250273522926
49.0 3.0 33.100816482015055442
49.0 4.0 32.971508269591801366
50.0 0.0 32.928696804556572886
50.0 1.0 32.968032088216894238
50.0 2.0 32.999971144150876512
50.0 3.0 32.935428363689474907
50.0 4.0 32.960398167613718101
51.0 0.0 33.106874238083349837
51.0 1.0 32.760022962938940339
51.0 2.0 32.993304588688289414
51.0 3.0 32.949695139793021781
51.0 4.0 32.962963544509783276
52.0 0.0 33.018572930488161887
52.0 1.0 33.133187042602571637
52.0 2.0 32.987967169185374416
52.0 3.0 32.887258256585766958
52.0 4.0 33.027809373425881745
53.0 0.0 32.930214863017930327
53.0 1.0 32.986053482611808363
53.0 2.0 33.021576161748377842
53.0 3.0 33.020960318327588823
53.0 4.0 32.875507503693597755
54.0 0.0 33.089856068118962185
54.0 1.0 33.067406843897309443
54.0 2.0 33.067238460777964804
54.0 3.0 32.870844428559706785
54.0 4.0 33.081273300172782115
55.0 0.0 32.922161310577827464
55.0 1.0 32.983684102212492917
55.0 2.0 33.042557616429888867
55.0 3.0 32.860495121731908341
55.0 4.0 32.996664510258803205
56.0 0.0 32.904031506333282664
56.0 1.0 32.936344803592085384
56.0 2.0 33.052771418398741332
56.0 3.0 32.963323314948382858
56.0 4.0 32.995377067971709550
57.0 0.0 32.938515892539832919
57.0 1.0 32.967415942503805582
57.0 2.0 33.004694078480696362
57.0 3.0 32.955656194065497289
57.0 4.0 33.002069655824314509
58.0 0.0 33.094845590352022668
58.0 1.0 33.014520536231245273
58.0 2.0 32.894271516354628204
58.0 3.0 33.004554575117388993
58.0 4.0 32.835581129587673388
59.0 0.0 32.916279669483330395
59.0 1.0 32.978515710336381517
59.0 2.0 33.072417275532359326
59.0 3.0 32.831786039931941446
59.0 4.0 32.870134825927387112
60.0 0.0 33.108765488478290706
60.0 1.0 33.020673022321510359
60.0 2.0 32.830201711032771072
60.0 3.0 32.767974863642351124
60.0 4.0 32.976940209749827204
61.0 0.0 33.120964503019884262
61.0 1.0 32.969601867304383802
61.0 2.0 32.811069516414505642
61.0 3.0 32.877981916827323516
61.0 4.0 32.975185233652020145
62.0 0.0 32.934401408599029537
62.0 1.0 33.111250507809224075
62.0 2.0 33.084139714262803977
62.0 3.0 32.882110631508325582
62.0 4.0 33.022343832720359558
63.0 0.0 32.876515014701212181
63.0 1.0 33.056867536108249794
63.0 2.0 32.872664702341381826
63.0 3.0 32.823272612727528497
63.0 4.0 33.065138773712860143
64.0 0.0 32.867361624393240049
64.0 1.0 32.986092705676895775
64.0 2.0 33.034446520160685168
64.0 3.0 32.818139226899546657
64.0 4.0 33.037019586693311624
65.0 0.0 32.902989709564309351
65.0 1.0 32.971453777371465321
65.0 2.0 32.963721347027167496
65.0 3.0 32.958799260090039240
65.0 4.0 33.134150524276357430
66.0 0.0 32.932749902036626111
66.0 1.0 33.129422030429168444
66.0 2.0 33.012259696064148784
66.0 3.0 32.994957756808460658
66.0 4.0 32.879677635699934513
67.0 0.0 33.112547831705775536
67.0 1.0 33.182161144743623993
67.0 2.0 32.925609450182285798
67.0 3.0 32.953468660541858526
67.0 4.0 32.937194449843126165
68.0 0.0 32.840796204233541289
68.0 1.0 33.004667386765113690
68.0 2.0 33.021017005622120166
68.0 3.0 33.009222313411534344
68.0 4.0 32.915701139583340762
69.0 0.0 33.003869845754081780
69.0 1.0 33.000001977023501354
69.0 2.0 32.886669893433214895
69.0 3.0 32.907003427934448325
69.0 4.0 33.038222329484000284
70.0 0.0 32.722109104137992119
70.0 1.0 32.873779595571484435
70.0 2.0 32.990723221725204439
70.0 3.0 32.942188239246981141
70.0 4.0 33.019322043833327029
71.0 0.0 32.860574914366964094
71.0 1.0 33.031772030690142117
71.0 2.0 32.940987166841239286
71.0 3.0 32.874195599030329618
71.0 4.0 32.995127274671048667
72.0 0.0 32.889464080408650659
72.0 1.0 33.074456843349622659
72.0 2.0 33.119818799224951533
72.0 3.0 32.865083494893454485
72.0 4.0 32.938309091530697970
73.0 0.0 33.135399064288392879
73.0 1.0 32.902299392601456418
73.0 2.0 32.923593710852543381
73.0 3.0 33.071786443461007821
73.0 4.0 32.947351328870951193
74.0 0.0 32.874397429651523339
74.0 1.0 33.054719738831806808
74.0 2.0 32.885932243878286840
74.0 3.0 32.812769206384359677
74.0 4.0 32.970971876237612719
75.0 0.0 33.137491091266454646
75.0 1.0 32.879680291540374526
75.0 2.0 33.083546535530032884
75.0 3.0 33.060606381470591941
75.0 4.0 32.838288802101494923
76.0 0.0 32.914929913837937647
76.0 1.0 32.986020690850260451
76.0 2.0 32.930123488884412097
76.0 3.0 32.958442761672650079
76.0 4.0 32.921352894944838852
77.0 0.0 33.026541807639674175
77.0 1.0 33.183849716019082621
77.0 2.0 33.003005222189273127
77.0 3.0 32.842476018960134354
77.0 4.0 32.902792878675775512
78.0 0.0 32.896070414833936013
78.0 1.0 32.948811691291595594
78.0 2.0 33.031184999128747393
78.0 3.0 32.831802724806387062
78.0 4.0 33.075576705841811531
79.0 0.0 32.959818569535556776
79.0 1.0 32.855830014764407565
79.0 2.0 33.062030084528416296
79.0 3.0 32.933217662589910901
79.0 4.0 32.797247522900178751
80.0 0.0 32.883711727646002032
80.0 1.0 33.027071099101554807
80.0 2.0 33.113127592900227114
80.0 3.0 32.849093299310823113
80.0 4.0 32.824785401948830099
81.0 0.0 33.051196838953522672
81.0 1.0 32.920921576154071886
81.0 2.0 32.813979845289679815
81.0 3.0 32.957196944584978837
81.0 4.0 32.930593625880511865
82.0 0.0 32.944272108054953208
82.0 1.0 32.983570533278253833
82.0 2.0 33.042632253221427163
82.0 3.0 32.879067193301104055
82.0 4.0 32.959797442481111318
83.0 0.0 32.956054289614016284
83.0 1.0 33.109559903052506513
83.0 2.0 32.934523902671443807
83.0 3.0 33.069017825128234733
83.0 4.0 32.961143876290464050
84.0 0.0 33.109856846280834475
84.0 1.0 32.958025587447856708
84.0 2.0 33.070635476222065563
84.0 3.0 32.865128026683926521
84.0 4.0 32.893581883523495435
85.0 0.0 32.945048145912124937
85.0 1.0 33.046918771061861264
85.0 2.0 32.984499993259021267
85.0 3.0 32.924285738954587544
85.0 4.0 32.912034051797213863
86.0 0.0 32.975348424998863095
86.0 1.0 32.966839386125059264
86.0 2.0 33.065858209445892157
86.0 3.0 32.895004569075965151
86.0 4.0 33.015072691025451945
87.0 0.0 33.083726524193032503
87.0 1.0 33.084461037740460654
87.0 2.0 32.948858075688015390
87.0 3.0 32.919919587984388443
87.0 4.0 32.902719534220544517
88.0 0.0 32.869820627323953488
88.0 1.0 33.155964000600285146
88.0 2.0 33.078785298373553303
88.0 3.0 32.741138873981221025
88.0 4.0 32.958359002192871401
89.0 0.0 32.921842612985258825
89.0 1.0 32.824251599470571250
89.0 2.0 33.021072000983977546
89.0 3.0 32.976769918779275770
89.0 4.0 32.865721100822554490
90.0 0.0 33.071460339699406461
90.0 1.0 32.981636459975078424
90.0 2.0 32.930497648782072417
90.0 3.0 32.926697791979414376
90.0 4.0 33.019764947629326457
91.0 0.0 33.043895327749439161
91.0 1.0 33.114535266801233604
91.0 2.0 32.943785702291904727
91.0 3.0 32.944247234233529298
91.0 4.0 32.884330205827488669
92.0 0.0 32.985575446117984200
92.0 1.0 32.906947727960833561
92.0 2.0 33.034686880250106356
92.0 3.0 33.065723434476097964
92.0 4.0 32.916688374086724878
93.0 0.0 33.079642385405080063
93.0 1.0 32.924869406103105973
93.0 2.0 33.120401421423501631
93.0 3.0 32.888414354153233887
93.0 4.0 32.935233256521193823
94.0 0.0 33.091248803960986891
94.0 1.0 32.911608040432930977
94.0 2.0 33.001981702345950964
94.0 3.0 32.812200990048310700
94.0 4.0 33.080774113752255516
95.0 0.0 32.976767417606900779
95.0 1.0 33.045828612433844285
95.0 2.0 33.042982344931125738
95.0 3.0 32.924396902157667455
95.0 4.0 32.893768072595072738
96.0 0.0 32.965910556881894422
96.0 1.0 33.051178043143110585
96.0 2.0 32.976744686315122124
96.0 3.0 32.886636901639100472
96.0 4.0 32.956886246965325427
97.0 0.0 32.989385895745911625
97.0 1.0 32.943532595242075445
97.0 2.0 32.986106090588599216
97.0 3.0 32.909073690067884854
97.0 4.0 32.900543809615193425
98.0 0.0 33.070254324787001110
98.0 1.0 32.848235543591748353
98.0 2.0 32.865895755593712124
98.0 3.0 32.928680596680706572
98.0 4.0 33.078691390016331297
99.0 0.0 32.902361348341109704
99.0 1.0 33.070629165051123266
99.0 2.0 32.957151680107983793
99.0 3.0 32.974488455513053964
99.0 4.0 32.819902230355396000
