0.0 0.0 122.005693774904571569
0.0 1.0 122.177908834499390878
0.0 2.0 122.310378909033119044
0.0 3.0 122.357795000428282606
0.0 4.0 122.003668513741189372
1.0 0.0 121.858326593466912868
1.0 1.0 122.301878421899616001
1.0 2.0 122.201142737136748906
1.0 3.0 122.405510044130380720
1.0 4.0 122.223066005156127289
2.0 0.0 121.924647390577433725
2.0 1.0 122.422226359980399479
2.0 2.0 122.202838410310818062
2.0 3.0 122.296280658128978303
2.0 4.0 121.957045650945872239
3.0 0.0 121.928379470026811759
3.0 1.0 122.238453906486796541
3.0 2.0 122.360581978242151990
3.0 3.0 122.189383547918481554
3.0 4.0 122.099397301988204845
4.0 0.0 122.146473962062444230
4.0 1.0 122.326045500246820552
4.0 2.0 122.235949750685307436
4.0 3.0 122.329563206037633449
4.0 4.0 121.953506630911874709
5.0 0.0 122.003674520348937449
5.0 1.0 122.336636095898342091
5.0 2.0 122.322763838481407106
5.0 3.0 122.245521949401748429
5.0 4.0 121.992074927320061306
6.0 0.0 122.063098359792476799
6.0 1.0 122.193261719984718638
6.0 2.0 122.470457484038547591
6.0 3.0 122.279842830422964539
6.0 4.0 122.012518279610219452
7.0 0.0 122.045357725513966329
7.0 1.0 122.245468696901482986
7.0 2.0 122.289079551163851534
7.0 3.0 122.163139986566889661
7.0 4.0 122.379019895395927620
8.0 0.0 122.071221708862282185
8.0 1.0 122.123926528443504935
8.0 2.0 122.377988471856696151
8.0 3.0 122.350390388876149927
8.0 4.0 122.083875202734617460
9.0 0.0 122.020972018327768183
9.0 1.0 122.452953725353253844
9.0 2.0 122.263263032861175361
9.0 3.0 122.222478419826614982
9.0 4.0 121.993585462315536461
10.0 0.0 122.210259168205865876
10.0 1.0 122.331572907042826159
10.0 2.0 122.272228583717478045
10.0 3.0 122.241456420332838206
10.0 4.0 121.933453866539892374
11.0 0.0 122.183962489031642917
11.0 1.0 122.313049693356262537
11.0 2.0 122.257014521068370527
11.0 3.0 122.280663392682185986
11.0 4.0 121.956973795160706686
12.0 0.0 122.185479581423592776
12.0 1.0 122.209176504387798445
12.0 2.0 122.213456364651150921
12.0 3.0 122.391351752764279581
12.0 4.0 121.991618610277569701
13.0 0.0 121.985286402853162713
13.0 1.0 122.352264290062990426
13.0 2.0 122.398066712028537495
13.0 3.0 122.042296667933953813
13.0 4.0 122.060349772678733871
14.0 0.0 122.022527652315204705
14.0 1.0 122.131687979301332803
14.0 2.0 122.340414560949085399
14.0 3.0 122.238277102993635026
14.0 4.0 122.144973669725601439
15.0 0.0 122.043002994066796418
15.0 1.0 122.413303372846215211
15.0 2.0 122.041198437610148630
15.0 3.0 122.284901069706705812
15.0 4.0 122.208147512362899079
16.0 0.0 122.166073871298465292
16.0 1.0 122.257868401887705545
16.0 2.0 122.035322387950486700
16.0 3.0 122.223351461599463619
16.0 4.0 122.053029746860119076
17.0 0.0 121.913857916448918672
17.0 1.0 122.544720844110102576
17.0 2.0 122.401391569780827240
17.0 3.0 122.049334821107223092
17.0 4.0 121.937637058265067935
18.0 0.0 122.281172667633086348
18.0 1.0 122.342886955387129433
18.0 2.0 122.359691861483298680
18.0 3.0 122.060355546025505191
18.0 4.0 121.878796349169348900
19.0 0.0 122.245107581593458690
19.0 1.0 122.342785546953848552
19.0 2.0 121.967353633634772336
19.0 3.0 122.150537208414846191
19.0 4.0 122.182042557945365502
20.0 0.0 122.109421905814400588
20.0 1.0 122.284932216230572521
20.0 2.0 122.248243934240306885
20.0 3.0 122.222966781048981488
20.0 4.0 122.125703233441186057
21.0 0.0 121.945306624822336516
21.0 1.0 122.093913196476748340
21.0 2.0 122.317772159146386457
21.0 3.0 122.388558829366004943
21.0 4.0 122.244379583534282574
22.0 0.0 122.029080796642318774
22.0 1.0 122.510935402069335964
22.0 2.0 122.244372130206599536
22.0 3.0 122.402198776129353064
22.0 4.0 121.805381202526035622
23.0 0.0 122.139320709100942963
23.0 1.0 122.293434455682927364
23.0 2.0 122.239308117059096048
23.0 3.0 122.305762722015529675
23.0 4.0 122.067552747579895822
24.0 0.0 122.113855136226234777
24.0 1.0 122.223393022550425258
24.0 2.0 122.289122292287288474
24.0 3.0 122.318031701744871498
24.0 4.0 122.046803691523308544
25.0 0.0 122.151938785212053062
25.0 1.0 122.301804309941871907
25.0 2.0 122.179802740257329674
25.0 3.0 122.242718520755772715
25.0 4.0 122.020904883001435337
26.0 0.0 122.219542722978076199
26.0 1.0 122.404610835666687763
26.0 2.0 122.223293532095283354
26.0 3.0 122.254920832319314172
26.0 4.0 121.890183226374290371
27.0 0.0 122.184477431215185561
27.0 1.0 122.294034798250848439
27.0 2.0 122.153840336704433867
27.0 3.0 122.216620834419885000
27.0 4.0 122.142331426129317151
28.0 0.0 121.886839271618029557
28.0 1.0 122.240040828543371276
28.0 2.0 122.344009613586280238
28.0 3.0 122.389336621516292780
28.0 4.0 122.080064675043502120
29.0 0.0 121.720529871630461116
29.0 1.0 122.548040158203605188
29.0 2.0 122.435203415141543815
29.0 3.0 122.467667312795924772
29.0 4.0 121.979106948681078393
30.0 0.0 122.158699379413192787
30.0 1.0 122.425448119108864375
30.0 2.0 122.308100688870638351
30.0 3.0 122.072965500762791180
30.0 4.0 122.031037598882264206
31.0 0.0 122.092969469613620959
31.0 1.0 122.295564594472637054
31.0 2.0 122.189721080324929403
31.0 3.0 122.343656353272507431
31.0 4.0 122.069251533861631742
32.0 0.0 122.024040043190993288
32.0 1.0 122.115401073983989022
32.0 2.0 122.350355573980195345
32.0 3.0 122.230096805652124203
32.0 4.0 122.129224214256097980
33.0 0.0 121.974641891792131787
33.0 1.0 122.416895076393430486
33.0 2.0 122.248172436963287169
33.0 3.0 122.209511914775234231
33.0 4.0 122.104624594345011701
34.0 0.0 121.850743976403933289
34.0 1.0 122.463127331510236218
34.0 2.0 122.355078063870266192
34.0 3.0 122.204788469371308679
34.0 4.0 122.180804357175290420
35.0 0.0 122.100374019362874378
35.0 1.0 122.387107486578912585
35.0 2.0 122.417765509561974113
35.0 3.0 122.084687389890689246
35.0 4.0 122.002560419518047752
36.0 0.0 122.151199181796314974
36.0 1.0 122.311228392971628409
36.0 2.0 122.207675343237497145
36.0 3.0 122.348931605301004311
36.0 4.0 121.972339833474904935
37.0 0.0 122.212798314433513269
37.0 1.0 122.115545408209783318
37.0 2.0 122.330772648754518173
37.0 3.0 122.206484549255932848
37.0 4.0 122.137265796097963744
38.0 0.0 121.968393534475865181
38.0 1.0 122.452171569823477171
38.0 2.0 122.261716397491326802
38.0 3.0 122.228756762083563103
38.0 4.0 122.080151561947403138
39.0 0.0 122.032567080124806580
39.0 1.0 122.476018556823291306
39.0 2.0 122.219188899928795422
39.0 3.0 122.183796978487265505
39.0 4.0 122.080034387449742894
40.0 0.0 122.021858249231996751
40.0 1.0 122.207014236889776271
40.0 2.0 122.233907194458566892
40.0 3.0 122.207263388976826946
40.0 4.0 122.055224207334958919
41.0 0.0 122.033963893692728675
41.0 1.0 122.135807088322579261
41.0 2.0 122.451697337039419722
41.0 3.0 122.285148363209088984
41.0 4.0 122.147733965736151163
42.0 0.0 122.107495855455042033
42.0 1.0 122.397234450285338880
42.0 2.0 122.314636229591258143
42.0 3.0 122.108880563854413026
42.0 4.0 122.120033829504379241
43.0 0.0 121.908689492705704538
43.0 1.0 122.397273726278115191
43.0 2.0 122.421154710534210608
43.0 3.0 122.268763575241749209
43.0 4.0 121.995687225184198610
44.0 0.0 122.121807155285480917
44.0 1.0 122.227174169917375934
44.0 2.0 122.264365052982412863
44.0 3.0 122.111846261254996193
44.0 4.0 122.180854031897197842
45.0 0.0 122.199380421979327593
45.0 1.0 122.169751067644739351
45.0 2.0 122.151447085398871195
45.0 3.0 122.265634998959299651
45.0 4.0 122.090027658383547760
46.0 0.0 121.895009200822016737
46.0 1.0 122.292010939228930511
46.0 2.0 122.374665403365469274
46.0 3.0 122.114677355042772433
46.0 4.0 122.314546915011888473
47.0 0.0 122.097620059024990269
47.0 1.0 122.376109262830581770
47.0 2.0 122.282136421648260693
47.0 3.0 122.606874880033515751
47.0 4.0 121.781658777166271079
48.0 0.0 121.912017603710523872
48.0 1.0 122.172872501241599252
48.0 2.0 122.122143790008124142
48.0 3.0 122.333336859470776403
48.0 4.0 122.247766645724453838
49.0 0.0 122.127824965127032897
49.0 1.0 122.701834534029075030
49.0 2.0 122.219943967164908827
49.0 3.0 122.287482549363389239
49.0 4.0 121.995578810668234837
50.0 0.0 122.066443399898304278
50.0 1.0 122.315177271850046736
50.0 2.0 122.349056420759509933
50.0 3.0 122.305774800223758803
50.0 4.0 121.955276872153760337
51.0 0.0 122.030586303307387652
51.0 1.0 122.242282287808833985
51.0 2.0 122.228504631050313378
51.0 3.0 122.381453180259001101
51.0 4.0 122.047148947249965545
52.0 0.0 122.051325884906361807
52.0 1.0 122.371422710875535245
52.0 2.0 122.335465999301050033
52.0 3.0 122.135552049002541253
52.0 4.0 122.220728258133078725
53.0 0.0 122.050349194807083109
53.0 1.0 122.558835171318392554
53.0 2.0 122.095976476205706263
53.0 3.0 122.077722875431078364
53.0 4.0 122.051331903293629466
54.0 0.0 121.734750135290582307
54.0 1.0 122.439193257530277492
54.0 2.0 122.363879516230213085
54.0 3.0 122.193564266619020486
54.0 4.0 122.007566166604817681
55.0 0.0 122.032398967040265347
55.0 1.0 122.389374798306448611
55.0 2.0 122.322276208341378378
55.0 3.0 122.286134840392847423
55.0 4.0 121.961448495466925124
56.0 0.0 122.164832595860460174
56.0 1.0 122.094187591685496841
56.0 2.0 122.161621594850018369
56.0 3.0 122.186008120188105863
56.0 4.0 122.116978727532170979
57.0 0.0 121.863837613952981087
57.0 1.0 122.356485197968552825
57.0 2.0 122.398808726943357783
57.0 3.0 121.975750744797792890
57.0 4.0 122.206949044707400276
58.0 0.0 122.199388217683733160
58.0 1.0 122.326517593245583271
58.0 2.0 122.332297369991081837
58.0 3.0 122.406468856434997861
58.0 4.0 121.847807041858828825
59.0 0.0 122.177961044502666255
59.0 1.0 122.418536107593993734
59.0 2.0 122.266075367753288106
59.0 3.0 122.208877638572289470
59.0 4.0 122.040022060240687551
60.0 0.0 122.099355289162474492
60.0 1.0 122.487109593888874315
60.0 2.0 122.300092736407748362
60.0 3.0 122.061006384845441630
60.0 4.0 122.039572851147127608
61.0 0.0 122.006290942382506159
61.0 1.0 122.325158818050169884
61.0 2.0 122.210211684765113205
61.0 3.0 122.300783199055445039
61.0 4.0 122.148320612795600937
62.0 0.0 121.862699307658658654
62.0 1.0 122.481885884895888239
62.0 2.0 122.405058501920606773
62.0 3.0 122.124329671929061192
62.0 4.0 122.017194764496139214
63.0 0.0 122.133263268338680518
63.0 1.0 122.249073044820320888
63.0 2.0 121.950716231187413996
63.0 3.0 122.337016804490446020
63.0 4.0 122.052516037561105122
64.0 0.0 121.958378334249033514
64.0 1.0 122.521117711025141261
64.0 2.0 122.173378553516243983
64.0 3.0 122.637151281189474616
64.0 4.0 122.006151386647871959
65.0 0.0 122.266903497393983002
65.0 1.0 122.405598767707544994
65.0 2.0 122.102939853038435558
65.0 3.0 122.199002442211963171
65.0 4.0 122.297909194317341530
66.0 0.0 122.099558090933626886
66.0 1.0 122.353303745679980352
66.0 2.0 122.248983151437300876
66.0 3.0 122.216330228685748693
66.0 4.0 121.984930595238182605
67.0 0.0 121.934828951317498991
67.0 1.0 122.482181680409524915
67.0 2.0 122.498184423571743196
67.0 3.0 121.692215137693807492
67.0 4.0 122.131718025078896517
68.0 0.0 122.077193034645844705
68.0 1.0 122.257994678842848657
68.0 2.0 122.268438989919772553
68.0 3.0 122.220846332086779285
68.0 4.0 121.959441722895675753
69.0 0.0 122.090463073085558676
69.0 1.0 122.158477806020528078
69.0 2.0 122.172059715089886822
69.0 3.0 122.220265557582479232
69.0 4.0 122.374968864510250910
70.0 0.0 122.057081708654678209
70.0 1.0 122.530761055945987437
70.0 2.0 122.155731829204214023
70.0 3.0 122.312329471203867115
70.0 4.0 121.935955482413689310
71.0 0.0 121.898138384015950919
71.0 1.0 122.397756888936157793
71.0 2.0 122.375821181455833653
71.0 3.0 122.605634747801772733
71.0 4.0 121.982445280325904946
72.0 0.0 122.035599309869454032
72.0 1.0 122.088048349288527561
72.0 2.0 122.258627919551031482
72.0 3.0 122.744931816799919488
72.0 4.0 122.087552212172582244
73.0 0.0 122.153500147140803733
73.0 1.0 122.275881725856038429
73.0 2.0 122.297473396738553220
73.0 3.0 122.044118028521992869
73.0 4.0 122.199624930261421696
74.0 0.0 122.149659010923315350
74.0 1.0 122.447996839222511767
74.0 2.0 122.283201649342458950
74.0 3.0 122.318438581555653855
74.0 4.0 121.876040869123457355
75.0 0.0 121.965348167187045192
75.0 1.0 122.411167192690712113
75.0 2.0 122.267708874921808615
75.0 3.0 122.257449678497266632
75.0 4.0 122.164615822640172382
76.0 0.0 121.925117079280184385
76.0 1.0 122.431777933403012071
76.0 2.0 122.297452454683892142
76.0 3.0 122.277389758235798922
76.0 4.0 122.059818192932866054
77.0 0.0 122.307678992229568848
77.0 1.0 122.266863916286141034
77.0 2.0 122.325792481188415195
77.0 3.0 122.141265467971138037
77.0 4.0 121.953914411750503177
78.0 0.0 121.972590741872622289
78.0 1.0 122.233271167465176177
78.0 2.0 122.504627360963496585
78.0 3.0 122.063195528501850617
78.0 4.0 122.217714220422081439
79.0 0.0 121.975471701933315671
79.0 1.0 122.402250089597075089
79.0 2.0 122.176239098311938847
79.0 3.0 122.314191810400643590
79.0 4.0 122.122912578600917755
80.0 0.0 122.301453227147717939
80.0 1.0 122.328074188138074874
80.0 2.0 122.262743658292222904
80.0 3.0 122.103939007658723881
80.0 4.0 122.165589194336476453
81.0 0.0 122.173880362924322185
81.0 1.0 122.220892343522166357
81.0 2.0 122.177601627102646376
81.0 3.0 122.384119773908281559
81.0 4.0 122.034433384691951119
82.0 0.0 122.054556002197529097
82.0 1.0 122.467787017057176513
82.0 2.0 122.285736908287788083
82.0 3.0 122.238058920550955122
82.0 4.0 121.927833307344499758
83.0 0.0 122.064529856183156653
83.0 1.0 122.416223706214154276
83.0 2.0 122.415890536340924655
83.0 3.0 122.165549230747330967
83.0 4.0 121.922897765942764181
84.0 0.0 122.169569609575106028
84.0 1.0 122.495216937096230936
84.0 2.0 122.120828449093750123
84.0 3.0 122.212880479446013737
84.0 4.0 121.993523518187444665
85.0 0.0 122.081810201377436442
85.0 1.0 122.123966675019460126
85.0 2.0 122.277752914641737902
85.0 3.0 122.319570254740526138
85.0 4.0 121.962496294755524673
86.0 0.0 122.104263959377277615
86.0 1.0 122.395434286959044812
86.0 2.0 122.292088563748933439
86.0 3.0 122.226660056045773217
86.0 4.0 122.304966294238099067
87.0 0.0 122.280837586062219202
87.0 1.0 122.243665019773985136
87.0 2.0 122.256001248554397876
87.0 3.0 122.003473598651282828
87.0 4.0 121.982360769535858935
88.0 0.0 122.035900209923525495
88.0 1.0 122.502527875465105467
88.0 2.0 122.166519557639006166
88.0 3.0 122.301069617866104977
88.0 4.0 121.985429450637809623
89.0 0.0 121.895464691996494366
89.0 1.0 122.221733406902146157
89.0 2.0 122.464873738990377205
89.0 3.0 122.348648638363115992
89.0 4.0 122.223492964945123163
90.0 0.0 122.086882804117905721
90.0 1.0 122.464564228110234012
90.0 2.0 122.163371287645290408
90.0 3.0 122.210148306586944500
90.0 4.0 121.962384617633887274
91.0 0.0 121.872998748072333797
91.0 1.0 122.522790113706264492
91.0 2.0 122.282767657723383081
91.0 3.0 122.315130872401610418
91.0 4.0 121.997680261495247578
92.0 0.0 122.184329401761260669
92.0 1.0 122.402428547701020989
92.0 2.0 122.094315140280414766
92.0 3.0 122.278014935793109430
92.0 4.0 122.032600683955848808
93.0 0.0 121.884374653998989402
93.0 1.0 122.294195178801544444
93.0 2.0 122.349733395150892079
93.0 3.0 122.254615284729013069
93.0 4.0 122.207771142025336530
94.0 0.0 122.110653975913351132
94.0 1.0 122.520452786813223156
94.0 2.0 122.480517027543754693
94.0 3.0 122.188716411941655338
94.0 4.0 121.929837727933787050
95.0 0.0 122.103346086843174589
95.0 1.0 122.328973851035755160
95.0 2.0 122.338257949873863595
95.0 3.0 122.170959717063311700
95.0 4.0 122.050276971046514518
96.0 0.0 121.933372528157420334
96.0 1.0 122.370048445372106016
96.0 2.0 122.317891746500265526
96.0 3.0 122.120159706130422705
96.0 4.0 122.249849067526923818
97.0 0.0 122.148144132301368359
97.0 1.0 122.345934945108467673
97.0 2.0 122.282987089011754733
97.0 3.0 122.133922002419836872
97.0 4.0 122.077309609664382606
98.0 0.0 122.339369225526667151
98.0 1.0 122.447504060417045935
98.0 2.0 122.222010144379140684
98.0 3.0 122.240359113166292104
98.0 4.0 122.076356435285603652
99.0 0.0 121.882519989842990071
99.0 1.0 122.464720883609601287
99.0 2.0 122.211486264892641884
99.0 3.0 122.230230305863244666
99.0 4.0 122.166832206605874944
