0.0 0.0 0.060463915629611967
0.0 1.0 0.037804233323662194
0.0 2.0 0.079157738292304408
0.0 3.0 0.052659110667543085
0.0 4.0 0.052927701968217014
1.0 0.0 0.081172010654102247
1.0 1.0 0.095805308495633373
1.0 2.0 0.043349527880168347
1.0 3.0 0.061441544277935439
1.0 4.0 0.045710973671560795
2.0 0.0 0.028972831729932133
2.0 1.0 0.088232311560569709
2.0 2.0 0.021566991349861765
2.0 3.0 0.031737701444210453
2.0 4.0 0.044304484168677466
3.0 0.0 0.090004305415853164
3.0 1.0 0.039328102373028043
3.0 2.0 0.057028481941946450
3.0 3.0 0.036395479391173012
3.0 4.0 0.053744049274167968
4.0 0.0 0.071580920913213691
4.0 1.0 0.069580312836658831
4.0 2.0 0.046851723109404803
4.0 3.0 0.038860466151748083
4.0 4.0 0.062069351439069026
5.0 0.0 0.073141354557925212
5.0 1.0 0.074670596642091747
5.0 2.0 0.057574488401607178
5.0 3.0 0.024054021414545088
5.0 4.0 0.081217219873329194
6.0 0.0 0.015678197794041018
6.0 1.0 0.035377432649265253
6.0 2.0 0.039326147301802589
6.0 3.0 0.033020418783590286
6.0 4.0 0.137854450892869129
7.0 0.0 0.045232619872186838
7.0 1.0 0.068266134304214687
7.0 2.0 0.081640144136114506
7.0 3.0 0.060057038633311938
7.0 4.0 0.022165089996781105
8.0 0.0 0.034546697255570157
8.0 1.0 0.060080254727210444
8.0 2.0 0.087843913265378326
8.0 3.0 0.027425923841319054
8.0 4.0 0.055442145830497648
9.0 0.0 0.073199577141935521
9.0 1.0 0.040085537168131846
9.0 2.0 0.059274288689973073
9.0 3.0 0.037854159066579809
9.0 4.0 0.056771252076447669
10.0 0.0 0.107755750431091868
10.0 1.0 0.045696837626514955
10.0 2.0 0.037915817832615877
10.0 3.0 0.070409073778410103
10.0 4.0 0.025275033150346717
11.0 0.0 0.060663319646588373
11.0 1.0 0.085498615448294374
11.0 2.0 0.052295623975036336
11.0 3.0 0.035993406601892680
11.0 4.0 0.019412809557141517
12.0 0.0 0.061673723805305433
12.0 1.0 0.055417804229615925
12.0 2.0 0.048790949491756830
12.0 3.0 0.031581304334925279
12.0 4.0 0.025171602862980119
13.0 0.0 0.071082281819889293
13.0 1.0 0.091712638046548889
13.0 2.0 0.032534967213998539
13.0 3.0 0.070070965721396025
13.0 4.0 0.054955492759126853
14.0 0.0 0.030610676569042213
14.0 1.0 0.064218129288616060
14.0 2.0 0.014618135532518721
14.0 3.0 0.035006837800431442
14.0 4.0 0.092876575201609815
15.0 0.0 0.020889262876142931
15.0 1.0 0.052174150710007111
15.0 2.0 0.055436658628299093
15.0 3.0 0.088778325105732053
15.0 4.0 0.096331037151501861
16.0 0.0 0.043219771749650589
16.0 1.0 0.041358845536030434
16.0 2.0 0.020396562911104837
16.0 3.0 0.131996496298764282
16.0 4.0 0.050728883939301757
17.0 0.0 0.068987524569358805
17.0 1.0 0.070798504986569685
17.0 2.0 0.068729451996407731
17.0 3.0 0.046501331184299111
17.0 4.0 0.025316760150545174
18.0 0.0 0.051516629731417726
18.0 1.0 0.068842941031756547
18.0 2.0 0.037678674131519159
18.0 3.0 0.044865376552764728
18.0 4.0 0.053575992156778968
19.0 0.0 0.039366813630223055
19.0 1.0 0.077889090591803184
19.0 2.0 0.068819879425456004
19.0 3.0 0.033066504506310837
19.0 4.0 0.018355504237866763
20.0 0.0 0.036179854156104883
20.0 1.0 0.040492848147284155
20.0 2.0 0.058761693744481765
20.0 3.0 0.055771275581628060
20.0 4.0 0.042809651023091824
21.0 0.0 0.043980339876040941
21.0 1.0 0.030301603510494365
21.0 2.0 0.112207688352652948
21.0 3.0 0.044868801015714624
21.0 4.0 0.057829010862268312
22.0 0.0 0.015876968203078542
22.0 1.0 0.027437657737805730
22.0 2.0 0.072391791521731516
22.0 3.0 0.062502903695151546
22.0 4.0 0.093538122326728951
23.0 0.0 0.046174999170733019
23.0 1.0 0.076321119993306624
23.0 2.0 0.023409447420643215
23.0 3.0 0.046235566992372884
23.0 4.0 0.064945345700900173
24.0 0.0 0.056927652669892449
24.0 1.0 0.072459068890825387
24.0 2.0 0.070074639372557451
24.0 3.0 0.016724820054179801
24.0 4.0 0.020352393811234413
25.0 0.0 0.043310283568250306
25.0 1.0 0.069131135344895747
25.0 2.0 0.042497933250857663
25.0 3.0 0.005341210911890437
25.0 4.0 0.068668115935580726
26.0 0.0 0.025841084161011996
26.0 1.0 0.093634060388923218
26.0 2.0 0.029709743926961088
26.0 3.0 0.012319559024773764
26.0 4.0 0.062362289631753082
27.0 0.0 0.060365864480914910
27.0 1.0 0.042443159145675223
27.0 2.0 0.024217959496722823
27.0 3.0 0.085048481582442728
27.0 4.0 0.029826992978628869
28.0 0.0 0.009789968288862173
28.0 1.0 0.099343475891773100
28.0 2.0 0.116187661387894436
28.0 3.0 0.026838471329883755
28.0 4.0 0.029408881870576324
29.0 0.0 0.014704494334245572
29.0 1.0 0.034058528249317890
29.0 2.0 0.069390927719224532
29.0 3.0 0.084113618611297680
29.0 4.0 0.045719085527600095
30.0 0.0 0.031181886018413738
30.0 1.0 0.060278128984421142
30.0 2.0 0.037908707492613623
30.0 3.0 0.038223639440870094
30.0 4.0 0.072838318709169278
31.0 0.0 0.051458904988191195
31.0 1.0 0.074795791131917505
31.0 2.0 0.058653321006657030
31.0 3.0 0.025331807028665131
31.0 4.0 0.054102756944901659
32.0 0.0 0.022022718041795411
32.0 1.0 0.059502760382075172
32.0 2.0 0.084355180593028850
32.0 3.0 0.033916375604711793
32.0 4.0 0.032433969899282461
33.0 0.0 0.052801859171489933
33.0 1.0 0.052224204848588841
33.0 2.0 0.074302530879459761
33.0 3.0 0.021309483330390948
33.0 4.0 0.095397659390061756
34.0 0.0 0.042098495451392826
34.0 1.0 0.019833151043660575
34.0 2.0 0.081722655881254089
34.0 3.0 0.092973058930637037
34.0 4.0 0.046615447022919324
35.0 0.0 0.052794685213729257
35.0 1.0 0.061250868030538808
35.0 2.0 0.095514349119306924
35.0 3.0 0.086818249296252620
35.0 4.0 0.080999857164752068
36.0 0.0 0.020124115679150369
36.0 1.0 0.055013717284872088
36.0 2.0 0.058830174715330003
36.0 3.0 0.072267813854896334
36.0 4.0 0.023533262404314477
37.0 0.0 0.068798407715704168
37.0 1.0 0.092942159591029638
37.0 2.0 0.051160339683043433
37.0 3.0 0.026309204710671309
37.0 4.0 0.036464965964526155
38.0 0.0 0.046441760590028872
38.0 1.0 0.028191356704025113
38.0 2.0 0.058941501880179527
38.0 3.0 0.103421994690550023
38.0 4.0 0.034403615524438630
39.0 0.0 0.097615023356817349
39.0 1.0 0.044848392687199583
39.0 2.0 0.090507491426721126
39.0 3.0 0.061590657312729294
39.0 4.0 0.032899519498876012
40.0 0.0 0.087853781045237334
40.0 1.0 0.044234873202248358
40.0 2.0 0.019602816654865636
40.0 3.0 0.055640274070152394
40.0 4.0 0.040513207236530333
41.0 0.0 0.006738334365542900
41.0 1.0 0.101753138911318819
41.0 2.0 0.067319996721976055
41.0 3.0 0.040252698033462472
41.0 4.0 0.012176358894314288
42.0 0.0 0.030058828759609368
42.0 1.0 0.090657917129194063
42.0 2.0 0.072910712256677640
42.0 3.0 0.043793818692815678
42.0 4.0 0.050628921454391344
43.0 0.0 0.042707361879412348
43.0 1.0 0.046915769556333795
43.0 2.0 0.078260833995297291
43.0 3.0 0.069624284928044636
43.0 4.0 0.085125234580764236
44.0 0.0 0.107842060319987443
44.0 1.0 0.022889277139695220
44.0 2.0 0.059906093876204949
44.0 3.0 0.020681946691040114
44.0 4.0 0.060975392248733995
45.0 0.0 0.042919170620878300
45.0 1.0 0.023980561857158855
45.0 2.0 0.051098846542462294
45.0 3.0 0.035349345641649099
45.0 4.0 0.065455996880921422
46.0 0.0 0.055242288626979150
46.0 1.0 0.010185519973897418
46.0 2.0 0.047913533088518381
46.0 3.0 0.076289958683265074
46.0 4.0 0.039040144051763384
47.0 0.0 0.081350823702860925
47.0 1.0 0.071639729534986735
47.0 2.0 0.017470800118077712
47.0 3.0 0.047669132828748205
47.0 4.0 0.034647513189330001
48.0 0.0 0.056359628005278758
48.0 1.0 0.080741563061361044
48.0 2.0 0.080379843108571700
48.0 3.0 0.049036933184456802
48.0 4.0 0.066989365495328523
49.0 0.0 0.059869654535406581
49.0 1.0 0.050628262180430289
49.0 2.0 0.037446207895375991
49.0 3.0 0.040666988287090915
49.0 4.0 0.031977299404120939
50.0 0.0 0.081489570814509985
50.0 1.0 0.020681175556875143
50.0 2.0 0.057585947916491347
50.0 3.0 0.050359848036492391
50.0 4.0 0.033266460699884710
51.0 0.0 0.063833226220346428
51.0 1.0 0.067164123789050525
51.0 2.0 0.061450718400011477
51.0 3.0 0.041666773683674774
51.0 4.0 0.020093346344400104
52.0 0.0 0.069385389673900372
52.0 1.0 0.048353499720236198
52.0 2.0 0.038068918063792083
52.0 3.0 0.089107051676944382
52.0 4.0 0.059418975417490381
53.0 0.0 0.048184554206076542
53.0 1.0 0.027840440050915440
53.0 2.0 0.082858379827715906
53.0 3.0 0.072644584838794019
53.0 4.0 0.074266070264352946
54.0 0.0 0.045011962762986760
54.0 1.0 0.042593488726006185
54.0 2.0 0.027161199922590262
54.0 3.0 0.080911525050193223
54.0 4.0 0.054620604180622007
55.0 0.0 0.046130429368346271
55.0 1.0 0.020033992343224186
55.0 2.0 0.046526140423393529
55.0 3.0 0.064413959116176520
55.0 4.0 0.081024075201240942
56.0 0.0 0.099967724050720491
56.0 1.0 0.058536745584088071
56.0 2.0 0.032253664418130289
56.0 3.0 0.038830658420585640
56.0 4.0 0.031619328619095909
57.0 0.0 0.057823849470716879
57.0 1.0 0.060799670545532938
57.0 2.0 0.043735947093853089
57.0 3.0 0.019265701449927244
57.0 4.0 0.051343729357001794
58.0 0.0 0.059344810300815024
58.0 1.0 0.046995744947528117
58.0 2.0 0.050957550949767255
58.0 3.0 0.023011085778646405
58.0 4.0 0.040189018634025957
59.0 0.0 0.056776876287197756
59.0 1.0 0.007137991967360362
59.0 2.0 0.023097377577769689
59.0 3.0 0.042832000462019224
59.0 4.0 0.102623931761027798
60.0 0.0 0.050137616003718598
60.0 1.0 0.069379218488553523
60.0 2.0 0.016817730970069032
60.0 3.0 0.056203620694054768
60.0 4.0 0.053010018957776649
61.0 0.0 0.021535697744358664
61.0 1.0 0.043381388513466665
61.0 2.0 0.068242620466929277
61.0 3.0 0.107513321431990300
61.0 4.0 0.018401655381137375
62.0 0.0 0.045730131666813001
62.0 1.0 0.079253434359683322
62.0 2.0 0.049270421848812786
62.0 3.0 0.002694794355061573
62.0 4.0 0.039518418282328688
63.0 0.0 0.066900578681609896
63.0 1.0 0.101834798324213840
63.0 2.0 0.019841674240770907
63.0 3.0 0.036811662502207736
63.0 4.0 0.026328192143536003
64.0 0.0 0.068336923266014871
64.0 1.0 0.089307472276447447
64.0 2.0 0.017986213994546321
64.0 3.0 0.015375076298166895
64.0 4.0 0.040324233146052879
65.0 0.0 0.034307364167727984
65.0 1.0 0.095206259643775146
65.0 2.0 0.018105355588801449
65.0 3.0 0.061116070662921129
65.0 4.0 0.014304846626428405
66.0 0.0 0.049492936276086981
66.0 1.0 0.042488721592161542
66.0 2.0 0.066772460742285558
66.0 3.0 0.050482267603832724
66.0 4.0 0.029140874222334863
67.0 0.0 0.067475387564617823
67.0 1.0 0.048906266944146098
67.0 2.0 0.095060803158910051
67.0 3.0 0.060351480478955472
67.0 4.0 0.023622332049297732
68.0 0.0 0.049441543586506077
68.0 1.0 0.048654551933853360
68.0 2.0 0.070021180943366304
68.0 3.0 0.035002703105506787
68.0 4.0 0.036649351601889431
69.0 0.0 0.055819822132438759
69.0 1.0 0.030389582863264861
69.0 2.0 0.072256257702463772
69.0 3.0 0.081142374858119301
69.0 4.0 0.029649287675200805
70.0 0.0 0.043963267941774242
70.0 1.0 0.064675958858951776
70.0 2.0 0.056940115572090937
70.0 3.0 0.062244014727193361
70.0 4.0 0.033007329774472946
71.0 0.0 0.069705584415891114
71.0 1.0 0.010340247019005315
71.0 2.0 0.026930482721272790
71.0 3.0 0.054213525399906162
71.0 4.0 0.079671011265143130
72.0 0.0 0.047371130810942789
72.0 1.0 0.059912393658059337
72.0 2.0 0.028158880489559876
72.0 3.0 0.065128693860032019
72.0 4.0 0.015419849006323844
73.0 0.0 0.088009187257789334
73.0 1.0 0.092495014788368968
73.0 2.0 0.037509137952136500
73.0 3.0 0.039933218258335124
73.0 4.0 0.045859109046318645
74.0 0.0 0.058192678278170339
74.0 1.0 0.106681100650178537
74.0 2.0 0.047800201575126849
74.0 3.0 0.028057050029578257
74.0 4.0 0.038701503453573149
75.0 0.0 0.111281107298832282
75.0 1.0 0.030845374749847807
75.0 2.0 0.036522836557409885
75.0 3.0 0.084664328143660192
75.0 4.0 0.017946535838746218
76.0 0.0 0.072784625624972968
76.0 1.0 0.061940524119793193
76.0 2.0 0.076741059686335822
76.0 3.0 0.066491526105222243
76.0 4.0 0.035026406742532670
77.0 0.0 0.044334185503170330
77.0 1.0 0.016446050054077111
77.0 2.0 0.065129374500510095
77.0 3.0 0.094933363208679122
77.0 4.0 0.029284042192110601
78.0 0.0 0.016298844144425832
78.0 1.0 0.075523575196759035
78.0 2.0 0.032186582798516425
78.0 3.0 0.086246509755847467
78.0 4.0 0.082513410396102230
79.0 0.0 0.070632548719980093
79.0 1.0 0.064903046850644880
79.0 2.0 0.057517392251885353
79.0 3.0 0.014381810931977712
79.0 4.0 0.047278424489121298
80.0 0.0 0.062921454951859884
80.0 1.0 0.012553695486535427
80.0 2.0 0.108052571262690342
80.0 3.0 0.035512001362275177
80.0 4.0 0.042072688012511551
81.0 0.0 0.017390401085154161
81.0 1.0 0.020584358267392949
81.0 2.0 0.076567641721058191
81.0 3.0 0.057712658184388539
81.0 4.0 0.036484615327580523
82.0 0.0 0.084905988916140665
82.0 1.0 0.013193314937733836
82.0 2.0 0.032797218899226412
82.0 3.0 0.047920611524017893
82.0 4.0 0.049853462781022290
83.0 0.0 0.052283648439535618
83.0 1.0 0.068419544516205910
83.0 2.0 0.019389395592621331
83.0 3.0 0.059969845208021046
83.0 4.0 0.057916585844441294
84.0 0.0 0.059332837005229830
84.0 1.0 0.041000348393632376
84.0 2.0 0.102984183895009851
84.0 3.0 0.052402392307442279
84.0 4.0 0.057498571755837627
85.0 0.0 0.078020455513507295
85.0 1.0 0.040367384958280253
85.0 2.0 0.060440109525961475
85.0 3.0 0.068015946025448373
85.0 4.0 0.054054852173171110
86.0 0.0 0.005807886115335850
86.0 1.0 0.068956541210758907
86.0 2.0 0.054689242555518790
86.0 3.0 0.057058734190294606
86.0 4.0 0.099114356204127285
87.0 0.0 0.050774569057454130
87.0 1.0 0.033387685748513515
87.0 2.0 0.020875593127449694
87.0 3.0 0.072510252410700915
87.0 4.0 0.083137521012136367
88.0 0.0 0.076286365005832024
88.0 1.0 0.047200632956288888
88.0 2.0 0.053537340232850776
88.0 3.0 0.050082831181801617
88.0 4.0 0.041407226780099060
89.0 0.0 0.078213532623614468
89.0 1.0 0.051903836034563618
89.0 2.0 0.037538714077776383
89.0 3.0 0.047140287014948885
89.0 4.0 0.025999046170153171
90.0 0.0 0.064729099841931578
90.0 1.0 0.032874378545305234
90.0 2.0 0.073998010543801493
90.0 3.0 0.047361119732540757
90.0 4.0 0.035553833035257748
91.0 0.0 0.008198640079329508
91.0 1.0 0.035982037678604306
91.0 2.0 0.065634902222635391
91.0 3.0 0.040828010323444269
91.0 4.0 0.071632151273010619
92.0 0.0 0.025551024544625375
92.0 1.0 0.062151487911499902
92.0 2.0 0.062320044786774040
92.0 3.0 0.013587171348403235
92.0 4.0 0.077081676878098304
93.0 0.0 0.060510700159439289
93.0 1.0 0.081463518312455185
93.0 2.0 0.009635479322542828
93.0 3.0 0.093853553665086561
93.0 4.0 0.011055916461374830
94.0 0.0 0.067805427411761113
94.0 1.0 0.026965320562338271
94.0 2.0 0.038238657685508527
94.0 3.0 0.045453314576569086
94.0 4.0 0.039825825591417452
95.0 0.0 0.051552084076114675
95.0 1.0 0.061163981183573794
95.0 2.0 0.042883484938422110
95.0 3.0 0.099272245168212286
95.0 4.0 0.063145262934305821
96.0 0.0 0.091821715711610172
96.0 1.0 0.028470517372589793
96.0 2.0 0.027926244531147396
96.0 3.0 0.047891451207682581
96.0 4.0 0.061224701793469880
97.0 0.0 0.067238040221951539
97.0 1.0 0.049388842077146118
97.0 2.0 0.062543424612078152
97.0 3.0 0.042877620148877325
97.0 4.0 0.020004986018253540
98.0 0.0 0.070591074291195932
98.0 1.0 0.035772084384208820
98.0 2.0 0.067160165504777727
98.0 3.0 0.034167095957907873
98.0 4.0 0.029918926234824790
99.0 0.0 0.022068490101529455
99.0 1.0 0.023430706620026442
99.0 2.0 0.035403572298346994
99.0 3.0 0.101609695743136094
99.0 4.0 0.049205750680516733
