0.0 0.0 122.063398460650461175
0.0 1.0 122.177995171275483699
0.0 2.0 122.388543219314172461
0.0 3.0 122.357776472210886709
0.0 4.0 122.003618505971104469
1.0 0.0 121.858308739398978560
1.0 1.0 122.309555717988175161
1.0 2.0 122.201245792350079000
1.0 3.0 122.398132822849660784
1.0 4.0 122.223128341113209672
2.0 0.0 122.113271261996175099
2.0 1.0 122.458878476180743178
2.0 2.0 122.202844799300606837
2.0 3.0 122.296279413523464541
2.0 4.0 121.957087298962889577
3.0 0.0 121.928387284680937341
3.0 1.0 122.238450969486549980
3.0 2.0 122.360606115839615882
3.0 3.0 122.353265984122288046
3.0 4.0 122.099386831997847480
4.0 0.0 122.146496202040722778
4.0 1.0 122.326124147432196310
4.0 2.0 122.236095157623736895
4.0 3.0 122.329510888595947904
4.0 4.0 121.892582160680831294
5.0 0.0 121.965419716908272108
5.0 1.0 122.336675887117451111
5.0 2.0 122.331526560543295545
5.0 3.0 122.336037320219944036
5.0 4.0 121.992170826011729901
6.0 0.0 122.063092476664877495
6.0 1.0 122.126042286242537216
6.0 2.0 122.470378987212541233
6.0 3.0 122.279902703635272587
6.0 4.0 122.044283305516543692
7.0 0.0 121.946962615505412941
7.0 1.0 122.245481278151927995
7.0 2.0 122.273301020714967535
7.0 3.0 122.159629867000489867
7.0 4.0 122.379013808198209290
8.0 0.0 122.071253681820010684
8.0 1.0 122.210221543817127099
8.0 2.0 122.408407147966499906
8.0 3.0 122.333867947482630711
8.0 4.0 122.083850693873969817
9.0 0.0 122.059616806418034685
9.0 1.0 122.452887557495998294
9.0 2.0 122.263202244028832411
9.0 3.0 122.222419216897577599
9.0 4.0 121.993720641850160291
10.0 0.0 122.210325633965894099
10.0 1.0 122.331569796757705149
10.0 2.0 122.368559149984761802
10.0 3.0 122.244658013136827890
10.0 4.0 121.933495138440505912
11.0 0.0 122.183927442201678559
11.0 1.0 122.313188288002123727
11.0 2.0 122.410321035842841297
11.0 3.0 122.280652509828726693
11.0 4.0 121.957016728476261846
12.0 0.0 122.211066928560853739
12.0 1.0 122.209097122358912202
12.0 2.0 122.198767390102972286
12.0 3.0 122.391393517473716201
12.0 4.0 121.992454116596178437
13.0 0.0 121.985139421768494117
13.0 1.0 122.352483803681423069
13.0 2.0 122.453257306281216188
13.0 3.0 122.195776635358782869
13.0 4.0 122.054718309516559316
14.0 0.0 122.042294026868688661
14.0 1.0 122.244806153539968818
14.0 2.0 122.340387467159047219
14.0 3.0 122.254663011544622009
14.0 4.0 122.145028504686663950
15.0 0.0 122.042987082153686629
15.0 1.0 122.398782213459938362
15.0 2.0 122.041172042027696421
15.0 3.0 122.284963239146975411
15.0 4.0 122.150133467090583395
16.0 0.0 122.137328787877336822
16.0 1.0 122.257856196910694280
16.0 2.0 122.290294877567191634
16.0 3.0 122.223343800823386118
16.0 4.0 122.053944872327562621
17.0 0.0 121.913751178929899766
17.0 1.0 122.544637174616511288
17.0 2.0 122.367654820021783735
17.0 3.0 122.228444140039115950
17.0 4.0 121.937666242981180176
18.0 0.0 122.383367413869507345
18.0 1.0 122.342970157269391507
18.0 2.0 122.359614024002326005
18.0 3.0 122.060441774743310361
18.0 4.0 121.948755632805386995
19.0 0.0 122.241733320089991821
19.0 1.0 122.342854500354732750
19.0 2.0 121.967192441494901800
19.0 3.0 122.150486862283472078
19.0 4.0 122.181953354401642287
20.0 0.0 122.109416582692361430
20.0 1.0 122.391889712042157612
20.0 2.0 122.248366498672680791
20.0 3.0 122.222957028667508439
20.0 4.0 122.174227421885575495
21.0 0.0 121.945327825252647358
21.0 1.0 122.093925801816979515
21.0 2.0 122.317750125336644373
21.0 3.0 122.388646720860919004
21.0 4.0 122.254781360844646088
22.0 0.0 122.028949144071418687
22.0 1.0 122.511008435264869831
22.0 2.0 122.240250610059135283
22.0 3.0 122.402284284977724838
22.0 4.0 121.773298745953709954
23.0 0.0 122.139486357353348467
23.0 1.0 122.336777240218580687
23.0 2.0 122.187182840755156121
23.0 3.0 122.251695198206107307
23.0 4.0 122.067461342964946880
24.0 0.0 122.113847847663109292
24.0 1.0 122.223453888973878634
24.0 2.0 122.289131960131811638
24.0 3.0 122.317973660931514246
24.0 4.0 122.046766878492277897
25.0 0.0 122.152020854261124327
25.0 1.0 122.301846230328095544
25.0 2.0 122.230792765039481651
25.0 3.0 122.322381788330531549
25.0 4.0 122.020988026336510757
26.0 0.0 122.219482994027487166
26.0 1.0 122.383255198966267585
26.0 2.0 122.223276259183535331
26.0 3.0 122.254845125896366653
26.0 4.0 121.890019392675370113
27.0 0.0 122.184442462527883322
27.0 1.0 122.294035105349252035
27.0 2.0 122.153742631406089458
27.0 3.0 122.216678121937491142
27.0 4.0 122.142358438652578911
28.0 0.0 121.886892337445317480
28.0 1.0 122.290742115187470063
28.0 2.0 122.344019719381506661
28.0 3.0 122.389132230880406382
28.0 4.0 122.022755817187714911
29.0 0.0 121.720512446278263496
29.0 1.0 122.388403829946867063
29.0 2.0 122.435087138351306635
29.0 3.0 122.467768374995145564
29.0 4.0 121.979067949921557101
30.0 0.0 122.158733418848427732
30.0 1.0 122.421599299985047082
30.0 2.0 122.308095283281673460
30.0 3.0 122.009506968903892243
30.0 4.0 122.031065015921669215
31.0 0.0 122.093003755366467544
31.0 1.0 122.295447411266408722
31.0 2.0 122.189813071247669996
31.0 3.0 122.343539097512547187
31.0 4.0 122.069221194158743060
32.0 0.0 122.024125636982120113
32.0 1.0 122.208691034879265658
32.0 2.0 122.366354810913804840
32.0 3.0 122.262832663314839010
32.0 4.0 122.252678314730289344
33.0 0.0 121.974716889379592999
33.0 1.0 122.413313653943802706
33.0 2.0 122.248086893305426770
33.0 3.0 122.177545321231335151
33.0 4.0 122.104652226339908339
34.0 0.0 121.787343379985102843
34.0 1.0 122.463211844196123934
34.0 2.0 122.355154076499530902
34.0 3.0 122.204668061169684279
34.0 4.0 122.196790097054602597
35.0 0.0 122.100410792360364098
35.0 1.0 122.387047214958272434
35.0 2.0 122.417899791464080295
35.0 3.0 122.084619788784905836
35.0 4.0 122.002571345110283119
36.0 0.0 122.151167600717769801
36.0 1.0 122.311286952189661292
36.0 2.0 122.202899304718116014
36.0 3.0 122.348948946146393268
36.0 4.0 121.998654250313052216
37.0 0.0 122.176153435423998417
37.0 1.0 122.066561295719679947
37.0 2.0 122.319110993605008275
37.0 3.0 122.245541323743850626
37.0 4.0 122.137327516621894574
38.0 0.0 121.968459038981734466
38.0 1.0 122.452241108698103744
38.0 2.0 122.261759512467847344
38.0 3.0 122.228863293000699741
38.0 4.0 122.080173027826802468
39.0 0.0 122.008374142652712635
39.0 1.0 122.476007068347414020
39.0 2.0 122.219226018153932500
39.0 3.0 122.183933725020821726
39.0 4.0 122.079904392475199870
40.0 0.0 122.167411874614884937
40.0 1.0 122.327999049327459602
40.0 2.0 122.233920727832355624
40.0 3.0 122.207248937688888191
40.0 4.0 122.055173874835290349
41.0 0.0 122.040646183022872151
41.0 1.0 122.143225671825618406
41.0 2.0 122.535633088599297480
41.0 3.0 122.266555336531766329
41.0 4.0 122.077151518403297814
42.0 0.0 122.147501302424842606
42.0 1.0 122.420878867642898058
42.0 2.0 122.397394378012435823
42.0 3.0 122.032482489201228759
42.0 4.0 122.120103162769211735
43.0 0.0 121.908624577925110088
43.0 1.0 122.454011488891325143
43.0 2.0 122.421265214628945728
43.0 3.0 122.268791730499529535
43.0 4.0 121.995762439247869224
44.0 0.0 122.121878249457580523
44.0 1.0 122.283456874680027227
44.0 2.0 122.264444456627302316
44.0 3.0 122.095564802913898461
44.0 4.0 122.340585290513317318
45.0 0.0 122.199301751811944428
45.0 1.0 122.169884977340899468
45.0 2.0 122.266509159696610709
45.0 3.0 122.343035852567169286
45.0 4.0 121.989928224675480806
46.0 0.0 121.895019414334399244
46.0 1.0 122.292081942829170771
46.0 2.0 122.374573086113201725
46.0 3.0 122.114709751164213003
46.0 4.0 122.314578850219817241
47.0 0.0 122.097708630042220079
47.0 1.0 122.376037498991735220
47.0 2.0 122.281995526457464507
47.0 3.0 122.454522176182322823
47.0 4.0 121.781554475543629223
48.0 0.0 122.164428705151109966
48.0 1.0 122.172797780299575265
48.0 2.0 122.071841788077193769
48.0 3.0 122.290195227439610903
48.0 4.0 122.247826513855798680
49.0 0.0 122.127905741241789883
49.0 1.0 122.360575047613608035
49.0 2.0 122.219967858801680904
49.0 3.0 122.287539137031345149
49.0 4.0 121.995557203069225238
50.0 0.0 122.066449998256643994
50.0 1.0 122.315253152257753300
50.0 2.0 122.349022863542032269
50.0 3.0 122.305625841693370148
50.0 4.0 121.934051475801510378
51.0 0.0 122.073513091734398017
51.0 1.0 122.242501903662287077
51.0 2.0 122.289233765578032376
51.0 3.0 122.381424144129795195
51.0 4.0 122.047173033128387942
52.0 0.0 122.013747832402984272
52.0 1.0 122.371344176424827310
52.0 2.0 122.388227412481924716
52.0 3.0 122.133412346965911865
52.0 4.0 122.081171024788275759
53.0 0.0 122.050428543625059774
53.0 1.0 122.558873717507765377
53.0 2.0 122.254022109277570962
53.0 3.0 122.018746946776914797
53.0 4.0 122.070028700938877364
54.0 0.0 122.008193754463533764
54.0 1.0 122.361554628649287224
54.0 2.0 122.329762444049478631
54.0 3.0 122.193598285844075235
54.0 4.0 122.007573532862082288
55.0 0.0 122.051452672916227016
55.0 1.0 122.379852892302864120
55.0 2.0 122.322288258932346139
55.0 3.0 122.286190215161525430
55.0 4.0 121.956688541551670824
56.0 0.0 122.164815911346792632
56.0 1.0 122.461547823527070022
56.0 2.0 122.161596818846859946
56.0 3.0 122.185928671084724328
56.0 4.0 122.117059986913432112
57.0 0.0 121.863785151488244196
57.0 1.0 122.356451178988777428
57.0 2.0 122.398815815510076277
57.0 3.0 122.165216719975219917
57.0 4.0 122.206950230703611737
58.0 0.0 122.199321100985613953
58.0 1.0 122.254928899661223340
58.0 2.0 122.332242858727255452
58.0 3.0 122.357610230816007402
58.0 4.0 121.847800216921712035
59.0 0.0 122.178005528865185170
59.0 1.0 122.418539047206934356
59.0 2.0 122.266156088168116867
59.0 3.0 122.208988127904945031
59.0 4.0 121.920702093799206978
60.0 0.0 122.033595571201516350
60.0 1.0 122.487173617301664308
60.0 2.0 122.300073186875579268
60.0 3.0 122.131567368197607948
60.0 4.0 122.039637104331717410
61.0 0.0 122.006299536251063387
61.0 1.0 122.325241845093245274
61.0 2.0 122.210202769676087087
61.0 3.0 122.458425022907121615
61.0 4.0 122.148262554953987546
62.0 0.0 121.963743013939122761
62.0 1.0 122.482049148377640790
62.0 2.0 122.405206117660966925
62.0 3.0 122.095580030837624008
62.0 4.0 122.020330697423062816
63.0 0.0 122.133286807486499015
63.0 1.0 122.426271496665691529
63.0 2.0 122.062036875807237379
63.0 3.0 122.323234466433007128
63.0 4.0 122.052513520114558787
64.0 0.0 121.905779719723298626
64.0 1.0 122.521090331354443492
64.0 2.0 122.121443894381059181
64.0 3.0 122.332239102642290618
64.0 4.0 122.006204676866531145
65.0 0.0 122.266936524184288260
65.0 1.0 122.405674872489910854
65.0 2.0 122.102951086971984296
65.0 3.0 122.198973996439747225
65.0 4.0 122.017515076425695497
66.0 0.0 122.099516639187726241
66.0 1.0 122.353364180894473634
66.0 2.0 122.337857481168342133
66.0 3.0 122.216431700145307104
66.0 4.0 121.984787022942256840
67.0 0.0 121.954556182966541655
67.0 1.0 122.482205378130160511
67.0 2.0 122.498074614420275452
67.0 3.0 121.962589527596193761
67.0 4.0 122.131623841815056153
68.0 0.0 122.077244065212155988
68.0 1.0 122.258178078392774069
68.0 2.0 122.268437517836389361
68.0 3.0 122.220793350815270628
68.0 4.0 122.144991334907189184
69.0 0.0 122.064510674719983285
69.0 1.0 122.158507797952808005
69.0 2.0 122.172060626059476363
69.0 3.0 122.220268454488319776
69.0 4.0 122.374851711940451082
70.0 0.0 122.057100006557575966
70.0 1.0 122.530769604059955213
70.0 2.0 122.155821382780047202
70.0 3.0 122.312315392073756470
70.0 4.0 121.935822743273746482
71.0 0.0 121.898013169673745892
71.0 1.0 122.397692481465071523
71.0 2.0 122.375717161502194585
71.0 3.0 122.337568464823036152
71.0 4.0 121.982401100395748017
72.0 0.0 122.035747186254155849
72.0 1.0 122.088056959448024941
72.0 2.0 122.258595118616682385
72.0 3.0 122.520153943771546778
72.0 4.0 122.087554306884868538
73.0 0.0 122.153482470094189694
73.0 1.0 122.275913299526180822
73.0 2.0 122.301641915305552288
73.0 3.0 122.044239409662893081
73.0 4.0 122.220584579456840402
74.0 0.0 122.066027606788168214
74.0 1.0 122.448117957892705476
74.0 2.0 122.350243399736882566
74.0 3.0 122.318518292468183972
74.0 4.0 121.794854371144097627
75.0 0.0 121.877547459991788514
75.0 1.0 122.411242882380264518
75.0 2.0 122.267657735504471361
75.0 3.0 122.348650193079052428
75.0 4.0 122.164590319780970162
76.0 0.0 121.925055382273114901
76.0 1.0 122.431727125147531865
76.0 2.0 122.297538767636183366
76.0 3.0 122.277265445902813212
76.0 4.0 122.059825099387765590
77.0 0.0 122.304474784613304905
77.0 1.0 122.266913084229670972
77.0 2.0 122.325844254104794118
77.0 3.0 122.118021747926661646
77.0 4.0 121.953957332350583442
78.0 0.0 121.972572441490171968
78.0 1.0 122.233340025874838375
78.0 2.0 122.618251126827402686
78.0 3.0 122.063199765761197568
78.0 4.0 122.217722659638070581
79.0 0.0 121.975378850975090472
79.0 1.0 122.363369057767428671
79.0 2.0 122.176256859843704206
79.0 3.0 122.314164056894455257
79.0 4.0 122.122790633810723193
80.0 0.0 122.131457124758483701
80.0 1.0 122.304775677664366640
80.0 2.0 122.262764032354468213
80.0 3.0 122.164137166815635283
80.0 4.0 122.165453672739701574
81.0 0.0 122.173832390561742045
81.0 1.0 122.220886258847585282
81.0 2.0 122.177634999784743286
81.0 3.0 122.384190738921347474
81.0 4.0 122.034308315238646969
82.0 0.0 122.072850546142149142
82.0 1.0 122.467682624760513477
82.0 2.0 122.232916934935659015
82.0 3.0 122.238056842908250132
82.0 4.0 121.973146343388492596
83.0 0.0 122.082074213952111563
83.0 1.0 122.408679063851479896
83.0 2.0 122.415944541869379236
83.0 3.0 122.180342857591980987
83.0 4.0 121.922827619034876534
84.0 0.0 122.169623467867296540
84.0 1.0 122.495139423300372528
84.0 2.0 122.120830368708354285
84.0 3.0 122.231245424300198010
84.0 4.0 121.993585103923336987
85.0 0.0 122.081925361751885362
85.0 1.0 122.349868609531640118
85.0 2.0 122.277663412571328649
85.0 3.0 122.269004959213674510
85.0 4.0 121.962610589908322822
86.0 0.0 122.104349198129369825
86.0 1.0 122.175043472851015736
86.0 2.0 122.292034362642112910
86.0 3.0 122.114579824137521769
86.0 4.0 122.305023942520236346
87.0 0.0 122.299321264603037207
87.0 1.0 122.243557123138657516
87.0 2.0 122.256049393359887745
87.0 3.0 122.229160863335877707
87.0 4.0 121.982375415979859667
88.0 0.0 122.035847841165519867
88.0 1.0 122.502542380062592997
88.0 2.0 122.166699017950051598
88.0 3.0 122.301074009522778852
88.0 4.0 121.985443658443557524
89.0 0.0 121.895504522703561179
89.0 1.0 122.221731008646315786
89.0 2.0 122.300863472785692920
89.0 3.0 122.348622551092006461
89.0 4.0 122.242082236572983334
90.0 0.0 122.086924617227111867
90.0 1.0 122.464610919828885471
90.0 2.0 122.267926780749419891
90.0 3.0 122.246580832181152232
90.0 4.0 121.962413291405226801
91.0 0.0 121.873117433540699039
91.0 1.0 122.522794387768229285
91.0 2.0 122.282800895602491664
91.0 3.0 122.315022289446673653
91.0 4.0 121.986622526380216414
92.0 0.0 122.184398147128717937
92.0 1.0 122.402424061353016782
92.0 2.0 122.094108506142148940
92.0 3.0 122.277871846184950755
92.0 4.0 122.032653375346356484
93.0 0.0 121.921156362141317686
93.0 1.0 122.381221591711621954
93.0 2.0 122.349755633816272393
93.0 3.0 122.254601999699502812
93.0 4.0 122.224136028271729515
94.0 0.0 122.110782936148140720
94.0 1.0 122.561784488067274879
94.0 2.0 122.242541450787811641
94.0 3.0 122.188648848686028714
94.0 4.0 121.996610793668466499
95.0 0.0 122.103351791623737199
95.0 1.0 122.360626020313688400
95.0 2.0 122.338383920273187755
95.0 3.0 122.170838143377551432
95.0 4.0 122.050342929562759764
96.0 0.0 121.947365629238134943
96.0 1.0 122.370064294612134859
96.0 2.0 122.317877598852632559
96.0 3.0 122.115612725766908397
96.0 4.0 122.249779800058234969
97.0 0.0 122.149869496651859890
97.0 1.0 122.347869353215870092
97.0 2.0 122.281524747398520958
97.0 3.0 122.134006860689567020
97.0 4.0 122.077278990516660429
98.0 0.0 122.005254015346707774
98.0 1.0 122.447504488893628150
98.0 2.0 122.222108640261069468
98.0 3.0 122.240367242974585338
98.0 4.0 122.076208888924696794
99.0 0.0 121.902458225065231545
99.0 1.0 122.464774220583791475
99.0 2.0 122.246765530346038986
99.0 3.0 122.230257094319640032
99.0 4.0 122.166766478532224482
