0.000000000000000000e+00 0.000000000000000000e+00 2.159962675152286848e-01
0.000000000000000000e+00 1.000000000000000000e+00 2.425001127209596707e-01
0.000000000000000000e+00 2.000000000000000000e+00 1.970198644375663055e-01
0.000000000000000000e+00 3.000000000000000000e+00 1.968171789605296096e-01
0.000000000000000000e+00 4.000000000000000000e+00 2.320499375454084523e-01
1.000000000000000000e+00 0.000000000000000000e+00 2.207430032055901215e-01
1.000000000000000000e+00 1.000000000000000000e+00 1.690650683904348917e-01
1.000000000000000000e+00 2.000000000000000000e+00 2.509622340419809805e-01
1.000000000000000000e+00 3.000000000000000000e+00 2.047867318843318019e-01
1.000000000000000000e+00 4.000000000000000000e+00 2.110637887448096051e-01
2.000000000000000000e+00 0.000000000000000000e+00 2.017613289748492467e-01
2.000000000000000000e+00 1.000000000000000000e+00 2.351847304287066898e-01
2.000000000000000000e+00 2.000000000000000000e+00 1.969485601925992924e-01
2.000000000000000000e+00 3.000000000000000000e+00 1.929385471285203490e-01
2.000000000000000000e+00 4.000000000000000000e+00 2.538001539604186063e-01
3.000000000000000000e+00 0.000000000000000000e+00 2.499043002391846957e-01
3.000000000000000000e+00 1.000000000000000000e+00 2.174298546109252883e-01
3.000000000000000000e+00 2.000000000000000000e+00 1.975977041688187219e-01
3.000000000000000000e+00 3.000000000000000000e+00 2.221618754988305133e-01
3.000000000000000000e+00 4.000000000000000000e+00 1.905192066014402830e-01
4.000000000000000000e+00 0.000000000000000000e+00 2.030405068051471251e-01
4.000000000000000000e+00 1.000000000000000000e+00 2.256349404528930624e-01
4.000000000000000000e+00 2.000000000000000000e+00 2.256895595528410070e-01
4.000000000000000000e+00 3.000000000000000000e+00 2.026027586395366953e-01
4.000000000000000000e+00 4.000000000000000000e+00 1.982702307071071146e-01
5.000000000000000000e+00 0.000000000000000000e+00 2.405500963373916889e-01
5.000000000000000000e+00 1.000000000000000000e+00 1.871774381953142941e-01
5.000000000000000000e+00 2.000000000000000000e+00 1.908380782493599714e-01
5.000000000000000000e+00 3.000000000000000000e+00 2.412928130023456741e-01
5.000000000000000000e+00 4.000000000000000000e+00 2.176530056750315967e-01
6.000000000000000000e+00 0.000000000000000000e+00 2.256624609849370577e-01
6.000000000000000000e+00 1.000000000000000000e+00 2.536859187908050983e-01
6.000000000000000000e+00 2.000000000000000000e+00 2.206957346414069043e-01
6.000000000000000000e+00 3.000000000000000000e+00 1.794785693922902603e-01
6.000000000000000000e+00 4.000000000000000000e+00 2.228617869968635146e-01
7.000000000000000000e+00 0.000000000000000000e+00 2.071036405401948943e-01
7.000000000000000000e+00 1.000000000000000000e+00 2.531191622889807924e-01
7.000000000000000000e+00 2.000000000000000000e+00 2.044421957426430236e-01
7.000000000000000000e+00 3.000000000000000000e+00 2.222270296476433482e-01
7.000000000000000000e+00 4.000000000000000000e+00 2.217686238593819803e-01
8.000000000000000000e+00 0.000000000000000000e+00 2.072954603180594546e-01
8.000000000000000000e+00 1.000000000000000000e+00 2.520459537991589505e-01
8.000000000000000000e+00 2.000000000000000000e+00 1.867902852926774382e-01
8.000000000000000000e+00 3.000000000000000000e+00 2.311522664340057709e-01
8.000000000000000000e+00 4.000000000000000000e+00 1.803058986628849891e-01
9.000000000000000000e+00 0.000000000000000000e+00 2.283343312426533989e-01
9.000000000000000000e+00 1.000000000000000000e+00 2.062197244903307969e-01
9.000000000000000000e+00 2.000000000000000000e+00 2.300838297124752352e-01
9.000000000000000000e+00 3.000000000000000000e+00 1.869109512964974851e-01
9.000000000000000000e+00 4.000000000000000000e+00 2.102408793709936163e-01
1.000000000000000000e+01 0.000000000000000000e+00 2.149815971094199418e-01
1.000000000000000000e+01 1.000000000000000000e+00 1.846572909945481400e-01
1.000000000000000000e+01 2.000000000000000000e+00 2.676475546599869082e-01
1.000000000000000000e+01 3.000000000000000000e+00 1.914198968398178602e-01
1.000000000000000000e+01 4.000000000000000000e+00 2.119387411365649121e-01
1.100000000000000000e+01 0.000000000000000000e+00 2.145264608191356503e-01
1.100000000000000000e+01 1.000000000000000000e+00 2.506307676540504570e-01
1.100000000000000000e+01 2.000000000000000000e+00 2.460225982438833114e-01
1.100000000000000000e+01 3.000000000000000000e+00 2.257449816515355590e-01
1.100000000000000000e+01 4.000000000000000000e+00 1.497088307513975425e-01
1.200000000000000000e+01 0.000000000000000000e+00 1.574606088060883091e-01
1.200000000000000000e+01 1.000000000000000000e+00 2.339992247344715448e-01
1.200000000000000000e+01 2.000000000000000000e+00 2.914755387226071193e-01
1.200000000000000000e+01 3.000000000000000000e+00 2.412131355178863679e-01
1.200000000000000000e+01 4.000000000000000000e+00 1.677237267450617797e-01
1.300000000000000000e+01 0.000000000000000000e+00 2.186356504633396591e-01
1.300000000000000000e+01 1.000000000000000000e+00 2.072274020286079543e-01
1.300000000000000000e+01 2.000000000000000000e+00 1.943013200723065492e-01
1.300000000000000000e+01 3.000000000000000000e+00 2.160520943873727173e-01
1.300000000000000000e+01 4.000000000000000000e+00 2.383783964965373037e-01
1.400000000000000000e+01 0.000000000000000000e+00 1.881411829613195696e-01
1.400000000000000000e+01 1.000000000000000000e+00 2.593617474002396506e-01
1.400000000000000000e+01 2.000000000000000000e+00 1.668242378044978158e-01
1.400000000000000000e+01 3.000000000000000000e+00 1.790696600890878953e-01
1.400000000000000000e+01 4.000000000000000000e+00 2.685920716444722411e-01
1.500000000000000000e+01 0.000000000000000000e+00 2.550640432945754377e-01
1.500000000000000000e+01 1.000000000000000000e+00 1.633317176591839170e-01
1.500000000000000000e+01 2.000000000000000000e+00 2.010365993151750352e-01
1.500000000000000000e+01 3.000000000000000000e+00 2.514504928077543888e-01
1.500000000000000000e+01 4.000000000000000000e+00 2.071980202966938189e-01
1.600000000000000000e+01 0.000000000000000000e+00 2.336707453084218566e-01
1.600000000000000000e+01 1.000000000000000000e+00 2.517195572111909918e-01
1.600000000000000000e+01 2.000000000000000000e+00 2.115244559867984764e-01
1.600000000000000000e+01 3.000000000000000000e+00 1.650125560874224628e-01
1.600000000000000000e+01 4.000000000000000000e+00 2.414945326846817120e-01
1.700000000000000000e+01 0.000000000000000000e+00 1.728563597725320533e-01
1.700000000000000000e+01 1.000000000000000000e+00 2.101677024614309330e-01
1.700000000000000000e+01 2.000000000000000000e+00 2.025538424200634402e-01
1.700000000000000000e+01 3.000000000000000000e+00 2.193680029360386696e-01
1.700000000000000000e+01 4.000000000000000000e+00 2.391488895438706186e-01
1.800000000000000000e+01 0.000000000000000000e+00 2.505144254012754423e-01
1.800000000000000000e+01 1.000000000000000000e+00 2.135377892140656320e-01
1.800000000000000000e+01 2.000000000000000000e+00 1.539172996433474938e-01
1.800000000000000000e+01 3.000000000000000000e+00 2.287141323906642931e-01
1.800000000000000000e+01 4.000000000000000000e+00 2.567149849109036097e-01
1.900000000000000000e+01 0.000000000000000000e+00 2.526362106466409352e-01
1.900000000000000000e+01 1.000000000000000000e+00 1.727538103983220774e-01
1.900000000000000000e+01 2.000000000000000000e+00 2.041937843924243878e-01
1.900000000000000000e+01 3.000000000000000000e+00 2.017410999893746726e-01
1.900000000000000000e+01 4.000000000000000000e+00 2.430043240043528174e-01
2.000000000000000000e+01 0.000000000000000000e+00 1.944105002819045136e-01
2.000000000000000000e+01 1.000000000000000000e+00 2.369658604945414637e-01
2.000000000000000000e+01 2.000000000000000000e+00 2.544671297962156631e-01
2.000000000000000000e+01 3.000000000000000000e+00 1.875391505095710398e-01
2.000000000000000000e+01 4.000000000000000000e+00 2.167200878464263791e-01
2.100000000000000000e+01 0.000000000000000000e+00 2.303747822216571928e-01
2.100000000000000000e+01 1.000000000000000000e+00 1.913269588798920950e-01
2.100000000000000000e+01 2.000000000000000000e+00 2.582276980568376512e-01
2.100000000000000000e+01 3.000000000000000000e+00 2.012959856319687102e-01
2.100000000000000000e+01 4.000000000000000000e+00 2.061192143013983735e-01
2.200000000000000000e+01 0.000000000000000000e+00 1.923084863870633543e-01
2.200000000000000000e+01 1.000000000000000000e+00 2.411329406902040229e-01
2.200000000000000000e+01 2.000000000000000000e+00 1.912858335475022820e-01
2.200000000000000000e+01 3.000000000000000000e+00 2.607022228287256271e-01
2.200000000000000000e+01 4.000000000000000000e+00 1.907572657302126495e-01
2.300000000000000000e+01 0.000000000000000000e+00 2.682788393620061940e-01
2.300000000000000000e+01 1.000000000000000000e+00 1.780646382124102256e-01
2.300000000000000000e+01 2.000000000000000000e+00 2.405795687811588535e-01
2.300000000000000000e+01 3.000000000000000000e+00 1.837550969487924402e-01
2.300000000000000000e+01 4.000000000000000000e+00 2.437869080865111004e-01
2.400000000000000000e+01 0.000000000000000000e+00 1.942338943315431443e-01
2.400000000000000000e+01 1.000000000000000000e+00 1.718875492431587715e-01
2.400000000000000000e+01 2.000000000000000000e+00 2.241677558647694191e-01
2.400000000000000000e+01 3.000000000000000000e+00 1.845693715772803167e-01
2.400000000000000000e+01 4.000000000000000000e+00 2.422002773642133455e-01
2.500000000000000000e+01 0.000000000000000000e+00 1.658312112572577213e-01
2.500000000000000000e+01 1.000000000000000000e+00 2.626409820208052137e-01
2.500000000000000000e+01 2.000000000000000000e+00 2.310086001281731194e-01
2.500000000000000000e+01 3.000000000000000000e+00 2.301634693588893443e-01
2.500000000000000000e+01 4.000000000000000000e+00 1.982030433878518849e-01
2.600000000000000000e+01 0.000000000000000000e+00 1.940472415296569386e-01
2.600000000000000000e+01 1.000000000000000000e+00 2.187114840330935672e-01
2.600000000000000000e+01 2.000000000000000000e+00 2.664978613652671524e-01
2.600000000000000000e+01 3.000000000000000000e+00 2.414939517804268188e-01
2.600000000000000000e+01 4.000000000000000000e+00 1.907792417630402027e-01
2.700000000000000000e+01 0.000000000000000000e+00 2.523507594417445099e-01
2.700000000000000000e+01 1.000000000000000000e+00 1.790096457593734203e-01
2.700000000000000000e+01 2.000000000000000000e+00 1.961608904626785665e-01
2.700000000000000000e+01 3.000000000000000000e+00 2.255304990046588243e-01
2.700000000000000000e+01 4.000000000000000000e+00 2.116497809845826195e-01
2.800000000000000000e+01 0.000000000000000000e+00 2.262822910191666370e-01
2.800000000000000000e+01 1.000000000000000000e+00 2.133885640628816471e-01
2.800000000000000000e+01 2.000000000000000000e+00 2.094952313389723819e-01
2.800000000000000000e+01 3.000000000000000000e+00 1.959432805675587475e-01
2.800000000000000000e+01 4.000000000000000000e+00 1.867649437902096643e-01
2.900000000000000000e+01 0.000000000000000000e+00 2.472919701711142615e-01
2.900000000000000000e+01 1.000000000000000000e+00 2.333778896580217532e-01
2.900000000000000000e+01 2.000000000000000000e+00 2.001655150541351014e-01
2.900000000000000000e+01 3.000000000000000000e+00 1.770608334889127722e-01
2.900000000000000000e+01 4.000000000000000000e+00 1.887703502311311177e-01
3.000000000000000000e+01 0.000000000000000000e+00 2.383867448475804618e-01
3.000000000000000000e+01 1.000000000000000000e+00 2.401359693234513815e-01
3.000000000000000000e+01 2.000000000000000000e+00 2.370013796252873339e-01
3.000000000000000000e+01 3.000000000000000000e+00 1.865246737502250507e-01
3.000000000000000000e+01 4.000000000000000000e+00 1.545928137449176787e-01
3.100000000000000000e+01 0.000000000000000000e+00 1.522263442430512592e-01
3.100000000000000000e+01 1.000000000000000000e+00 2.428235573202160991e-01
3.100000000000000000e+01 2.000000000000000000e+00 1.728009130328194420e-01
3.100000000000000000e+01 3.000000000000000000e+00 2.991716606777460319e-01
3.100000000000000000e+01 4.000000000000000000e+00 2.341891670274020010e-01
3.200000000000000000e+01 0.000000000000000000e+00 1.508811744139558486e-01
3.200000000000000000e+01 1.000000000000000000e+00 2.291193554857753334e-01
3.200000000000000000e+01 2.000000000000000000e+00 1.911638839061959028e-01
3.200000000000000000e+01 3.000000000000000000e+00 2.145133421866948775e-01
3.200000000000000000e+01 4.000000000000000000e+00 2.832649582367117724e-01
3.300000000000000000e+01 0.000000000000000000e+00 1.746988292170023049e-01
3.300000000000000000e+01 1.000000000000000000e+00 2.428108826803574705e-01
3.300000000000000000e+01 2.000000000000000000e+00 2.425022984225832789e-01
3.300000000000000000e+01 3.000000000000000000e+00 2.120854940136731870e-01
3.300000000000000000e+01 4.000000000000000000e+00 2.040110955785331692e-01
3.400000000000000000e+01 0.000000000000000000e+00 2.630727061173604442e-01
3.400000000000000000e+01 1.000000000000000000e+00 1.954913231826332087e-01
3.400000000000000000e+01 2.000000000000000000e+00 2.042148278189851451e-01
3.400000000000000000e+01 3.000000000000000000e+00 1.921848756158273941e-01
3.400000000000000000e+01 4.000000000000000000e+00 2.011763663713053707e-01
3.500000000000000000e+01 0.000000000000000000e+00 1.966679310741182574e-01
3.500000000000000000e+01 1.000000000000000000e+00 2.122153855746542750e-01
3.500000000000000000e+01 2.000000000000000000e+00 2.251427327810332224e-01
3.500000000000000000e+01 3.000000000000000000e+00 1.988255016203520353e-01
3.500000000000000000e+01 4.000000000000000000e+00 1.852036527336806404e-01
3.600000000000000000e+01 0.000000000000000000e+00 2.252122889805535932e-01
3.600000000000000000e+01 1.000000000000000000e+00 2.131868741459414518e-01
3.600000000000000000e+01 2.000000000000000000e+00 2.043538458282808112e-01
3.600000000000000000e+01 3.000000000000000000e+00 2.013255511137546638e-01
3.600000000000000000e+01 4.000000000000000000e+00 2.325025771105299621e-01
3.700000000000000000e+01 0.000000000000000000e+00 1.795969115512464076e-01
3.700000000000000000e+01 1.000000000000000000e+00 2.231518354063567466e-01
3.700000000000000000e+01 2.000000000000000000e+00 2.272385830351809077e-01
3.700000000000000000e+01 3.000000000000000000e+00 2.509669011887832868e-01
3.700000000000000000e+01 4.000000000000000000e+00 2.223181873772806516e-01
3.800000000000000000e+01 0.000000000000000000e+00 2.277550340032101772e-01
3.800000000000000000e+01 1.000000000000000000e+00 1.604075525550843484e-01
3.800000000000000000e+01 2.000000000000000000e+00 1.883475556570795850e-01
3.800000000000000000e+01 3.000000000000000000e+00 2.214396160707381711e-01
3.800000000000000000e+01 4.000000000000000000e+00 2.273956227716753820e-01
3.900000000000000000e+01 0.000000000000000000e+00 2.417182429279759737e-01
3.900000000000000000e+01 1.000000000000000000e+00 1.574211966446632249e-01
3.900000000000000000e+01 2.000000000000000000e+00 1.649679300821149663e-01
3.900000000000000000e+01 3.000000000000000000e+00 2.339023676382132322e-01
3.900000000000000000e+01 4.000000000000000000e+00 2.610451673507598325e-01
4.000000000000000000e+01 0.000000000000000000e+00 2.616173827184981038e-01
4.000000000000000000e+01 1.000000000000000000e+00 2.097914195918367530e-01
4.000000000000000000e+01 2.000000000000000000e+00 2.001961193556886787e-01
4.000000000000000000e+01 3.000000000000000000e+00 1.934882738413314096e-01
4.000000000000000000e+01 4.000000000000000000e+00 2.167845613378955871e-01
4.100000000000000000e+01 0.000000000000000000e+00 2.165571129496057790e-01
4.100000000000000000e+01 1.000000000000000000e+00 2.505907719875853368e-01
4.100000000000000000e+01 2.000000000000000000e+00 2.196634536707162966e-01
4.100000000000000000e+01 3.000000000000000000e+00 1.866010442855505491e-01
4.100000000000000000e+01 4.000000000000000000e+00 2.215966215949170259e-01
4.200000000000000000e+01 0.000000000000000000e+00 1.702429018593120402e-01
4.200000000000000000e+01 1.000000000000000000e+00 2.018828783316297948e-01
4.200000000000000000e+01 2.000000000000000000e+00 2.819785760357489401e-01
4.200000000000000000e+01 3.000000000000000000e+00 2.472000992538967989e-01
4.200000000000000000e+01 4.000000000000000000e+00 1.974649110724563950e-01
4.300000000000000000e+01 0.000000000000000000e+00 2.211292472207436466e-01
4.300000000000000000e+01 1.000000000000000000e+00 1.535747159512102500e-01
4.300000000000000000e+01 2.000000000000000000e+00 2.316556244748242677e-01
4.300000000000000000e+01 3.000000000000000000e+00 2.345495789892674821e-01
4.300000000000000000e+01 4.000000000000000000e+00 2.278670093891215775e-01
4.400000000000000000e+01 0.000000000000000000e+00 1.963389481180385643e-01
4.400000000000000000e+01 1.000000000000000000e+00 1.845406025423240726e-01
4.400000000000000000e+01 2.000000000000000000e+00 2.624986855357225868e-01
4.400000000000000000e+01 3.000000000000000000e+00 2.134863203113628038e-01
4.400000000000000000e+01 4.000000000000000000e+00 2.318489103150328245e-01
4.500000000000000000e+01 0.000000000000000000e+00 2.021256087868755213e-01
4.500000000000000000e+01 1.000000000000000000e+00 2.213865926473229107e-01
4.500000000000000000e+01 2.000000000000000000e+00 2.524174452770626131e-01
4.500000000000000000e+01 3.000000000000000000e+00 1.813458376578565567e-01
4.500000000000000000e+01 4.000000000000000000e+00 2.771290755786914861e-01
4.600000000000000000e+01 0.000000000000000000e+00 2.193137011632633748e-01
4.600000000000000000e+01 1.000000000000000000e+00 2.513536583725228812e-01
4.600000000000000000e+01 2.000000000000000000e+00 2.430718561622703666e-01
4.600000000000000000e+01 3.000000000000000000e+00 1.602442445236921531e-01
4.600000000000000000e+01 4.000000000000000000e+00 2.064286497776697260e-01
4.700000000000000000e+01 0.000000000000000000e+00 1.982361733194649145e-01
4.700000000000000000e+01 1.000000000000000000e+00 1.590550910773509130e-01
4.700000000000000000e+01 2.000000000000000000e+00 2.415170558107735954e-01
4.700000000000000000e+01 3.000000000000000000e+00 2.663732837553951516e-01
4.700000000000000000e+01 4.000000000000000000e+00 2.054150235541984393e-01
4.800000000000000000e+01 0.000000000000000000e+00 2.567066716566931972e-01
4.800000000000000000e+01 1.000000000000000000e+00 2.055082940455114082e-01
4.800000000000000000e+01 2.000000000000000000e+00 2.575290732124068671e-01
4.800000000000000000e+01 3.000000000000000000e+00 1.988632641532600831e-01
4.800000000000000000e+01 4.000000000000000000e+00 1.813538023861812898e-01
4.900000000000000000e+01 0.000000000000000000e+00 2.076244562375479941e-01
4.900000000000000000e+01 1.000000000000000000e+00 1.981388698663489878e-01
4.900000000000000000e+01 2.000000000000000000e+00 2.130185043754909413e-01
4.900000000000000000e+01 3.000000000000000000e+00 2.379566161080694520e-01
4.900000000000000000e+01 4.000000000000000000e+00 1.836408643996245427e-01
5.000000000000000000e+01 0.000000000000000000e+00 2.108758594634243533e-01
5.000000000000000000e+01 1.000000000000000000e+00 1.939069233961441263e-01
5.000000000000000000e+01 2.000000000000000000e+00 2.301515834264831750e-01
5.000000000000000000e+01 3.000000000000000000e+00 2.458994040663995406e-01
5.000000000000000000e+01 4.000000000000000000e+00 2.297337867845429260e-01
5.100000000000000000e+01 0.000000000000000000e+00 1.825468895386002099e-01
5.100000000000000000e+01 1.000000000000000000e+00 2.179657994665228915e-01
5.100000000000000000e+01 2.000000000000000000e+00 2.589790655586414747e-01
5.100000000000000000e+01 3.000000000000000000e+00 2.390465704946344860e-01
5.100000000000000000e+01 4.000000000000000000e+00 2.044744687030675967e-01
5.200000000000000000e+01 0.000000000000000000e+00 2.062954264141303728e-01
5.200000000000000000e+01 1.000000000000000000e+00 2.477342986086980559e-01
5.200000000000000000e+01 2.000000000000000000e+00 1.937858940881745096e-01
5.200000000000000000e+01 3.000000000000000000e+00 2.144789437292070056e-01
5.200000000000000000e+01 4.000000000000000000e+00 2.049201198302105509e-01
5.300000000000000000e+01 0.000000000000000000e+00 2.423757261352819659e-01
5.300000000000000000e+01 1.000000000000000000e+00 1.914717500803182482e-01
5.300000000000000000e+01 2.000000000000000000e+00 2.308319504429705016e-01
5.300000000000000000e+01 3.000000000000000000e+00 2.050167837819945882e-01
5.300000000000000000e+01 4.000000000000000000e+00 2.036064665947238395e-01
5.400000000000000000e+01 0.000000000000000000e+00 2.178154137203562601e-01
5.400000000000000000e+01 1.000000000000000000e+00 1.840987874056297935e-01
5.400000000000000000e+01 2.000000000000000000e+00 2.516528270069726125e-01
5.400000000000000000e+01 3.000000000000000000e+00 1.996042729652211245e-01
5.400000000000000000e+01 4.000000000000000000e+00 2.277916165989865571e-01
5.500000000000000000e+01 0.000000000000000000e+00 2.075756865942377516e-01
5.500000000000000000e+01 1.000000000000000000e+00 1.369149517320717158e-01
5.500000000000000000e+01 2.000000000000000000e+00 2.538829261088544897e-01
5.500000000000000000e+01 3.000000000000000000e+00 1.664581255256031844e-01
5.500000000000000000e+01 4.000000000000000000e+00 3.024687127368514417e-01
5.600000000000000000e+01 0.000000000000000000e+00 2.175700392743701306e-01
5.600000000000000000e+01 1.000000000000000000e+00 2.635951362472574999e-01
5.600000000000000000e+01 2.000000000000000000e+00 2.062153427624499047e-01
5.600000000000000000e+01 3.000000000000000000e+00 2.385565338381128719e-01
5.600000000000000000e+01 4.000000000000000000e+00 2.003313876697676299e-01
5.700000000000000000e+01 0.000000000000000000e+00 1.730248735580020569e-01
5.700000000000000000e+01 1.000000000000000000e+00 2.017097635455427918e-01
5.700000000000000000e+01 2.000000000000000000e+00 2.238609664723966719e-01
5.700000000000000000e+01 3.000000000000000000e+00 2.513584002921225857e-01
5.700000000000000000e+01 4.000000000000000000e+00 1.916595704481479923e-01
5.800000000000000000e+01 0.000000000000000000e+00 1.923949779457116427e-01
5.800000000000000000e+01 1.000000000000000000e+00 1.886867193173390744e-01
5.800000000000000000e+01 2.000000000000000000e+00 2.470149677298395241e-01
5.800000000000000000e+01 3.000000000000000000e+00 2.281114605170974363e-01
5.800000000000000000e+01 4.000000000000000000e+00 2.300194507752096607e-01
5.900000000000000000e+01 0.000000000000000000e+00 2.075016491039140820e-01
5.900000000000000000e+01 1.000000000000000000e+00 2.798031719523649818e-01
5.900000000000000000e+01 2.000000000000000000e+00 1.830047981093674003e-01
5.900000000000000000e+01 3.000000000000000000e+00 2.266090642008266043e-01
5.900000000000000000e+01 4.000000000000000000e+00 1.980809722653475990e-01
6.000000000000000000e+01 0.000000000000000000e+00 2.188336298193498120e-01
6.000000000000000000e+01 1.000000000000000000e+00 1.649560863685480827e-01
6.000000000000000000e+01 2.000000000000000000e+00 2.099274913931095943e-01
6.000000000000000000e+01 3.000000000000000000e+00 2.236305068219086034e-01
6.000000000000000000e+01 4.000000000000000000e+00 2.628539525465496962e-01
6.100000000000000000e+01 0.000000000000000000e+00 2.081202783028547609e-01
6.100000000000000000e+01 1.000000000000000000e+00 2.461289205539743397e-01
6.100000000000000000e+01 2.000000000000000000e+00 2.077934724638101915e-01
6.100000000000000000e+01 3.000000000000000000e+00 2.554299168524147845e-01
6.100000000000000000e+01 4.000000000000000000e+00 1.649658589212157633e-01
6.200000000000000000e+01 0.000000000000000000e+00 2.228704989864104813e-01
6.200000000000000000e+01 1.000000000000000000e+00 2.068729560868951267e-01
6.200000000000000000e+01 2.000000000000000000e+00 1.943174088659027077e-01
6.200000000000000000e+01 3.000000000000000000e+00 2.243743576040474197e-01
6.200000000000000000e+01 4.000000000000000000e+00 2.675302684469921255e-01
6.300000000000000000e+01 0.000000000000000000e+00 2.006428584504484913e-01
6.300000000000000000e+01 1.000000000000000000e+00 2.461818799751358533e-01
6.300000000000000000e+01 2.000000000000000000e+00 2.758245396981038322e-01
6.300000000000000000e+01 3.000000000000000000e+00 2.192460558332846865e-01
6.300000000000000000e+01 4.000000000000000000e+00 1.685417909230674804e-01
6.400000000000000000e+01 0.000000000000000000e+00 2.534739865794788938e-01
6.400000000000000000e+01 1.000000000000000000e+00 2.177209651934261803e-01
6.400000000000000000e+01 2.000000000000000000e+00 1.518206187236150750e-01
6.400000000000000000e+01 3.000000000000000000e+00 2.699118880125527808e-01
6.400000000000000000e+01 4.000000000000000000e+00 2.136338713027061686e-01
6.500000000000000000e+01 0.000000000000000000e+00 2.315943343387814601e-01
6.500000000000000000e+01 1.000000000000000000e+00 2.025299794405314713e-01
6.500000000000000000e+01 2.000000000000000000e+00 2.013029465891733871e-01
6.500000000000000000e+01 3.000000000000000000e+00 1.737416466643283974e-01
6.500000000000000000e+01 4.000000000000000000e+00 2.189947812744987565e-01
6.600000000000000000e+01 0.000000000000000000e+00 1.952476100257861669e-01
6.600000000000000000e+01 1.000000000000000000e+00 2.179494805700288307e-01
6.600000000000000000e+01 2.000000000000000000e+00 2.142946715637741306e-01
6.600000000000000000e+01 3.000000000000000000e+00 1.736151785347125331e-01
6.600000000000000000e+01 4.000000000000000000e+00 2.427833832025226846e-01
6.700000000000000000e+01 0.000000000000000000e+00 1.662277272886211466e-01
6.700000000000000000e+01 1.000000000000000000e+00 1.870558491897401920e-01
6.700000000000000000e+01 2.000000000000000000e+00 2.654838963427360587e-01
6.700000000000000000e+01 3.000000000000000000e+00 2.531128945584251722e-01
6.700000000000000000e+01 4.000000000000000000e+00 2.121989518815642350e-01
6.800000000000000000e+01 0.000000000000000000e+00 2.108935350363363714e-01
6.800000000000000000e+01 1.000000000000000000e+00 2.364033883837290684e-01
6.800000000000000000e+01 2.000000000000000000e+00 1.822183386208752198e-01
6.800000000000000000e+01 3.000000000000000000e+00 2.293252823108926364e-01
6.800000000000000000e+01 4.000000000000000000e+00 2.195039027936341314e-01
6.900000000000000000e+01 0.000000000000000000e+00 2.854904511283474777e-01
6.900000000000000000e+01 1.000000000000000000e+00 1.740345477280997588e-01
6.900000000000000000e+01 2.000000000000000000e+00 2.072268392752791566e-01
6.900000000000000000e+01 3.000000000000000000e+00 1.990484048715910059e-01
6.900000000000000000e+01 4.000000000000000000e+00 2.094174898362029247e-01
7.000000000000000000e+01 0.000000000000000000e+00 2.311700676958663159e-01
7.000000000000000000e+01 1.000000000000000000e+00 1.479713425737015087e-01
7.000000000000000000e+01 2.000000000000000000e+00 1.882228414019525842e-01
7.000000000000000000e+01 3.000000000000000000e+00 2.419890821762463451e-01
7.000000000000000000e+01 4.000000000000000000e+00 2.478737135721693907e-01
7.100000000000000000e+01 0.000000000000000000e+00 2.670184638200681082e-01
7.100000000000000000e+01 1.000000000000000000e+00 2.084644738276410503e-01
7.100000000000000000e+01 2.000000000000000000e+00 2.024646255346563839e-01
7.100000000000000000e+01 3.000000000000000000e+00 2.504984208648584065e-01
7.100000000000000000e+01 4.000000000000000000e+00 1.640908896548486373e-01
7.200000000000000000e+01 0.000000000000000000e+00 2.379444817327958372e-01
7.200000000000000000e+01 1.000000000000000000e+00 2.273285183310673474e-01
7.200000000000000000e+01 2.000000000000000000e+00 2.316767270999868511e-01
7.200000000000000000e+01 3.000000000000000000e+00 2.290320087373987623e-01
7.200000000000000000e+01 4.000000000000000000e+00 1.764691300659090856e-01
7.300000000000000000e+01 0.000000000000000000e+00 2.615974304340500933e-01
7.300000000000000000e+01 1.000000000000000000e+00 1.768312907290582880e-01
7.300000000000000000e+01 2.000000000000000000e+00 2.213027569866852784e-01
7.300000000000000000e+01 3.000000000000000000e+00 1.716124057050629204e-01
7.300000000000000000e+01 4.000000000000000000e+00 2.643698878854633949e-01
7.400000000000000000e+01 0.000000000000000000e+00 2.048856646427299477e-01
7.400000000000000000e+01 1.000000000000000000e+00 2.364563850888308505e-01
7.400000000000000000e+01 2.000000000000000000e+00 2.633670656002461419e-01
7.400000000000000000e+01 3.000000000000000000e+00 2.092030017696193400e-01
7.400000000000000000e+01 4.000000000000000000e+00 2.159729499463699798e-01
7.500000000000000000e+01 0.000000000000000000e+00 2.070564587145866664e-01
7.500000000000000000e+01 1.000000000000000000e+00 2.324234563308379964e-01
7.500000000000000000e+01 2.000000000000000000e+00 2.310683535689280477e-01
7.500000000000000000e+01 3.000000000000000000e+00 2.267218313002095087e-01
7.500000000000000000e+01 4.000000000000000000e+00 2.194279621679831871e-01
7.600000000000000000e+01 0.000000000000000000e+00 1.933685790631935186e-01
7.600000000000000000e+01 1.000000000000000000e+00 1.814660669960628248e-01
7.600000000000000000e+01 2.000000000000000000e+00 2.024112131225735411e-01
7.600000000000000000e+01 3.000000000000000000e+00 1.899060181901337518e-01
7.600000000000000000e+01 4.000000000000000000e+00 2.931604942831014249e-01
7.700000000000000000e+01 0.000000000000000000e+00 1.919978554627842504e-01
7.700000000000000000e+01 1.000000000000000000e+00 2.451087025416668896e-01
7.700000000000000000e+01 2.000000000000000000e+00 2.143102475471662383e-01
7.700000000000000000e+01 3.000000000000000000e+00 2.147803239135153974e-01
7.700000000000000000e+01 4.000000000000000000e+00 2.051139557236049404e-01
7.800000000000000000e+01 0.000000000000000000e+00 2.303693115435442029e-01
7.800000000000000000e+01 1.000000000000000000e+00 1.966803399173051026e-01
7.800000000000000000e+01 2.000000000000000000e+00 2.597277392977527244e-01
7.800000000000000000e+01 3.000000000000000000e+00 2.348483152829084208e-01
7.800000000000000000e+01 4.000000000000000000e+00 1.947048660012340726e-01
7.900000000000000000e+01 0.000000000000000000e+00 2.043029486719199761e-01
7.900000000000000000e+01 1.000000000000000000e+00 2.005238825606586728e-01
7.900000000000000000e+01 2.000000000000000000e+00 2.115309936921634104e-01
7.900000000000000000e+01 3.000000000000000000e+00 2.058961377133926018e-01
7.900000000000000000e+01 4.000000000000000000e+00 2.215357547862080445e-01
8.000000000000000000e+01 0.000000000000000000e+00 2.044078142112035756e-01
8.000000000000000000e+01 1.000000000000000000e+00 2.568689909235300495e-01
8.000000000000000000e+01 2.000000000000000000e+00 1.906102523837831797e-01
8.000000000000000000e+01 3.000000000000000000e+00 1.512668023426584907e-01
8.000000000000000000e+01 4.000000000000000000e+00 2.957223314250280177e-01
8.100000000000000000e+01 0.000000000000000000e+00 1.980462937688000358e-01
8.100000000000000000e+01 1.000000000000000000e+00 2.087697873277401250e-01
8.100000000000000000e+01 2.000000000000000000e+00 2.282375003848335915e-01
8.100000000000000000e+01 3.000000000000000000e+00 1.968210346148302203e-01
8.100000000000000000e+01 4.000000000000000000e+00 2.191608137973888870e-01
8.200000000000000000e+01 0.000000000000000000e+00 1.947919179336264350e-01
8.200000000000000000e+01 1.000000000000000000e+00 2.059274608895137748e-01
8.200000000000000000e+01 2.000000000000000000e+00 2.463316108433010465e-01
8.200000000000000000e+01 3.000000000000000000e+00 1.961258472238363304e-01
8.200000000000000000e+01 4.000000000000000000e+00 2.607652162983605804e-01
8.300000000000000000e+01 0.000000000000000000e+00 2.194954073691393337e-01
8.300000000000000000e+01 1.000000000000000000e+00 2.125620516847313568e-01
8.300000000000000000e+01 2.000000000000000000e+00 2.884938158353124171e-01
8.300000000000000000e+01 3.000000000000000000e+00 2.105300068014585302e-01
8.300000000000000000e+01 4.000000000000000000e+00 1.440901037272777074e-01
8.400000000000000000e+01 0.000000000000000000e+00 2.037744977701843596e-01
8.400000000000000000e+01 1.000000000000000000e+00 2.564340608143394484e-01
8.400000000000000000e+01 2.000000000000000000e+00 2.097110999165295309e-01
8.400000000000000000e+01 3.000000000000000000e+00 1.513462784158229324e-01
8.400000000000000000e+01 4.000000000000000000e+00 2.153710492668230447e-01
8.500000000000000000e+01 0.000000000000000000e+00 2.403784655506829293e-01
8.500000000000000000e+01 1.000000000000000000e+00 2.422839410416021688e-01
8.500000000000000000e+01 2.000000000000000000e+00 1.737316389572767239e-01
8.500000000000000000e+01 3.000000000000000000e+00 2.147682600435767974e-01
8.500000000000000000e+01 4.000000000000000000e+00 2.389200452890371529e-01
8.600000000000000000e+01 0.000000000000000000e+00 2.716481227629011230e-01
8.600000000000000000e+01 1.000000000000000000e+00 2.946886927420553359e-01
8.600000000000000000e+01 2.000000000000000000e+00 1.883561628454680226e-01
8.600000000000000000e+01 3.000000000000000000e+00 1.649672300271982084e-01
8.600000000000000000e+01 4.000000000000000000e+00 1.907111863540277563e-01
8.700000000000000000e+01 0.000000000000000000e+00 2.179319615342412975e-01
8.700000000000000000e+01 1.000000000000000000e+00 1.866985333009943127e-01
8.700000000000000000e+01 2.000000000000000000e+00 2.025097860180948284e-01
8.700000000000000000e+01 3.000000000000000000e+00 2.595206953069150169e-01
8.700000000000000000e+01 4.000000000000000000e+00 2.437148174380512622e-01
8.800000000000000000e+01 0.000000000000000000e+00 2.431761830171816907e-01
8.800000000000000000e+01 1.000000000000000000e+00 1.982281474012271005e-01
8.800000000000000000e+01 2.000000000000000000e+00 2.353243543966651863e-01
8.800000000000000000e+01 3.000000000000000000e+00 1.535012838187838902e-01
8.800000000000000000e+01 4.000000000000000000e+00 2.049626906667264548e-01
8.900000000000000000e+01 0.000000000000000000e+00 2.037579368083971276e-01
8.900000000000000000e+01 1.000000000000000000e+00 1.517991259120747283e-01
8.900000000000000000e+01 2.000000000000000000e+00 3.028354108798152478e-01
8.900000000000000000e+01 3.000000000000000000e+00 2.140783338080006759e-01
8.900000000000000000e+01 4.000000000000000000e+00 2.183398111709429212e-01
9.000000000000000000e+01 0.000000000000000000e+00 2.132745945853893876e-01
9.000000000000000000e+01 1.000000000000000000e+00 1.460375276247091736e-01
9.000000000000000000e+01 2.000000000000000000e+00 2.245494689954659617e-01
9.000000000000000000e+01 3.000000000000000000e+00 2.382277253052778321e-01
9.000000000000000000e+01 4.000000000000000000e+00 2.588655587236317057e-01
9.100000000000000000e+01 0.000000000000000000e+00 2.070284358710928474e-01
9.100000000000000000e+01 1.000000000000000000e+00 1.559024877299646783e-01
9.100000000000000000e+01 2.000000000000000000e+00 2.306931789831382640e-01
9.100000000000000000e+01 3.000000000000000000e+00 2.485395490147854491e-01
9.100000000000000000e+01 4.000000000000000000e+00 2.180747399995405511e-01
9.200000000000000000e+01 0.000000000000000000e+00 2.216098885529390605e-01
9.200000000000000000e+01 1.000000000000000000e+00 1.611884138731593252e-01
9.200000000000000000e+01 2.000000000000000000e+00 2.652949619887760013e-01
9.200000000000000000e+01 3.000000000000000000e+00 1.844188268586671731e-01
9.200000000000000000e+01 4.000000000000000000e+00 1.997049996665128113e-01
9.300000000000000000e+01 0.000000000000000000e+00 1.849637550528772101e-01
9.300000000000000000e+01 1.000000000000000000e+00 2.205384109042866636e-01
9.300000000000000000e+01 2.000000000000000000e+00 2.017306196447646305e-01
9.300000000000000000e+01 3.000000000000000000e+00 1.935887945615962225e-01
9.300000000000000000e+01 4.000000000000000000e+00 2.558433631145832776e-01
9.400000000000000000e+01 0.000000000000000000e+00 2.605938210348974216e-01
9.400000000000000000e+01 1.000000000000000000e+00 1.947753253064569146e-01
9.400000000000000000e+01 2.000000000000000000e+00 2.314592352690894028e-01
9.400000000000000000e+01 3.000000000000000000e+00 2.089287247537298664e-01
9.400000000000000000e+01 4.000000000000000000e+00 1.899204343795026784e-01
9.500000000000000000e+01 0.000000000000000000e+00 2.600449556794079964e-01
9.500000000000000000e+01 1.000000000000000000e+00 1.440438372957251745e-01
9.500000000000000000e+01 2.000000000000000000e+00 2.079714500199607852e-01
9.500000000000000000e+01 3.000000000000000000e+00 2.355207144382459872e-01
9.500000000000000000e+01 4.000000000000000000e+00 2.051196530395184570e-01
9.600000000000000000e+01 0.000000000000000000e+00 1.883242473756747137e-01
9.600000000000000000e+01 1.000000000000000000e+00 2.659514478985093855e-01
9.600000000000000000e+01 2.000000000000000000e+00 1.984821746298890410e-01
9.600000000000000000e+01 3.000000000000000000e+00 1.752578540430208554e-01
9.600000000000000000e+01 4.000000000000000000e+00 2.331223852558047538e-01
9.700000000000000000e+01 0.000000000000000000e+00 2.548604432627082916e-01
9.700000000000000000e+01 1.000000000000000000e+00 1.807064303937781780e-01
9.700000000000000000e+01 2.000000000000000000e+00 1.914447329150212040e-01
9.700000000000000000e+01 3.000000000000000000e+00 1.921971449854036340e-01
9.700000000000000000e+01 4.000000000000000000e+00 2.367256552090941657e-01
9.800000000000000000e+01 0.000000000000000000e+00 2.668257057128969878e-01
9.800000000000000000e+01 1.000000000000000000e+00 1.605169544716800456e-01
9.800000000000000000e+01 2.000000000000000000e+00 1.975804772050309965e-01
9.800000000000000000e+01 3.000000000000000000e+00 2.103744724573573532e-01
9.800000000000000000e+01 4.000000000000000000e+00 2.241129466176277896e-01
9.900000000000000000e+01 0.000000000000000000e+00 1.777618944057026140e-01
9.900000000000000000e+01 1.000000000000000000e+00 2.007365803824674999e-01
9.900000000000000000e+01 2.000000000000000000e+00 1.832297834533566372e-01
9.900000000000000000e+01 3.000000000000000000e+00 2.687280148113750933e-01
9.900000000000000000e+01 4.000000000000000000e+00 2.408516841225643024e-01
