0.0 0.0 16.776678411305283589
0.0 1.0 16.622007035127221997
0.0 2.0 16.655829230835770716
0.0 3.0 16.762780361889344505
0.0 4.0 16.648149458736867246
1.0 0.0 16.808329900378382149
1.0 1.0 16.729370442699575960
1.0 2.0 16.576743446656397651
1.0 3.0 16.776743054145139666
1.0 4.0 16.585816785938735762
2.0 0.0 16.688366945799359087
2.0 1.0 16.683738926879044584
2.0 2.0 16.688366422737978212
2.0 3.0 16.748837482528493581
2.0 4.0 16.648123765276764630
3.0 0.0 16.702303801612771395
3.0 1.0 16.740285763485957204
3.0 2.0 16.623263747293027137
3.0 3.0 16.646516987807761012
3.0 4.0 16.744622175480301962
4.0 0.0 16.807218041579169210
4.0 1.0 16.604651060606851587
4.0 2.0 16.702317601878558406
4.0 3.0 16.799994702343084896
4.0 4.0 16.544444637712018675
5.0 0.0 16.658621088673964294
5.0 1.0 16.734860264576699507
5.0 2.0 16.641844996147479918
5.0 3.0 16.697673919157164590
5.0 4.0 16.676342966424641645
6.0 0.0 16.790697170661143645
6.0 1.0 16.661663208706809058
6.0 2.0 16.679075713412814252
6.0 3.0 16.786064597085569972
6.0 4.0 16.532379895959852689
7.0 0.0 16.688672134942610370
7.0 1.0 16.655808886266740387
7.0 2.0 16.683727539087445990
7.0 3.0 16.687634181737525552
7.0 4.0 16.694441242902890110
8.0 0.0 16.674234454415252316
8.0 1.0 16.807570304224977775
8.0 2.0 16.586025707122548312
8.0 3.0 16.632463212694336363
8.0 4.0 16.773152001638187869
9.0 0.0 16.730211875561440849
9.0 1.0 16.679061576002052192
9.0 2.0 16.611265585020753122
9.0 3.0 16.773753763641011005
9.0 4.0 16.666679955206333830
10.0 0.0 16.772103045466099758
10.0 1.0 16.666198890899963203
10.0 2.0 16.627901031429924927
10.0 3.0 16.711628338170289254
10.0 4.0 16.675935996417784679
11.0 0.0 16.651159975263638557
11.0 1.0 16.734856894404074978
11.0 2.0 16.710435627419393256
11.0 3.0 16.748837102340520033
11.0 4.0 16.629634048655344003
12.0 0.0 16.758139865416300296
12.0 1.0 16.615566289679900791
12.0 2.0 16.511620161841655374
12.0 3.0 16.754987286911294575
12.0 4.0 16.773146719946268490
13.0 0.0 16.762797242869716285
13.0 1.0 16.689096219659475651
13.0 2.0 16.716280865969523006
13.0 3.0 16.545492903712347044
13.0 4.0 16.730355418510207244
14.0 0.0 16.753489465778372391
14.0 1.0 16.739549484549328895
14.0 2.0 16.688374393666830287
14.0 3.0 16.748834070467189861
14.0 4.0 16.527746576272537737
15.0 0.0 16.711629792582247234
15.0 1.0 16.651570010422521051
15.0 2.0 16.725585026379526710
15.0 3.0 16.761187661355513967
15.0 4.0 16.592555791130017440
16.0 0.0 16.767436944064499471
16.0 1.0 16.640509831205701374
16.0 2.0 16.595341984047596640
16.0 3.0 16.802712828717638160
16.0 4.0 16.717588538401940923
17.0 0.0 16.739071676516168452
17.0 1.0 16.716276273255665785
17.0 2.0 16.554805361677370712
17.0 3.0 16.662264745122751464
17.0 4.0 16.638877805697962486
18.0 0.0 16.795349207754146192
18.0 1.0 16.562781360582540913
18.0 2.0 16.735001499861894558
18.0 3.0 16.790700154398116695
18.0 4.0 16.583339918171461136
19.0 0.0 16.651162032506398702
19.0 1.0 16.604637403412652930
19.0 2.0 16.688851509581827059
19.0 3.0 16.837210464901158247
19.0 4.0 16.675922943875690407
20.0 0.0 16.697676127625364018
20.0 1.0 16.708019668868402619
20.0 2.0 16.748826453577464690
20.0 3.0 16.744161427524101526
20.0 4.0 16.550922399122974582
21.0 0.0 16.688373125624874405
21.0 1.0 16.786042418645859442
21.0 2.0 16.729441930502261471
21.0 3.0 16.576735462619534900
21.0 4.0 16.747751604512149726
22.0 0.0 16.693019040917732809
22.0 1.0 16.730230303439086015
22.0 2.0 16.807571435225305834
22.0 3.0 16.702323891155121061
22.0 4.0 16.537029294427256332
23.0 0.0 16.744170969503944235
23.0 1.0 16.632554651648082000
23.0 2.0 16.683719924069595919
23.0 3.0 16.706956142485477557
23.0 4.0 16.672045172303004534
24.0 0.0 16.762787717496244966
24.0 1.0 16.627892611884082186
24.0 2.0 16.776754164580623296
24.0 3.0 16.725580217813657669
24.0 4.0 16.564816805475089723
25.0 0.0 16.674419787373249591
25.0 1.0 16.795330023510427253
25.0 2.0 16.665113519086261817
25.0 3.0 16.679069611365147097
25.0 4.0 16.598702623588494021
26.0 0.0 16.860458864142184865
26.0 1.0 16.490616073756996229
26.0 2.0 16.744186052780552387
26.0 3.0 16.669762451266279868
26.0 4.0 16.638702522313842280
27.0 0.0 16.736393722540171325
27.0 1.0 16.572109488481295614
27.0 2.0 16.734881382039123565
27.0 3.0 16.758138360670169931
27.0 4.0 16.638886272726665538
28.0 0.0 16.706977537264563693
28.0 1.0 16.641873468116269663
28.0 2.0 16.730230712551687589
28.0 3.0 16.693021420277776912
28.0 4.0 16.685183337998960695
29.0 0.0 16.706978096507228315
29.0 1.0 16.618604057100114346
29.0 2.0 16.735714735036658851
29.0 3.0 16.688363941472754703
29.0 4.0 16.708337417116464252
30.0 0.0 16.809292629843302080
30.0 1.0 16.657412006947097893
30.0 2.0 16.623338935471892341
30.0 3.0 16.688364521693753062
30.0 4.0 16.680535738173560389
31.0 0.0 16.748827737519263792
31.0 1.0 16.632542050620191532
31.0 2.0 16.632556489426580271
31.0 3.0 16.720930127434098011
31.0 4.0 16.751934684260149311
32.0 0.0 16.744861485198963891
32.0 1.0 16.711636632010641534
32.0 2.0 16.627899131048451409
32.0 3.0 16.753481667684610557
32.0 4.0 16.615742952560474066
33.0 0.0 16.683721752190997734
33.0 1.0 16.688368292143039184
33.0 2.0 16.753470573029812130
33.0 3.0 16.734882685375570333
33.0 4.0 16.595154174726761909
34.0 0.0 16.739533381692943692
34.0 1.0 16.702327361977712172
34.0 2.0 16.575389694452670852
34.0 3.0 16.758151518381936285
34.0 4.0 16.675909949816237088
35.0 0.0 16.773338584547261121
35.0 1.0 16.687707853858611884
35.0 2.0 16.669759004663042390
35.0 3.0 16.739514868177462148
35.0 4.0 16.543159549580543910
36.0 0.0 16.720930841924754873
36.0 1.0 16.770600923608327548
36.0 2.0 16.758117273685531501
36.0 3.0 16.651146419746581273
36.0 4.0 16.569446582600150464
37.0 0.0 16.715036591155062240
37.0 1.0 16.688376272557093216
37.0 2.0 16.646509357689424746
37.0 3.0 16.729294809571104707
37.0 4.0 16.575055842483308766
38.0 0.0 16.697668129433342443
38.0 1.0 16.711632439017094498
38.0 2.0 16.613962159224595183
38.0 3.0 16.711632203737462277
38.0 4.0 16.722221633318721246
39.0 0.0 16.815111591653664647
39.0 1.0 16.689374117234489603
39.0 2.0 16.637191553050787007
39.0 3.0 16.628324325497057856
39.0 4.0 16.671288201539120166
40.0 0.0 16.693052849691422779
40.0 1.0 16.659565884570376681
40.0 2.0 16.767440935821692705
40.0 3.0 16.681111411571972525
40.0 4.0 16.685167146219001211
41.0 0.0 16.655813062887098397
41.0 1.0 16.702336766223364606
41.0 2.0 16.693003438652343817
41.0 3.0 16.720923494785420615
41.0 4.0 16.685183106661632735
42.0 0.0 16.790702098592632296
42.0 1.0 16.765884489594700568
42.0 2.0 16.669776124670580231
42.0 3.0 16.688374271008335370
42.0 4.0 16.546294721119249260
43.0 0.0 16.678919900797264830
43.0 1.0 16.706969670142985507
43.0 2.0 16.706976804638109968
43.0 3.0 16.750596143296725415
43.0 4.0 16.583318764103211151
44.0 0.0 16.748813136218803521
44.0 1.0 16.600599586343410152
44.0 2.0 16.772083471656461739
44.0 3.0 16.660463456328372445
44.0 4.0 16.675276112187525257
45.0 0.0 16.655808974235529973
45.0 1.0 16.786043873092339140
45.0 2.0 16.706973680405543092
45.0 3.0 16.590696674848583569
45.0 4.0 16.717594150097919936
46.0 0.0 16.770876560700315849
46.0 1.0 16.646509251574119759
46.0 2.0 16.739526621663568307
46.0 3.0 16.706964613772683492
46.0 4.0 16.564802246777503569
47.0 0.0 16.789305725435038852
47.0 1.0 16.465103033855040593
47.0 2.0 16.753488634356177300
47.0 3.0 16.674431794283769648
47.0 4.0 16.782409391313635183
48.0 0.0 16.734979585706614813
48.0 1.0 16.807811897723624384
48.0 2.0 16.562804703978670773
48.0 3.0 16.734871246933952449
48.0 4.0 16.624980011889498144
49.0 0.0 16.702312247797713951
49.0 1.0 16.679063314819678965
49.0 2.0 16.781402083536089975
49.0 3.0 16.567441653276304692
49.0 4.0 16.671290574126725659
50.0 0.0 16.758117554335470345
50.0 1.0 16.716278865879282023
50.0 2.0 16.739537783299258678
50.0 3.0 16.641861240641510733
50.0 4.0 16.601856752863554334
51.0 0.0 16.651176447755840826
51.0 1.0 16.609301857735538022
51.0 2.0 16.708235614914453748
51.0 3.0 16.694651989568505712
51.0 4.0 16.712960113720242816
52.0 0.0 16.802344651287345556
52.0 1.0 16.651149950189488180
52.0 2.0 16.701494410195966367
52.0 3.0 16.562769641653627417
52.0 4.0 16.682098624962794275
53.0 0.0 16.790690172844914940
53.0 1.0 16.679148220145577852
53.0 2.0 16.665115042653916078
53.0 3.0 16.576722791519603817
53.0 4.0 16.715722420951138361
54.0 0.0 16.823243725196000753
54.0 1.0 16.735522674240140617
54.0 2.0 16.553483537988011420
54.0 3.0 16.711611980462645732
54.0 4.0 16.648155986943081075
55.0 0.0 16.747061121514931870
55.0 1.0 16.646512421360480261
55.0 2.0 16.604634391732080445
55.0 3.0 16.734861943415619834
55.0 4.0 16.717576737225869010
56.0 0.0 16.666314252690138886
56.0 1.0 16.744177080408430669
56.0 2.0 16.641003767664120261
56.0 3.0 16.660464749249349836
56.0 4.0 16.675920430715667209
57.0 0.0 16.674426643632166645
57.0 1.0 16.627905195174559339
57.0 2.0 16.697673206239070254
57.0 3.0 16.758131682986334710
57.0 4.0 16.669061275126473731
58.0 0.0 16.697685820751242858
58.0 1.0 16.781393861336649564
58.0 2.0 16.623248156805459530
58.0 3.0 16.679059429414966331
58.0 4.0 16.675926370851065883
59.0 0.0 16.764440758979628043
59.0 1.0 16.683719679133286462
59.0 2.0 16.611789083261367495
59.0 3.0 16.679064032729684186
59.0 4.0 16.740760801783551415
60.0 0.0 16.799981547044477992
60.0 1.0 16.586038173856209710
60.0 2.0 16.674413601234142845
60.0 3.0 16.729170375593085396
60.0 4.0 16.662022527202783095
61.0 0.0 16.655819288649418297
61.0 1.0 16.767440941682728806
61.0 2.0 16.627914586276503428
61.0 3.0 16.804639334897771619
61.0 4.0 16.601847623986813574
62.0 0.0 16.739534932171686421
62.0 1.0 16.744169620422329814
62.0 2.0 16.716257082326599459
62.0 3.0 16.683721538483581526
62.0 4.0 16.574068331692455303
63.0 0.0 16.637202928695163706
63.0 1.0 16.702339495684569215
63.0 2.0 16.762789126936471717
63.0 3.0 16.725577368196340444
63.0 4.0 16.629631320088197555
64.0 0.0 16.748720420418077737
64.0 1.0 16.655810905950744427
64.0 2.0 16.739538928251498362
64.0 3.0 16.730234276538030969
64.0 4.0 16.564060446538011462
65.0 0.0 16.586046327421527735
65.0 1.0 16.647020166415167353
65.0 2.0 16.697667261076784229
65.0 3.0 16.762772034161770307
65.0 4.0 16.708330735030916259
66.0 0.0 16.767444062516759118
66.0 1.0 16.688371466872201410
66.0 2.0 16.567436746017179416
66.0 3.0 16.813946497405957814
66.0 4.0 16.620367898176901633
67.0 0.0 16.815564213019442263
67.0 1.0 16.688382942232372841
67.0 2.0 16.544160155717076321
67.0 3.0 16.599575855049081952
67.0 4.0 16.722222063403783920
68.0 0.0 16.694868101382400738
68.0 1.0 16.753476917642817767
68.0 2.0 16.725570235215652559
68.0 3.0 16.637191886315651601
68.0 4.0 16.563854514999992062
69.0 0.0 16.725271809652511479
69.0 1.0 16.739537305591742467
69.0 2.0 16.734875693112545747
69.0 3.0 16.632538953209465404
69.0 4.0 16.680549865458420555
70.0 0.0 16.786045214054798436
70.0 1.0 16.730229093051100620
70.0 2.0 16.665099728948931102
70.0 3.0 16.655797929901158483
70.0 4.0 16.620366852648945866
71.0 0.0 16.767428986555888315
71.0 1.0 16.651164944754484054
71.0 2.0 16.744185160185690364
71.0 3.0 16.762805818991054707
71.0 4.0 16.532391839453644877
72.0 0.0 16.673354101705687214
72.0 1.0 16.702339728210876757
72.0 2.0 16.674415989039172104
72.0 3.0 16.665112156799782639
72.0 4.0 16.722222061128547921
73.0 0.0 16.660466503675777972
73.0 1.0 16.520939784651190507
73.0 2.0 16.711630853704097177
73.0 3.0 16.778825893370360234
73.0 4.0 16.791658879513644109
74.0 0.0 16.739530949020423378
74.0 1.0 16.647424517050929182
74.0 2.0 16.689831209830206404
74.0 3.0 16.679067477314546863
74.0 4.0 16.654206958839676389
75.0 0.0 16.843538466227371941
75.0 1.0 16.630987191433995065
75.0 2.0 16.720931665704082292
75.0 3.0 16.590698261260673263
75.0 4.0 16.712962394958484680
76.0 0.0 16.813945053464649959
76.0 1.0 16.742972248563809501
76.0 2.0 16.655835435640359066
76.0 3.0 16.656143004966267540
76.0 4.0 16.546289599561887940
77.0 0.0 16.720929906342028914
77.0 1.0 16.669767639381085189
77.0 2.0 16.790686098887480426
77.0 3.0 16.532747716487047995
77.0 4.0 16.675926462466925670
78.0 0.0 16.756971604399847564
78.0 1.0 16.637446572550356194
78.0 2.0 16.715092765250755491
78.0 3.0 16.790733182158348313
78.0 4.0 16.564805644204255941
79.0 0.0 16.609299817923037779
79.0 1.0 16.837193554236602466
79.0 2.0 16.646531110049163971
79.0 3.0 16.603511848342645152
79.0 4.0 16.755771440834415387
80.0 0.0 16.767425464999579532
80.0 1.0 16.758140079685016843
80.0 2.0 16.688314805529238072
80.0 3.0 16.677677091835704459
80.0 4.0 16.557149503584412287
81.0 0.0 16.734886734015677945
81.0 1.0 16.581393791654580383
81.0 2.0 16.739524028217047658
81.0 3.0 16.837202051103641764
81.0 4.0 16.564821963694470242
82.0 0.0 16.720921819165567968
82.0 1.0 16.720933260956865496
82.0 2.0 16.623242718308642196
82.0 3.0 16.669758900309890493
82.0 4.0 16.722199001259415496
83.0 0.0 16.795362579076673626
83.0 1.0 16.618631053328371650
83.0 2.0 16.641859113102452028
83.0 3.0 16.732171973971116330
83.0 4.0 16.615715690441653862
84.0 0.0 16.581383820357363135
84.0 1.0 16.637670650510003156
84.0 2.0 16.734838963538223311
84.0 3.0 16.751511977944158360
84.0 4.0 16.718815308936349595
85.0 0.0 16.651161220770941185
85.0 1.0 16.655818490235176910
85.0 2.0 16.748829540789742509
85.0 3.0 16.730226306132109926
85.0 4.0 16.671293508043273590
86.0 0.0 16.767441874580590877
86.0 1.0 16.752140112309461983
86.0 2.0 16.739533279417535994
86.0 3.0 16.576751977365454138
86.0 4.0 16.638875203474277953
87.0 0.0 16.809289096055071155
87.0 1.0 16.632447502265549133
87.0 2.0 16.697675527258081019
87.0 3.0 16.651134015360433693
87.0 4.0 16.686646707971160453
88.0 0.0 16.619349915031577325
88.0 1.0 16.732580859805270990
88.0 2.0 16.651169526111846864
88.0 3.0 16.744171761636543749
88.0 4.0 16.662040745841611766
89.0 0.0 16.804351353178727635
89.0 1.0 16.679049168848337104
89.0 2.0 16.609294575307977482
89.0 3.0 16.679065656675106766
89.0 4.0 16.680543800001533583
90.0 0.0 16.823245136054271853
90.0 1.0 16.632548654318313197
90.0 2.0 16.717863895418279441
90.0 3.0 16.744196236133060296
90.0 4.0 16.574069551888243268
91.0 0.0 16.716278212626079380
91.0 1.0 16.641857416690271521
91.0 2.0 16.637206341620824901
91.0 3.0 16.733672040522318269
91.0 4.0 16.731486429510447067
92.0 0.0 16.719004460166125625
92.0 1.0 16.595340826414552993
92.0 2.0 16.708700581720389522
92.0 3.0 16.781394615515090152
92.0 4.0 16.652785111733024337
93.0 0.0 16.802060044729778099
93.0 1.0 16.665110448431981638
93.0 2.0 16.549911923149082327
93.0 3.0 16.618975351283218345
93.0 4.0 16.717592148749918834
94.0 0.0 16.679073137944385508
94.0 1.0 16.711623876063683269
94.0 2.0 16.627903885981389465
94.0 3.0 16.869781327834637352
94.0 4.0 16.587517000140447720
95.0 0.0 16.646501118918934026
95.0 1.0 16.603067297040407624
95.0 2.0 16.650586893090501661
95.0 3.0 16.748825440131305697
95.0 4.0 16.801875017320000438
96.0 0.0 16.734887161499148789
96.0 1.0 16.693023202712122810
96.0 2.0 16.609302141040249268
96.0 3.0 16.763824793876363373
96.0 4.0 16.638882776949717623
97.0 0.0 16.804652047287092387
97.0 1.0 16.613964715562008934
97.0 2.0 16.678072314065580883
97.0 3.0 16.604646039596207885
97.0 4.0 16.708331888766178253
98.0 0.0 16.776743248303411349
98.0 1.0 16.599375666889645942
98.0 2.0 16.748833493080987012
98.0 3.0 16.669765236778879114
98.0 4.0 16.642146507140601841
99.0 0.0 16.739534415106096077
99.0 1.0 16.744189998481598280
99.0 2.0 16.734875158117489491
99.0 3.0 16.567396881321382551
99.0 4.0 16.671296733847061233
