0.0 0.0 29.306974026516872556
0.0 1.0 29.223254894945384308
0.0 2.0 29.274418817003073912
0.0 3.0 29.214887003011018152
0.0 4.0 29.162036916727220870
1.0 0.0 29.212036606519223625
1.0 1.0 29.250473095762032472
1.0 2.0 29.204651069303537270
1.0 3.0 29.259819806729783664
1.0 4.0 29.259764769736321455
2.0 0.0 29.246514689000683518
2.0 1.0 29.169749912136797576
2.0 2.0 29.215221682358947675
2.0 3.0 29.306977083389920580
2.0 4.0 29.203700799497450902
3.0 0.0 29.248641269974349655
3.0 1.0 29.166240513655470323
3.0 2.0 29.186043643709275841
3.0 3.0 29.330232325792149339
3.0 4.0 29.249558482175576302
4.0 0.0 29.232555863331278090
4.0 1.0 29.127884243812804499
4.0 2.0 29.213950587518283442
4.0 3.0 29.262844961058931403
4.0 4.0 29.351849966079146981
5.0 0.0 29.306141902112550213
5.0 1.0 29.176740777433455065
5.0 2.0 29.218599832588925125
5.0 3.0 29.237208416597439964
5.0 4.0 29.228009977175641865
6.0 0.0 29.297670390541355800
6.0 1.0 29.176743555107012895
6.0 2.0 29.232558260190657506
6.0 3.0 29.236561567231102998
6.0 4.0 29.234269995182248891
7.0 0.0 29.143919782892403703
7.0 1.0 29.239231741388390873
7.0 2.0 29.123558385360968970
7.0 3.0 29.283720306094533470
7.0 4.0 29.324073772052702935
8.0 0.0 29.190693429141152393
8.0 1.0 29.186044062412552336
8.0 2.0 29.270957136979763646
8.0 3.0 29.311626712928195104
8.0 4.0 29.236125132443724794
9.0 0.0 29.246514330530072101
9.0 1.0 29.172407600250835458
9.0 2.0 29.172090477286506172
9.0 3.0 29.251162632765353777
9.0 4.0 29.324075662469962111
10.0 0.0 29.223260837611839236
10.0 1.0 29.176745601154749465
10.0 2.0 29.246552356384196258
10.0 3.0 29.201364128232224715
10.0 4.0 29.282746323739036853
11.0 0.0 29.293023132056855928
11.0 1.0 29.120929460329392668
11.0 2.0 29.219627206626540783
11.0 3.0 29.257431792856976926
11.0 4.0 29.300931297637472284
12.0 0.0 29.204651234614878774
12.0 1.0 29.276129328141564656
12.0 2.0 29.209301046788031186
12.0 3.0 29.243019925128191261
12.0 4.0 29.229828784256643104
13.0 0.0 29.244677591235856084
13.0 1.0 29.151702778512763814
13.0 2.0 29.199604347214336286
13.0 3.0 29.259472897102774880
13.0 4.0 29.296298037693127014
14.0 0.0 29.306983733620118215
14.0 1.0 29.139543117005509032
14.0 2.0 29.153488744308866387
14.0 3.0 29.260946878672928761
14.0 4.0 29.296298782989055098
15.0 0.0 29.255813091859337760
15.0 1.0 29.227909752234555896
15.0 2.0 29.227911462574311940
15.0 3.0 29.169960291877320202
15.0 4.0 29.245492703362689468
16.0 0.0 29.229238655087939946
16.0 1.0 29.225562322802190351
16.0 2.0 29.232557761320158818
16.0 3.0 29.181393851845996323
16.0 4.0 29.300923637889308537
17.0 0.0 29.246512388093343304
17.0 1.0 29.207374257625485114
17.0 2.0 29.213957187926208547
17.0 3.0 29.227905609938297005
17.0 4.0 29.273343368643455875
18.0 0.0 29.204290152357906152
18.0 1.0 29.216088754426628782
18.0 2.0 29.224090213060158305
18.0 3.0 29.306980011866567537
18.0 4.0 29.199054280323970545
19.0 0.0 29.265117760702928251
19.0 1.0 29.056332131015743414
19.0 2.0 29.219186052191258085
19.0 3.0 29.246508914975855475
19.0 4.0 29.287030723898521245
20.0 0.0 29.392850207706711529
20.0 1.0 29.235579803675054933
20.0 2.0 29.216739819145377766
20.0 3.0 29.088369377792044901
20.0 4.0 29.282409651547446572
21.0 0.0 29.234936026643012497
21.0 1.0 29.181403121697872649
21.0 2.0 29.246512562080571485
21.0 3.0 29.199224300835521007
21.0 4.0 29.273162319104102380
22.0 0.0 29.204657663179123261
22.0 1.0 29.242900244914824981
22.0 2.0 29.186045307930584158
22.0 3.0 29.208068421058587916
22.0 4.0 29.296280979577321801
23.0 0.0 29.241859406028005708
23.0 1.0 29.200002073878163600
23.0 2.0 29.272833396614323931
23.0 3.0 29.234705796930889221
23.0 4.0 29.212961471639474098
24.0 0.0 29.306103727491755961
24.0 1.0 29.167439349177211483
24.0 2.0 29.227908322825307152
24.0 3.0 29.167439344724076733
24.0 4.0 29.319445313043843271
25.0 0.0 29.241845348347915490
25.0 1.0 29.156295341883183170
25.0 2.0 29.279066231365153072
25.0 3.0 29.220737694245311644
25.0 4.0 29.249648407367700997
26.0 0.0 29.302326899234667934
26.0 1.0 29.205914465306570094
26.0 2.0 29.176744473750968467
26.0 3.0 29.252680977883606772
26.0 4.0 29.212198496741979881
27.0 0.0 29.297691821296961479
27.0 1.0 29.190696900349198728
27.0 2.0 29.220017595372969055
27.0 3.0 29.246516057511794173
27.0 4.0 29.217591235623181944
28.0 0.0 29.241860645818832154
28.0 1.0 29.223258842224694831
28.0 2.0 29.232552458276884977
28.0 3.0 29.183285484427702983
28.0 4.0 29.273142259341508264
29.0 0.0 29.259497087689705808
29.0 1.0 29.199994535511315519
29.0 2.0 29.176112400701498473
29.0 3.0 29.186423649000357017
29.0 4.0 29.295087877633548601
30.0 0.0 29.209300721140188273
30.0 1.0 29.186674351074749723
30.0 2.0 29.251158067286613829
30.0 3.0 29.183501660035162217
30.0 4.0 29.268503751290378290
31.0 0.0 29.159815832991800022
31.0 1.0 29.195121986227988486
31.0 2.0 29.259717033795876517
31.0 3.0 29.232562124275819571
31.0 4.0 29.278772499387610395
32.0 0.0 29.291626231690894855
32.0 1.0 29.213956520193711697
32.0 2.0 29.134885911923831259
32.0 3.0 29.299005811191467075
32.0 4.0 29.238680518531332098
33.0 0.0 29.166171116676668618
33.0 1.0 29.176741899528973789
33.0 2.0 29.227896286529290393
33.0 3.0 29.258809838560924987
33.0 4.0 29.260445186183559940
34.0 0.0 29.294492469892151831
34.0 1.0 29.223262017162273452
34.0 2.0 29.165429585630864295
34.0 3.0 29.218603835530615243
34.0 4.0 29.244226149509600532
35.0 0.0 29.358138665799486944
35.0 1.0 29.116279505817196593
35.0 2.0 29.157700745004387244
35.0 3.0 29.244009040699012303
35.0 4.0 29.269685427943858969
36.0 0.0 29.306976929896212170
36.0 1.0 29.231578942143983113
36.0 2.0 29.181392919313392298
36.0 3.0 29.154033552880026292
36.0 4.0 29.263888419877481795
37.0 0.0 29.263248738848396613
37.0 1.0 29.153479047272021774
37.0 2.0 29.270120242617633011
37.0 3.0 29.221747860870454616
37.0 4.0 29.199071497194800884
38.0 0.0 29.241857793106429853
38.0 1.0 29.195349128416559381
38.0 2.0 29.208061459882340927
38.0 3.0 29.260469444834122044
38.0 4.0 29.288362651818850679
39.0 0.0 29.190696730225777600
39.0 1.0 29.268066481284858327
39.0 2.0 29.228476497781858967
39.0 3.0 29.200001128082934798
39.0 4.0 29.284861332495687236
40.0 0.0 29.302323219356740225
40.0 1.0 29.097675984305325869
40.0 2.0 29.345792299963768812
40.0 3.0 29.255062876333759903
40.0 4.0 29.222223094424602863
41.0 0.0 29.223260967458873694
41.0 1.0 29.141152498204490939
41.0 2.0 29.255814226914388598
41.0 3.0 29.199990967476363579
41.0 4.0 29.302126766916739342
42.0 0.0 29.306977675579442888
42.0 1.0 29.195339570223392656
42.0 2.0 29.232552170326016494
42.0 3.0 29.176743775163668460
42.0 4.0 29.230817284586734672
43.0 0.0 29.207576358135185046
43.0 1.0 29.162789630634751603
43.0 2.0 29.204650718194042014
43.0 3.0 29.297678573729950102
43.0 4.0 29.255715382022490445
44.0 0.0 29.269770290149253356
44.0 1.0 29.188665619253161054
44.0 2.0 29.186042552928466165
44.0 3.0 29.269767208898326061
44.0 4.0 29.245371302333968089
45.0 0.0 29.340918568059304761
45.0 1.0 29.110917395340369040
45.0 2.0 29.169635105248449491
45.0 3.0 29.204651106052239129
45.0 4.0 29.304274624774787839
46.0 0.0 29.284594722202911043
46.0 1.0 29.220544638047275754
46.0 2.0 29.178452587091395998
46.0 3.0 29.255810470730303052
46.0 4.0 29.194444081460183327
47.0 0.0 29.190697374566397571
47.0 1.0 29.195178574834063312
47.0 2.0 29.207153505437826624
47.0 3.0 29.227904167324130214
47.0 4.0 29.318726635827786708
48.0 0.0 29.245061841057150787
48.0 1.0 29.097675174119398633
48.0 2.0 29.196187897275102330
48.0 3.0 29.320723512516245535
48.0 4.0 29.277774908704522261
49.0 0.0 29.207615683004817697
49.0 1.0 29.232554148969615682
49.0 2.0 29.227905459144185585
49.0 3.0 29.246510427025761203
49.0 4.0 29.226852753320383016
50.0 0.0 29.202007436261627760
50.0 1.0 29.162791683392384812
50.0 2.0 29.291239080610683487
50.0 3.0 29.246511759392106455
50.0 4.0 29.273148860070332233
51.0 0.0 29.255813543484858741
51.0 1.0 29.183386977040175481
51.0 2.0 29.204649715014067368
51.0 3.0 29.165382765912596597
51.0 4.0 29.324077357063316640
52.0 0.0 29.304874787951415982
52.0 1.0 29.174221362070863250
52.0 2.0 29.225779536093849487
52.0 3.0 29.248103167084646969
52.0 4.0 29.212969886334253289
53.0 0.0 29.279067130295352683
53.0 1.0 29.196115254987876853
53.0 2.0 29.209300234668457819
53.0 3.0 29.229815954146673107
53.0 4.0 29.254628345791303445
54.0 0.0 29.204655319512358602
54.0 1.0 29.265112515215278677
54.0 2.0 29.241865947777604617
54.0 3.0 29.242376774947771878
54.0 4.0 29.240738395394764382
55.0 0.0 29.232560721506178680
55.0 1.0 29.312287804271868197
55.0 2.0 29.226864795219874793
55.0 3.0 29.228408620700815135
55.0 4.0 29.217593264444467138
56.0 0.0 29.272550366721088011
56.0 1.0 29.181391154572441593
56.0 2.0 29.227908157733445194
56.0 3.0 29.240981287742165762
56.0 4.0 29.236112428766411142
57.0 0.0 29.265113797332400480
57.0 1.0 29.139535862588612503
57.0 2.0 29.230685603206062240
57.0 3.0 29.260305252758360695
57.0 4.0 29.259262093117708758
58.0 0.0 29.204651017723730178
58.0 1.0 29.106977672945912872
58.0 2.0 29.213003939576267953
58.0 3.0 29.306981039058786820
58.0 4.0 29.337650323285576093
59.0 0.0 29.115551128560205996
59.0 1.0 29.117453015759576118
59.0 2.0 29.273030994213723233
59.0 3.0 29.297577789829645667
59.0 4.0 29.303908362797589149
60.0 0.0 29.241858915029105503
60.0 1.0 29.162787483515490550
60.0 2.0 29.266287421057381124
60.0 3.0 29.162792147001276533
60.0 4.0 29.282762293113346885
61.0 0.0 29.216623572485207916
61.0 1.0 29.162797260238338737
61.0 2.0 29.176747990365232255
61.0 3.0 29.218609407152857926
61.0 4.0 29.356476900574421052
62.0 0.0 29.189646331315575623
62.0 1.0 29.207357064001350011
62.0 2.0 29.279069082607374952
62.0 3.0 29.265101122847141824
62.0 4.0 29.247636561043133696
63.0 0.0 29.255816257099095168
63.0 1.0 29.204650542990087558
63.0 2.0 29.167441245966660546
63.0 3.0 29.237216916107939824
63.0 4.0 29.307672886626047415
64.0 0.0 29.276802265411525639
64.0 1.0 29.199999856747599125
64.0 2.0 29.158132266542008182
64.0 3.0 29.218603468942664136
64.0 4.0 29.320064585053728479
65.0 0.0 29.274419340606321782
65.0 1.0 29.220181509665632547
65.0 2.0 29.200070064908622669
65.0 3.0 29.200009819207323858
65.0 4.0 29.250215714742822115
66.0 0.0 29.214124457449397454
66.0 1.0 29.176743961924657356
66.0 2.0 29.209302746025752384
66.0 3.0 29.133661762716236865
66.0 4.0 29.347215493092626559
67.0 0.0 29.202018769678005583
67.0 1.0 29.190698776662657110
67.0 2.0 29.229069464912637244
67.0 3.0 29.311631835150883774
67.0 4.0 29.276548601650951298
68.0 0.0 29.265115131242918523
68.0 1.0 29.200000185990742096
68.0 2.0 29.232554867614975791
68.0 3.0 29.153487626113886222
68.0 4.0 29.319447124566860197
69.0 0.0 29.269770329181710622
69.0 1.0 29.136321786860332139
69.0 2.0 29.148845232582761611
69.0 3.0 29.274419529064797274
69.0 4.0 29.272571144133340937
70.0 0.0 29.279068641890734881
70.0 1.0 29.208945820269249793
70.0 2.0 29.130232254930319868
70.0 3.0 29.282249827696400502
70.0 4.0 29.277781337123190752
71.0 0.0 29.241856018228464364
71.0 1.0 29.144180371683120256
71.0 2.0 29.236911579890207946
71.0 3.0 29.320896633693006805
71.0 4.0 29.254629243235235947
72.0 0.0 29.288367048176890961
72.0 1.0 29.212032792081057408
72.0 2.0 29.195989956402485177
72.0 3.0 29.305509436514512345
72.0 4.0 29.222224993525315995
73.0 0.0 29.263729613258423257
73.0 1.0 29.120919448491701331
73.0 2.0 29.195481447624164417
73.0 3.0 29.260070305819976255
73.0 4.0 29.315151380682635818
74.0 0.0 29.185841906871115015
74.0 1.0 29.180773327437410813
74.0 2.0 29.259992038518912949
74.0 3.0 29.190695015967207837
74.0 4.0 29.292407957458777901
75.0 0.0 29.223260109597710255
75.0 1.0 29.190697153643824890
75.0 2.0 29.155983509679973764
75.0 3.0 29.195354698734746535
75.0 4.0 29.375001720646132242
76.0 0.0 29.199252322010696759
76.0 1.0 29.185219869927497172
76.0 2.0 29.291094200947682680
76.0 3.0 29.222355922571708220
76.0 4.0 29.249065359891023519
77.0 0.0 29.271292206042033968
77.0 1.0 29.153479836199377218
77.0 2.0 29.229673249844839944
77.0 3.0 29.288370488264412472
77.0 4.0 29.154797932308639474
78.0 0.0 29.288375539427203620
78.0 1.0 29.202582318596409294
78.0 2.0 29.242848937343794091
78.0 3.0 29.246510176581146823
78.0 4.0 29.175929188244776213
79.0 0.0 29.211651566360956167
79.0 1.0 29.158139212732109513
79.0 2.0 29.195357439622419804
79.0 3.0 29.255815609077920669
79.0 4.0 29.356482535435276304
80.0 0.0 29.168376955086682045
80.0 1.0 29.198303632524840623
80.0 2.0 29.148837370219879972
80.0 3.0 29.283718099380593003
80.0 4.0 29.361116381847438106
81.0 0.0 29.208625545993932349
81.0 1.0 29.245322219130560626
81.0 2.0 29.255813639605015908
81.0 3.0 29.125576012420246741
81.0 4.0 29.319445549996302702
82.0 0.0 29.221753500481746357
82.0 1.0 29.233290103922900727
82.0 2.0 29.116276243965881321
82.0 3.0 29.239150469824686240
82.0 4.0 29.240738537636548955
83.0 0.0 29.266236871233207495
83.0 1.0 29.167437335004464671
83.0 2.0 29.227906875039106893
83.0 3.0 29.204650812681880012
83.0 4.0 29.296296699273547404
84.0 0.0 29.181157629558047262
84.0 1.0 29.131261393328337306
84.0 2.0 29.237207684175373856
84.0 3.0 29.255798384338824292
84.0 4.0 29.291668221645068115
85.0 0.0 29.227904837955385631
85.0 1.0 29.316281676720741700
85.0 2.0 29.216292806281408900
85.0 3.0 29.193822401036435110
85.0 4.0 29.219044250594137679
86.0 0.0 29.267357118786591741
86.0 1.0 29.215490606309476362
86.0 2.0 29.203263256351874588
86.0 3.0 29.158125729716374508
86.0 4.0 29.325655197938459651
87.0 0.0 29.288372644015190360
87.0 1.0 29.223255321128608131
87.0 2.0 29.165839681556391838
87.0 3.0 29.232554108826253270
87.0 4.0 29.236105302689637142
88.0 0.0 29.227907711976154559
88.0 1.0 29.251156994018966628
88.0 2.0 29.186289332284978570
88.0 3.0 29.251159498223763933
88.0 4.0 29.222223449672778628
89.0 0.0 29.199176586924458832
89.0 1.0 29.221586129420881406
89.0 2.0 29.190702908382615277
89.0 3.0 29.172889546149221474
89.0 4.0 29.337973859471802029
90.0 0.0 29.232559625601719944
90.0 1.0 29.218598216705686355
90.0 2.0 29.255812573548215738
90.0 3.0 29.184886571610380912
90.0 4.0 29.249999698802863435
91.0 0.0 29.211856728521286897
91.0 1.0 29.190696667255433994
91.0 2.0 29.192459541630281450
91.0 3.0 29.330238855120484232
91.0 4.0 29.175925879373544092
92.0 0.0 29.195422280191966280
92.0 1.0 29.154217343871994927
92.0 2.0 29.267080053886193269
92.0 3.0 29.269765855120503772
92.0 4.0 29.292364898646383153
93.0 0.0 29.167455163005662655
93.0 1.0 29.260465126440987405
93.0 2.0 29.209302196666065754
93.0 3.0 29.320925681270683327
93.0 4.0 29.197015515358586413
94.0 0.0 29.199995522391812841
94.0 1.0 29.200001610091884885
94.0 2.0 29.180885117582562316
94.0 3.0 29.232556522093354090
94.0 4.0 29.344750134087188798
95.0 0.0 29.179550130675394826
95.0 1.0 29.162792631795259268
95.0 2.0 29.246514928525265020
95.0 3.0 29.288371472840523779
95.0 4.0 29.282405223099484459
96.0 0.0 29.197194718682940362
96.0 1.0 29.302325520055120478
96.0 2.0 29.186051954519790286
96.0 3.0 29.154534401932188814
96.0 4.0 29.236114849265227633
97.0 0.0 29.213935022013110654
97.0 1.0 29.171698707535782091
97.0 2.0 29.269770298427197019
97.0 3.0 29.186046782405036026
97.0 4.0 29.300924858336948375
98.0 0.0 29.265113854078418143
98.0 1.0 29.189933018245127982
98.0 2.0 29.162772207854626316
98.0 3.0 29.319452138427667620
98.0 4.0 29.244914294999016846
99.0 0.0 29.309399961754653674
99.0 1.0 29.188898117052314518
99.0 2.0 29.195351447201936423
99.0 3.0 29.189243957331587609
99.0 4.0 29.222220671214341081
