0.000000000000000000e+00 0.000000000000000000e+00 2.236003590616602033e-01
0.000000000000000000e+00 1.000000000000000000e+00 1.404073298939721159e-01
0.000000000000000000e+00 2.000000000000000000e+00 1.370150715474483805e-01
0.000000000000000000e+00 3.000000000000000000e+00 1.723073521380511508e-01
0.000000000000000000e+00 4.000000000000000000e+00 1.435629956594987322e-01
1.000000000000000000e+00 0.000000000000000000e+00 2.335817825018030591e-01
1.000000000000000000e+00 1.000000000000000000e+00 1.412483545449031985e-01
1.000000000000000000e+00 2.000000000000000000e+00 1.067520366846800850e-01
1.000000000000000000e+00 3.000000000000000000e+00 2.087436703730473075e-01
1.000000000000000000e+00 4.000000000000000000e+00 1.536560083863120485e-01
2.000000000000000000e+00 0.000000000000000000e+00 1.776558050528463661e-01
2.000000000000000000e+00 1.000000000000000000e+00 2.060520886548869723e-01
2.000000000000000000e+00 2.000000000000000000e+00 1.635910662332245857e-01
2.000000000000000000e+00 3.000000000000000000e+00 1.962213974814666639e-01
2.000000000000000000e+00 4.000000000000000000e+00 1.178149502674570859e-01
3.000000000000000000e+00 0.000000000000000000e+00 1.398551743168783834e-01
3.000000000000000000e+00 1.000000000000000000e+00 1.781807313478332433e-01
3.000000000000000000e+00 2.000000000000000000e+00 2.377606532407164630e-01
3.000000000000000000e+00 3.000000000000000000e+00 1.160984262945937567e-01
3.000000000000000000e+00 4.000000000000000000e+00 1.561537247643798587e-01
4.000000000000000000e+00 0.000000000000000000e+00 1.346297070779787497e-01
4.000000000000000000e+00 1.000000000000000000e+00 1.554612210074604872e-01
4.000000000000000000e+00 2.000000000000000000e+00 2.303657361660862157e-01
4.000000000000000000e+00 3.000000000000000000e+00 1.777709449806062769e-01
4.000000000000000000e+00 4.000000000000000000e+00 1.458224077284764608e-01
5.000000000000000000e+00 0.000000000000000000e+00 1.474765779823935807e-01
5.000000000000000000e+00 1.000000000000000000e+00 2.324916665544403127e-01
5.000000000000000000e+00 2.000000000000000000e+00 1.393508112293107004e-01
5.000000000000000000e+00 3.000000000000000000e+00 1.861498343690650425e-01
5.000000000000000000e+00 4.000000000000000000e+00 1.421225749630114776e-01
6.000000000000000000e+00 0.000000000000000000e+00 1.141953110483622386e-01
6.000000000000000000e+00 1.000000000000000000e+00 1.365488783264887374e-01
6.000000000000000000e+00 2.000000000000000000e+00 1.918637537180814812e-01
6.000000000000000000e+00 3.000000000000000000e+00 1.506348921066274771e-01
6.000000000000000000e+00 4.000000000000000000e+00 2.328987079015497896e-01
7.000000000000000000e+00 0.000000000000000000e+00 1.796404628935766579e-01
7.000000000000000000e+00 1.000000000000000000e+00 1.680038124387740195e-01
7.000000000000000000e+00 2.000000000000000000e+00 1.778987669482929579e-01
7.000000000000000000e+00 3.000000000000000000e+00 1.626598403934662873e-01
7.000000000000000000e+00 4.000000000000000000e+00 1.907167583498518282e-01
8.000000000000000000e+00 0.000000000000000000e+00 1.797047249895906973e-01
8.000000000000000000e+00 1.000000000000000000e+00 2.053718397165770759e-01
8.000000000000000000e+00 2.000000000000000000e+00 1.227994741102820669e-01
8.000000000000000000e+00 3.000000000000000000e+00 1.953569435049404834e-01
8.000000000000000000e+00 4.000000000000000000e+00 1.525166478885630894e-01
9.000000000000000000e+00 0.000000000000000000e+00 2.320188923333419140e-01
9.000000000000000000e+00 1.000000000000000000e+00 1.552866066932339917e-01
9.000000000000000000e+00 2.000000000000000000e+00 1.581887004798046559e-01
9.000000000000000000e+00 3.000000000000000000e+00 1.666164813526643251e-01
9.000000000000000000e+00 4.000000000000000000e+00 1.482027342666298597e-01
1.000000000000000000e+01 0.000000000000000000e+00 1.679891769057589024e-01
1.000000000000000000e+01 1.000000000000000000e+00 1.654068554849574824e-01
1.000000000000000000e+01 2.000000000000000000e+00 1.873330119211441824e-01
1.000000000000000000e+01 3.000000000000000000e+00 1.106577776582213235e-01
1.000000000000000000e+01 4.000000000000000000e+00 2.042861454892651030e-01
1.100000000000000000e+01 0.000000000000000000e+00 1.565058068914086664e-01
1.100000000000000000e+01 1.000000000000000000e+00 1.183476601272711731e-01
1.100000000000000000e+01 2.000000000000000000e+00 2.519564150305967365e-01
1.100000000000000000e+01 3.000000000000000000e+00 1.201116780851023275e-01
1.100000000000000000e+01 4.000000000000000000e+00 1.662415036078752073e-01
1.200000000000000000e+01 0.000000000000000000e+00 1.944237979851956843e-01
1.200000000000000000e+01 1.000000000000000000e+00 2.116622734106587411e-01
1.200000000000000000e+01 2.000000000000000000e+00 1.158868082439313690e-01
1.200000000000000000e+01 3.000000000000000000e+00 1.599466426244813833e-01
1.200000000000000000e+01 4.000000000000000000e+00 1.672371253121325563e-01
1.300000000000000000e+01 0.000000000000000000e+00 1.387158613014668751e-01
1.300000000000000000e+01 1.000000000000000000e+00 1.697201429373436932e-01
1.300000000000000000e+01 2.000000000000000000e+00 2.089635357519785963e-01
1.300000000000000000e+01 3.000000000000000000e+00 1.609709394388355586e-01
1.300000000000000000e+01 4.000000000000000000e+00 1.590347585786465734e-01
1.400000000000000000e+01 0.000000000000000000e+00 1.806808646569876831e-01
1.400000000000000000e+01 1.000000000000000000e+00 1.134434096593613106e-01
1.400000000000000000e+01 2.000000000000000000e+00 2.104452765870375719e-01
1.400000000000000000e+01 3.000000000000000000e+00 2.123318584853195190e-01
1.400000000000000000e+01 4.000000000000000000e+00 1.327501392142927950e-01
1.500000000000000000e+01 0.000000000000000000e+00 1.727724248083325198e-01
1.500000000000000000e+01 1.000000000000000000e+00 1.523525460013790411e-01
1.500000000000000000e+01 2.000000000000000000e+00 1.928328257955394809e-01
1.500000000000000000e+01 3.000000000000000000e+00 1.689206799864067798e-01
1.500000000000000000e+01 4.000000000000000000e+00 1.526128111947849253e-01
1.600000000000000000e+01 0.000000000000000000e+00 1.945756422685311071e-01
1.600000000000000000e+01 1.000000000000000000e+00 1.883830143040449434e-01
1.600000000000000000e+01 2.000000000000000000e+00 1.095646480214347990e-01
1.600000000000000000e+01 3.000000000000000000e+00 1.926985652989594289e-01
1.600000000000000000e+01 4.000000000000000000e+00 1.835802751330580518e-01
1.700000000000000000e+01 0.000000000000000000e+00 2.227944659173558828e-01
1.700000000000000000e+01 1.000000000000000000e+00 1.678106632414359811e-01
1.700000000000000000e+01 2.000000000000000000e+00 1.475574284114248291e-01
1.700000000000000000e+01 3.000000000000000000e+00 1.738040020269307206e-01
1.700000000000000000e+01 4.000000000000000000e+00 1.454379680667001185e-01
1.800000000000000000e+01 0.000000000000000000e+00 1.749964081100255087e-01
1.800000000000000000e+01 1.000000000000000000e+00 1.930754892975299342e-01
1.800000000000000000e+01 2.000000000000000000e+00 1.737231982425435917e-01
1.800000000000000000e+01 3.000000000000000000e+00 1.779128259818238134e-01
1.800000000000000000e+01 4.000000000000000000e+00 1.314929584101170168e-01
1.900000000000000000e+01 0.000000000000000000e+00 1.794781853817946082e-01
1.900000000000000000e+01 1.000000000000000000e+00 2.087917847273010885e-01
1.900000000000000000e+01 2.000000000000000000e+00 1.562102622480730785e-01
1.900000000000000000e+01 3.000000000000000000e+00 1.363585880042720022e-01
1.900000000000000000e+01 4.000000000000000000e+00 1.697624854634018909e-01
2.000000000000000000e+01 0.000000000000000000e+00 1.515259260761515070e-01
2.000000000000000000e+01 1.000000000000000000e+00 1.608289756977539231e-01
2.000000000000000000e+01 2.000000000000000000e+00 1.486427172593762780e-01
2.000000000000000000e+01 3.000000000000000000e+00 2.096623345897559165e-01
2.000000000000000000e+01 4.000000000000000000e+00 1.520243319376373692e-01
2.100000000000000000e+01 0.000000000000000000e+00 1.475212744719136548e-01
2.100000000000000000e+01 1.000000000000000000e+00 1.636598229439548691e-01
2.100000000000000000e+01 2.000000000000000000e+00 1.646029798562529955e-01
2.100000000000000000e+01 3.000000000000000000e+00 2.099953652380847913e-01
2.100000000000000000e+01 4.000000000000000000e+00 1.452853989592008399e-01
2.200000000000000000e+01 0.000000000000000000e+00 1.680191081253326613e-01
2.200000000000000000e+01 1.000000000000000000e+00 1.406507844069929680e-01
2.200000000000000000e+01 2.000000000000000000e+00 2.117631353752980339e-01
2.200000000000000000e+01 3.000000000000000000e+00 1.546794322490047113e-01
2.200000000000000000e+01 4.000000000000000000e+00 1.578259940067120171e-01
2.300000000000000000e+01 0.000000000000000000e+00 1.650884967771191481e-01
2.300000000000000000e+01 1.000000000000000000e+00 1.362760429449466626e-01
2.300000000000000000e+01 2.000000000000000000e+00 2.153418663220046936e-01
2.300000000000000000e+01 3.000000000000000000e+00 1.511513741647502185e-01
2.300000000000000000e+01 4.000000000000000000e+00 1.897415553858061432e-01
2.400000000000000000e+01 0.000000000000000000e+00 1.666891624325003707e-01
2.400000000000000000e+01 1.000000000000000000e+00 1.694150613307434106e-01
2.400000000000000000e+01 2.000000000000000000e+00 1.180160942743535835e-01
2.400000000000000000e+01 3.000000000000000000e+00 1.867465610219634364e-01
2.400000000000000000e+01 4.000000000000000000e+00 1.953613760089593088e-01
2.500000000000000000e+01 0.000000000000000000e+00 1.928358113064494728e-01
2.500000000000000000e+01 1.000000000000000000e+00 1.570505177391002261e-01
2.500000000000000000e+01 2.000000000000000000e+00 1.867292556699052253e-01
2.500000000000000000e+01 3.000000000000000000e+00 1.686634300788530938e-01
2.500000000000000000e+01 4.000000000000000000e+00 1.002217713379870284e-01
2.600000000000000000e+01 0.000000000000000000e+00 2.036075881391881393e-01
2.600000000000000000e+01 1.000000000000000000e+00 2.362042661101358410e-01
2.600000000000000000e+01 2.000000000000000000e+00 1.286462565950586279e-01
2.600000000000000000e+01 3.000000000000000000e+00 1.341551396918239103e-01
2.600000000000000000e+01 4.000000000000000000e+00 1.284459696745938184e-01
2.700000000000000000e+01 0.000000000000000000e+00 1.897340279298320165e-01
2.700000000000000000e+01 1.000000000000000000e+00 1.479554240744248295e-01
2.700000000000000000e+01 2.000000000000000000e+00 1.747455538305027201e-01
2.700000000000000000e+01 3.000000000000000000e+00 1.623414731372725683e-01
2.700000000000000000e+01 4.000000000000000000e+00 1.714912388642637342e-01
2.800000000000000000e+01 0.000000000000000000e+00 1.443957976254706954e-01
2.800000000000000000e+01 1.000000000000000000e+00 2.185862498027738576e-01
2.800000000000000000e+01 2.000000000000000000e+00 1.293040513241297262e-01
2.800000000000000000e+01 3.000000000000000000e+00 1.960427984045370609e-01
2.800000000000000000e+01 4.000000000000000000e+00 1.597681852381503398e-01
2.900000000000000000e+01 0.000000000000000000e+00 1.915894826234033621e-01
2.900000000000000000e+01 1.000000000000000000e+00 1.316587657520116028e-01
2.900000000000000000e+01 2.000000000000000000e+00 1.542714292575549373e-01
2.900000000000000000e+01 3.000000000000000000e+00 1.720669603570512962e-01
2.900000000000000000e+01 4.000000000000000000e+00 1.623095145925698146e-01
3.000000000000000000e+01 0.000000000000000000e+00 1.597746143909754002e-01
3.000000000000000000e+01 1.000000000000000000e+00 1.821781001478821882e-01
3.000000000000000000e+01 2.000000000000000000e+00 1.831819847767751641e-01
3.000000000000000000e+01 3.000000000000000000e+00 1.883106392818535979e-01
3.000000000000000000e+01 4.000000000000000000e+00 1.365351488703147043e-01
3.100000000000000000e+01 0.000000000000000000e+00 1.484342229766880128e-01
3.100000000000000000e+01 1.000000000000000000e+00 1.601433073626764847e-01
3.100000000000000000e+01 2.000000000000000000e+00 1.552986753163945466e-01
3.100000000000000000e+01 3.000000000000000000e+00 1.166778121945857699e-01
3.100000000000000000e+01 4.000000000000000000e+00 2.209946749402785515e-01
3.200000000000000000e+01 0.000000000000000000e+00 1.935152837184206664e-01
3.200000000000000000e+01 1.000000000000000000e+00 1.280872806242994433e-01
3.200000000000000000e+01 2.000000000000000000e+00 2.198078895871487803e-01
3.200000000000000000e+01 3.000000000000000000e+00 1.373961607122187734e-01
3.200000000000000000e+01 4.000000000000000000e+00 1.777922669233549524e-01
3.300000000000000000e+01 0.000000000000000000e+00 1.752046859561934566e-01
3.300000000000000000e+01 1.000000000000000000e+00 1.945776632737448997e-01
3.300000000000000000e+01 2.000000000000000000e+00 1.865816783185058336e-01
3.300000000000000000e+01 3.000000000000000000e+00 1.554713382214702733e-01
3.300000000000000000e+01 4.000000000000000000e+00 1.425226870424200487e-01
3.400000000000000000e+01 0.000000000000000000e+00 1.940985149969469137e-01
3.400000000000000000e+01 1.000000000000000000e+00 1.383662144464455623e-01
3.400000000000000000e+01 2.000000000000000000e+00 1.586798442098016348e-01
3.400000000000000000e+01 3.000000000000000000e+00 1.119639803823287427e-01
3.400000000000000000e+01 4.000000000000000000e+00 2.243550831263475820e-01
3.500000000000000000e+01 0.000000000000000000e+00 1.421943522633986046e-01
3.500000000000000000e+01 1.000000000000000000e+00 1.621077460313489760e-01
3.500000000000000000e+01 2.000000000000000000e+00 1.843991962465837964e-01
3.500000000000000000e+01 3.000000000000000000e+00 1.483733705774477885e-01
3.500000000000000000e+01 4.000000000000000000e+00 1.874435849797253528e-01
3.600000000000000000e+01 0.000000000000000000e+00 2.437750039079477071e-01
3.600000000000000000e+01 1.000000000000000000e+00 1.473456782193444392e-01
3.600000000000000000e+01 2.000000000000000000e+00 1.569010629778949117e-01
3.600000000000000000e+01 3.000000000000000000e+00 1.410626886330136331e-01
3.600000000000000000e+01 4.000000000000000000e+00 1.772046301297263982e-01
3.700000000000000000e+01 0.000000000000000000e+00 1.329181000532281554e-01
3.700000000000000000e+01 1.000000000000000000e+00 1.787828013593414922e-01
3.700000000000000000e+01 2.000000000000000000e+00 1.390504099110621838e-01
3.700000000000000000e+01 3.000000000000000000e+00 2.080068219697889520e-01
3.700000000000000000e+01 4.000000000000000000e+00 1.686748198379572072e-01
3.800000000000000000e+01 0.000000000000000000e+00 1.841762098213677590e-01
3.800000000000000000e+01 1.000000000000000000e+00 1.638198673349187118e-01
3.800000000000000000e+01 2.000000000000000000e+00 1.708648859898732331e-01
3.800000000000000000e+01 3.000000000000000000e+00 1.656750198653408057e-01
3.800000000000000000e+01 4.000000000000000000e+00 1.700594519113123038e-01
3.900000000000000000e+01 0.000000000000000000e+00 1.649691859868142041e-01
3.900000000000000000e+01 1.000000000000000000e+00 1.435378964679600855e-01
3.900000000000000000e+01 2.000000000000000000e+00 1.797109597233838008e-01
3.900000000000000000e+01 3.000000000000000000e+00 1.879669755580699042e-01
3.900000000000000000e+01 4.000000000000000000e+00 1.572030814521690190e-01
4.000000000000000000e+01 0.000000000000000000e+00 1.859063438462576212e-01
4.000000000000000000e+01 1.000000000000000000e+00 1.818815606757367143e-01
4.000000000000000000e+01 2.000000000000000000e+00 1.658242631907875519e-01
4.000000000000000000e+01 3.000000000000000000e+00 1.570919875622979189e-01
4.000000000000000000e+01 4.000000000000000000e+00 1.314332942516775460e-01
4.100000000000000000e+01 0.000000000000000000e+00 1.305689523834822896e-01
4.100000000000000000e+01 1.000000000000000000e+00 1.716654418313593444e-01
4.100000000000000000e+01 2.000000000000000000e+00 1.941707613015520029e-01
4.100000000000000000e+01 3.000000000000000000e+00 1.672514124098621047e-01
4.100000000000000000e+01 4.000000000000000000e+00 1.482737529313438996e-01
4.200000000000000000e+01 0.000000000000000000e+00 1.867800054280830402e-01
4.200000000000000000e+01 1.000000000000000000e+00 1.514205373712770586e-01
4.200000000000000000e+01 2.000000000000000000e+00 1.921222026946994565e-01
4.200000000000000000e+01 3.000000000000000000e+00 1.707774500641775495e-01
4.200000000000000000e+01 4.000000000000000000e+00 1.388024302701896529e-01
4.300000000000000000e+01 0.000000000000000000e+00 1.648328058848445854e-01
4.300000000000000000e+01 1.000000000000000000e+00 1.656657427399739202e-01
4.300000000000000000e+01 2.000000000000000000e+00 1.960557391657473114e-01
4.300000000000000000e+01 3.000000000000000000e+00 1.777507725728991184e-01
4.300000000000000000e+01 4.000000000000000000e+00 1.428539755493256902e-01
4.400000000000000000e+01 0.000000000000000000e+00 1.776759399185835753e-01
4.400000000000000000e+01 1.000000000000000000e+00 1.275588369615703321e-01
4.400000000000000000e+01 2.000000000000000000e+00 1.699012886777054865e-01
4.400000000000000000e+01 3.000000000000000000e+00 2.034238912478996131e-01
4.400000000000000000e+01 4.000000000000000000e+00 1.626259568809901856e-01
4.500000000000000000e+01 0.000000000000000000e+00 1.711077290941007689e-01
4.500000000000000000e+01 1.000000000000000000e+00 1.274141300721177428e-01
4.500000000000000000e+01 2.000000000000000000e+00 1.505618243097686382e-01
4.500000000000000000e+01 3.000000000000000000e+00 2.368300877936213855e-01
4.500000000000000000e+01 4.000000000000000000e+00 1.256018676722474581e-01
4.600000000000000000e+01 0.000000000000000000e+00 2.308805713780212876e-01
4.600000000000000000e+01 1.000000000000000000e+00 9.691182405938517097e-02
4.600000000000000000e+01 2.000000000000000000e+00 1.861933783164085587e-01
4.600000000000000000e+01 3.000000000000000000e+00 1.897367446291464144e-01
4.600000000000000000e+01 4.000000000000000000e+00 1.176349801101731346e-01
4.700000000000000000e+01 0.000000000000000000e+00 1.380080461909527489e-01
4.700000000000000000e+01 1.000000000000000000e+00 1.594944969066423579e-01
4.700000000000000000e+01 2.000000000000000000e+00 1.301067434790668109e-01
4.700000000000000000e+01 3.000000000000000000e+00 2.298851745526095391e-01
4.700000000000000000e+01 4.000000000000000000e+00 1.599156636266300946e-01
4.800000000000000000e+01 0.000000000000000000e+00 1.539910755297713707e-01
4.800000000000000000e+01 1.000000000000000000e+00 1.792518478928597503e-01
4.800000000000000000e+01 2.000000000000000000e+00 1.315958342427108463e-01
4.800000000000000000e+01 3.000000000000000000e+00 1.817175631884522802e-01
4.800000000000000000e+01 4.000000000000000000e+00 2.053293328739665136e-01
4.900000000000000000e+01 0.000000000000000000e+00 1.772686964369258322e-01
4.900000000000000000e+01 1.000000000000000000e+00 1.599548728319055146e-01
4.900000000000000000e+01 2.000000000000000000e+00 1.788931510940491576e-01
4.900000000000000000e+01 3.000000000000000000e+00 1.848800051535343381e-01
4.900000000000000000e+01 4.000000000000000000e+00 1.666021117427288201e-01
5.000000000000000000e+01 0.000000000000000000e+00 1.844236385258508915e-01
5.000000000000000000e+01 1.000000000000000000e+00 2.384070295453511734e-01
5.000000000000000000e+01 2.000000000000000000e+00 1.176273585864737181e-01
5.000000000000000000e+01 3.000000000000000000e+00 1.545051032331206109e-01
5.000000000000000000e+01 4.000000000000000000e+00 1.580574461123935570e-01
5.100000000000000000e+01 0.000000000000000000e+00 1.788238700163777839e-01
5.100000000000000000e+01 1.000000000000000000e+00 1.791185793950337002e-01
5.100000000000000000e+01 2.000000000000000000e+00 1.455395046740190490e-01
5.100000000000000000e+01 3.000000000000000000e+00 1.610346561298363066e-01
5.100000000000000000e+01 4.000000000000000000e+00 1.755555395725885981e-01
5.200000000000000000e+01 0.000000000000000000e+00 1.688957418989905090e-01
5.200000000000000000e+01 1.000000000000000000e+00 1.478271521621157825e-01
5.200000000000000000e+01 2.000000000000000000e+00 1.519982651389386874e-01
5.200000000000000000e+01 3.000000000000000000e+00 2.104427263909180446e-01
5.200000000000000000e+01 4.000000000000000000e+00 1.786635664324182637e-01
5.300000000000000000e+01 0.000000000000000000e+00 1.525533425103891838e-01
5.300000000000000000e+01 1.000000000000000000e+00 1.290720855918645882e-01
5.300000000000000000e+01 2.000000000000000000e+00 1.658093305251248095e-01
5.300000000000000000e+01 3.000000000000000000e+00 2.034049949270688440e-01
5.300000000000000000e+01 4.000000000000000000e+00 1.593690243173614129e-01
5.400000000000000000e+01 0.000000000000000000e+00 1.532671539140910144e-01
5.400000000000000000e+01 1.000000000000000000e+00 1.618671111145854880e-01
5.400000000000000000e+01 2.000000000000000000e+00 1.957305343125594899e-01
5.400000000000000000e+01 3.000000000000000000e+00 1.733932311432910267e-01
5.400000000000000000e+01 4.000000000000000000e+00 1.612584323948420828e-01
5.500000000000000000e+01 0.000000000000000000e+00 1.989213966905918063e-01
5.500000000000000000e+01 1.000000000000000000e+00 1.104455221932959530e-01
5.500000000000000000e+01 2.000000000000000000e+00 1.867553699278831081e-01
5.500000000000000000e+01 3.000000000000000000e+00 1.400983784885850569e-01
5.500000000000000000e+01 4.000000000000000000e+00 2.154838794593961770e-01
5.600000000000000000e+01 0.000000000000000000e+00 1.747156615168164728e-01
5.600000000000000000e+01 1.000000000000000000e+00 1.454114068775040902e-01
5.600000000000000000e+01 2.000000000000000000e+00 1.694359112776372411e-01
5.600000000000000000e+01 3.000000000000000000e+00 2.538289785372250251e-01
5.600000000000000000e+01 4.000000000000000000e+00 9.237811018564544285e-02
5.700000000000000000e+01 0.000000000000000000e+00 1.801007739848937139e-01
5.700000000000000000e+01 1.000000000000000000e+00 1.490772326567527950e-01
5.700000000000000000e+01 2.000000000000000000e+00 1.441154162795118820e-01
5.700000000000000000e+01 3.000000000000000000e+00 1.827456001253384144e-01
5.700000000000000000e+01 4.000000000000000000e+00 1.836011337738620575e-01
5.800000000000000000e+01 0.000000000000000000e+00 1.666594361093709231e-01
5.800000000000000000e+01 1.000000000000000000e+00 1.255675942329406714e-01
5.800000000000000000e+01 2.000000000000000000e+00 1.911147624459777206e-01
5.800000000000000000e+01 3.000000000000000000e+00 1.541037237157952267e-01
5.800000000000000000e+01 4.000000000000000000e+00 2.007641764755905556e-01
5.900000000000000000e+01 0.000000000000000000e+00 1.689643395176588236e-01
5.900000000000000000e+01 1.000000000000000000e+00 1.219486423662577285e-01
5.900000000000000000e+01 2.000000000000000000e+00 2.005139970344886058e-01
5.900000000000000000e+01 3.000000000000000000e+00 1.401997303420940699e-01
5.900000000000000000e+01 4.000000000000000000e+00 2.169364610786850833e-01
6.000000000000000000e+01 0.000000000000000000e+00 2.011803927619864318e-01
6.000000000000000000e+01 1.000000000000000000e+00 1.960604952900663056e-01
6.000000000000000000e+01 2.000000000000000000e+00 1.627718307597799119e-01
6.000000000000000000e+01 3.000000000000000000e+00 1.834039997268056554e-01
6.000000000000000000e+01 4.000000000000000000e+00 1.416268492981038185e-01
6.100000000000000000e+01 0.000000000000000000e+00 1.917078202711586521e-01
6.100000000000000000e+01 1.000000000000000000e+00 1.798893126436492684e-01
6.100000000000000000e+01 2.000000000000000000e+00 1.915204532006706817e-01
6.100000000000000000e+01 3.000000000000000000e+00 1.443939146176672905e-01
6.100000000000000000e+01 4.000000000000000000e+00 1.615514240789361067e-01
6.200000000000000000e+01 0.000000000000000000e+00 1.280332430025069856e-01
6.200000000000000000e+01 1.000000000000000000e+00 1.582486357221986328e-01
6.200000000000000000e+01 2.000000000000000000e+00 1.413686953760106835e-01
6.200000000000000000e+01 3.000000000000000000e+00 1.887893915498418118e-01
6.200000000000000000e+01 4.000000000000000000e+00 2.514311152245060632e-01
6.300000000000000000e+01 0.000000000000000000e+00 1.569545396514072377e-01
6.300000000000000000e+01 1.000000000000000000e+00 1.680729456609394434e-01
6.300000000000000000e+01 2.000000000000000000e+00 1.677193645690023827e-01
6.300000000000000000e+01 3.000000000000000000e+00 1.795417656589023692e-01
6.300000000000000000e+01 4.000000000000000000e+00 1.694973517111847960e-01
6.400000000000000000e+01 0.000000000000000000e+00 2.391564359733614198e-01
6.400000000000000000e+01 1.000000000000000000e+00 1.275523697308766635e-01
6.400000000000000000e+01 2.000000000000000000e+00 2.034544279431222125e-01
6.400000000000000000e+01 3.000000000000000000e+00 1.600163075778848198e-01
6.400000000000000000e+01 4.000000000000000000e+00 7.924490010260810957e-02
6.500000000000000000e+01 0.000000000000000000e+00 1.346561934854089704e-01
6.500000000000000000e+01 1.000000000000000000e+00 2.520386978040937143e-01
6.500000000000000000e+01 2.000000000000000000e+00 1.854853466927690320e-01
6.500000000000000000e+01 3.000000000000000000e+00 1.419444583525508730e-01
6.500000000000000000e+01 4.000000000000000000e+00 1.590443347894406612e-01
6.600000000000000000e+01 0.000000000000000000e+00 1.775476230402047439e-01
6.600000000000000000e+01 1.000000000000000000e+00 1.512146296857106720e-01
6.600000000000000000e+01 2.000000000000000000e+00 1.591018759788764558e-01
6.600000000000000000e+01 3.000000000000000000e+00 1.635068962058038589e-01
6.600000000000000000e+01 4.000000000000000000e+00 1.830165761186887674e-01
6.700000000000000000e+01 0.000000000000000000e+00 1.389579525133466942e-01
6.700000000000000000e+01 1.000000000000000000e+00 2.324527587949395402e-01
6.700000000000000000e+01 2.000000000000000000e+00 1.366259015805565136e-01
6.700000000000000000e+01 3.000000000000000000e+00 1.228765375740715621e-01
6.700000000000000000e+01 4.000000000000000000e+00 2.034147106516280279e-01
6.800000000000000000e+01 0.000000000000000000e+00 1.757733937036785321e-01
6.800000000000000000e+01 1.000000000000000000e+00 1.025939418056773939e-01
6.800000000000000000e+01 2.000000000000000000e+00 2.058898311765919587e-01
6.800000000000000000e+01 3.000000000000000000e+00 1.980072450993643207e-01
6.800000000000000000e+01 4.000000000000000000e+00 1.414160596358652044e-01
6.900000000000000000e+01 0.000000000000000000e+00 1.740028116201413899e-01
6.900000000000000000e+01 1.000000000000000000e+00 1.259681563418716954e-01
6.900000000000000000e+01 2.000000000000000000e+00 2.032719522171957394e-01
6.900000000000000000e+01 3.000000000000000000e+00 1.652934983827769599e-01
6.900000000000000000e+01 4.000000000000000000e+00 1.793363512239989077e-01
7.000000000000000000e+01 0.000000000000000000e+00 1.765127123624407601e-01
7.000000000000000000e+01 1.000000000000000000e+00 1.663842830904764813e-01
7.000000000000000000e+01 2.000000000000000000e+00 1.649327378705640612e-01
7.000000000000000000e+01 3.000000000000000000e+00 1.333819468539397257e-01
7.000000000000000000e+01 4.000000000000000000e+00 2.169172165794712726e-01
7.100000000000000000e+01 0.000000000000000000e+00 2.218592779453935626e-01
7.100000000000000000e+01 1.000000000000000000e+00 1.240149407266347287e-01
7.100000000000000000e+01 2.000000000000000000e+00 1.980264299086063606e-01
7.100000000000000000e+01 3.000000000000000000e+00 1.615754455495516662e-01
7.100000000000000000e+01 4.000000000000000000e+00 1.614063806399805290e-01
7.200000000000000000e+01 0.000000000000000000e+00 2.138738744212476672e-01
7.200000000000000000e+01 1.000000000000000000e+00 1.069196402410806934e-01
7.200000000000000000e+01 2.000000000000000000e+00 1.365395844536229641e-01
7.200000000000000000e+01 3.000000000000000000e+00 1.749116146577533726e-01
7.200000000000000000e+01 4.000000000000000000e+00 2.051542601532714005e-01
7.300000000000000000e+01 0.000000000000000000e+00 1.726887192308526608e-01
7.300000000000000000e+01 1.000000000000000000e+00 1.239004798406632551e-01
7.300000000000000000e+01 2.000000000000000000e+00 1.603700338476193310e-01
7.300000000000000000e+01 3.000000000000000000e+00 2.371836855892242024e-01
7.300000000000000000e+01 4.000000000000000000e+00 1.524505567709412979e-01
7.400000000000000000e+01 0.000000000000000000e+00 1.088842114110857712e-01
7.400000000000000000e+01 1.000000000000000000e+00 1.840829800509414249e-01
7.400000000000000000e+01 2.000000000000000000e+00 1.743239323389214335e-01
7.400000000000000000e+01 3.000000000000000000e+00 2.469722900419193123e-01
7.400000000000000000e+01 4.000000000000000000e+00 1.396690483451989706e-01
7.500000000000000000e+01 0.000000000000000000e+00 1.930907956606738030e-01
7.500000000000000000e+01 1.000000000000000000e+00 1.595948060326182194e-01
7.500000000000000000e+01 2.000000000000000000e+00 1.728111679280624480e-01
7.500000000000000000e+01 3.000000000000000000e+00 1.699073087763375567e-01
7.500000000000000000e+01 4.000000000000000000e+00 1.548603521504361702e-01
7.600000000000000000e+01 0.000000000000000000e+00 1.626891164167678372e-01
7.600000000000000000e+01 1.000000000000000000e+00 1.611255932245820865e-01
7.600000000000000000e+01 2.000000000000000000e+00 1.766333081383305581e-01
7.600000000000000000e+01 3.000000000000000000e+00 1.875100018457804552e-01
7.600000000000000000e+01 4.000000000000000000e+00 1.729115470082929207e-01
7.700000000000000000e+01 0.000000000000000000e+00 1.813989299864772475e-01
7.700000000000000000e+01 1.000000000000000000e+00 1.217080704716427264e-01
7.700000000000000000e+01 2.000000000000000000e+00 1.725283553715489526e-01
7.700000000000000000e+01 3.000000000000000000e+00 1.733933899426100822e-01
7.700000000000000000e+01 4.000000000000000000e+00 2.197318496923313658e-01
7.800000000000000000e+01 0.000000000000000000e+00 1.209684929557483801e-01
7.800000000000000000e+01 1.000000000000000000e+00 1.659272732915422210e-01
7.800000000000000000e+01 2.000000000000000000e+00 2.201368368216424787e-01
7.800000000000000000e+01 3.000000000000000000e+00 1.632139914081569554e-01
7.800000000000000000e+01 4.000000000000000000e+00 1.521330960288778955e-01
7.900000000000000000e+01 0.000000000000000000e+00 1.707393922386741536e-01
7.900000000000000000e+01 1.000000000000000000e+00 1.255628683914160604e-01
7.900000000000000000e+01 2.000000000000000000e+00 1.996625553672337072e-01
7.900000000000000000e+01 3.000000000000000000e+00 1.901855420765256321e-01
7.900000000000000000e+01 4.000000000000000000e+00 1.546370123671553520e-01
8.000000000000000000e+01 0.000000000000000000e+00 1.708109607613781666e-01
8.000000000000000000e+01 1.000000000000000000e+00 2.012046389720500983e-01
8.000000000000000000e+01 2.000000000000000000e+00 1.291758722597458053e-01
8.000000000000000000e+01 3.000000000000000000e+00 1.561304634776048417e-01
8.000000000000000000e+01 4.000000000000000000e+00 1.858701707585185547e-01
8.100000000000000000e+01 0.000000000000000000e+00 1.748551038697828963e-01
8.100000000000000000e+01 1.000000000000000000e+00 1.168435480785122160e-01
8.100000000000000000e+01 2.000000000000000000e+00 2.397671263515224749e-01
8.100000000000000000e+01 3.000000000000000000e+00 1.357195424919092341e-01
8.100000000000000000e+01 4.000000000000000000e+00 1.342207864191999611e-01
8.200000000000000000e+01 0.000000000000000000e+00 1.417307641196229873e-01
8.200000000000000000e+01 1.000000000000000000e+00 1.477236138020907030e-01
8.200000000000000000e+01 2.000000000000000000e+00 2.541224357721365568e-01
8.200000000000000000e+01 3.000000000000000000e+00 1.246203113805025992e-01
8.200000000000000000e+01 4.000000000000000000e+00 1.443689322266192288e-01
8.300000000000000000e+01 0.000000000000000000e+00 1.467515009777733137e-01
8.300000000000000000e+01 1.000000000000000000e+00 2.025946356492530909e-01
8.300000000000000000e+01 2.000000000000000000e+00 1.802851430958764545e-01
8.300000000000000000e+01 3.000000000000000000e+00 1.873790884895292774e-01
8.300000000000000000e+01 4.000000000000000000e+00 1.456117153645525020e-01
8.400000000000000000e+01 0.000000000000000000e+00 2.135073374939561175e-01
8.400000000000000000e+01 1.000000000000000000e+00 1.359296115633225888e-01
8.400000000000000000e+01 2.000000000000000000e+00 1.778761754132078821e-01
8.400000000000000000e+01 3.000000000000000000e+00 1.387861959452296456e-01
8.400000000000000000e+01 4.000000000000000000e+00 1.959786161634416157e-01
8.500000000000000000e+01 0.000000000000000000e+00 2.189311576069744580e-01
8.500000000000000000e+01 1.000000000000000000e+00 1.854310988479457301e-01
8.500000000000000000e+01 2.000000000000000000e+00 1.572764903428608141e-01
8.500000000000000000e+01 3.000000000000000000e+00 1.537680840582179020e-01
8.500000000000000000e+01 4.000000000000000000e+00 8.957511842540107072e-02
8.600000000000000000e+01 0.000000000000000000e+00 1.707335881546173106e-01
8.600000000000000000e+01 1.000000000000000000e+00 1.440819208090110548e-01
8.600000000000000000e+01 2.000000000000000000e+00 1.773023445967631395e-01
8.600000000000000000e+01 3.000000000000000000e+00 1.654865413264376139e-01
8.600000000000000000e+01 4.000000000000000000e+00 2.005485836530283561e-01
8.700000000000000000e+01 0.000000000000000000e+00 1.200519672919707626e-01
8.700000000000000000e+01 1.000000000000000000e+00 1.959367961831060267e-01
8.700000000000000000e+01 2.000000000000000000e+00 1.388679770687710480e-01
8.700000000000000000e+01 3.000000000000000000e+00 2.013900571922861427e-01
8.700000000000000000e+01 4.000000000000000000e+00 1.477131351845274720e-01
8.800000000000000000e+01 0.000000000000000000e+00 1.996976111370737939e-01
8.800000000000000000e+01 1.000000000000000000e+00 2.089939780022866123e-01
8.800000000000000000e+01 2.000000000000000000e+00 1.035304779154035820e-01
8.800000000000000000e+01 3.000000000000000000e+00 1.414924275795138020e-01
8.800000000000000000e+01 4.000000000000000000e+00 1.994541054301710026e-01
8.900000000000000000e+01 0.000000000000000000e+00 1.627767196106526260e-01
8.900000000000000000e+01 1.000000000000000000e+00 2.194664801403325982e-01
8.900000000000000000e+01 2.000000000000000000e+00 1.377207459802624323e-01
8.900000000000000000e+01 3.000000000000000000e+00 1.552766712434452967e-01
8.900000000000000000e+01 4.000000000000000000e+00 1.197311765962932872e-01
9.000000000000000000e+01 0.000000000000000000e+00 1.908176980888383889e-01
9.000000000000000000e+01 1.000000000000000000e+00 1.351228233665311973e-01
9.000000000000000000e+01 2.000000000000000000e+00 2.021521256537180122e-01
9.000000000000000000e+01 3.000000000000000000e+00 1.857305527041336335e-01
9.000000000000000000e+01 4.000000000000000000e+00 1.443713366595445746e-01
9.100000000000000000e+01 0.000000000000000000e+00 1.356259302922839804e-01
9.100000000000000000e+01 1.000000000000000000e+00 1.792332353615335161e-01
9.100000000000000000e+01 2.000000000000000000e+00 1.292812716513566662e-01
9.100000000000000000e+01 3.000000000000000000e+00 1.580528930125013609e-01
9.100000000000000000e+01 4.000000000000000000e+00 1.991364321453027442e-01
9.200000000000000000e+01 0.000000000000000000e+00 1.653511853010041222e-01
9.200000000000000000e+01 1.000000000000000000e+00 1.740102861449475125e-01
9.200000000000000000e+01 2.000000000000000000e+00 2.022281423230223307e-01
9.200000000000000000e+01 3.000000000000000000e+00 1.696456502664432930e-01
9.200000000000000000e+01 4.000000000000000000e+00 1.175115002625004984e-01
9.300000000000000000e+01 0.000000000000000000e+00 1.476396279231933784e-01
9.300000000000000000e+01 1.000000000000000000e+00 1.562398137863397762e-01
9.300000000000000000e+01 2.000000000000000000e+00 1.973242287954148355e-01
9.300000000000000000e+01 3.000000000000000000e+00 1.205874501658314307e-01
9.300000000000000000e+01 4.000000000000000000e+00 1.789423534772667246e-01
9.400000000000000000e+01 0.000000000000000000e+00 2.297799217592315923e-01
9.400000000000000000e+01 1.000000000000000000e+00 1.263638576152725235e-01
9.400000000000000000e+01 2.000000000000000000e+00 1.778664635567079877e-01
9.400000000000000000e+01 3.000000000000000000e+00 1.488908479862237899e-01
9.400000000000000000e+01 4.000000000000000000e+00 2.016051945743221607e-01
9.500000000000000000e+01 0.000000000000000000e+00 1.185023062489475587e-01
9.500000000000000000e+01 1.000000000000000000e+00 2.036632274395831776e-01
9.500000000000000000e+01 2.000000000000000000e+00 1.676608118060920194e-01
9.500000000000000000e+01 3.000000000000000000e+00 1.914285011796127145e-01
9.500000000000000000e+01 4.000000000000000000e+00 1.311876171865968277e-01
9.600000000000000000e+01 0.000000000000000000e+00 1.811213143677560256e-01
9.600000000000000000e+01 1.000000000000000000e+00 1.366967992075389382e-01
9.600000000000000000e+01 2.000000000000000000e+00 1.613787237829822363e-01
9.600000000000000000e+01 3.000000000000000000e+00 1.628415764345166883e-01
9.600000000000000000e+01 4.000000000000000000e+00 2.003199492279511273e-01
9.700000000000000000e+01 0.000000000000000000e+00 1.949763562336331024e-01
9.700000000000000000e+01 1.000000000000000000e+00 1.548743374174829102e-01
9.700000000000000000e+01 2.000000000000000000e+00 1.439823429478186978e-01
9.700000000000000000e+01 3.000000000000000000e+00 1.519310776474928348e-01
9.700000000000000000e+01 4.000000000000000000e+00 1.684136728044706155e-01
9.800000000000000000e+01 0.000000000000000000e+00 1.878459405670842575e-01
9.800000000000000000e+01 1.000000000000000000e+00 1.747015362218210521e-01
9.800000000000000000e+01 2.000000000000000000e+00 1.560812895640011355e-01
9.800000000000000000e+01 3.000000000000000000e+00 1.603180754693765697e-01
9.800000000000000000e+01 4.000000000000000000e+00 1.747617839483452673e-01
9.900000000000000000e+01 0.000000000000000000e+00 1.280585128972302200e-01
9.900000000000000000e+01 1.000000000000000000e+00 1.729516816622341802e-01
9.900000000000000000e+01 2.000000000000000000e+00 2.096906422131002978e-01
9.900000000000000000e+01 3.000000000000000000e+00 2.100396722572172581e-01
9.900000000000000000e+01 4.000000000000000000e+00 1.101069723441493592e-01
