-8.148350061974693470e-02 -2.941938147385105007e-02
-6.458535775790063486e-05 -3.864472197515077029e-05
2.299546005923556278e-05 7.493268024361797875e-05
-1.434883703167009861e+00 1.484487316123483946e+00
-5.489302066559088589e-01 4.928599364858283205e-01
-6.387928142370595530e-02 -2.716199890936273759e-02
-7.248807994322988835e-01 5.746737744205218101e-01
-6.274016203967927030e-01 4.318175630246608998e-01
-4.441687101436824769e-01 5.258058906752481887e-01
5.767792541254916611e-05 1.295658244360198567e-04
-6.395978421442281014e-01 9.505377221688821043e-01
-7.054672853887055117e-01 1.028957863646935644e+00
-3.357239200633705400e-01 3.187228013902720924e-01
-6.452476647700680079e-01 2.854836181065415479e-01
-8.720069092984005313e-05 -5.765837532622949653e-05
-7.233217621582480605e-01 5.644971202398021415e-01
-9.614658587359177222e-01 1.136358747100470801e+00
-2.332374870842463255e-01 5.054346064538756123e-01
-1.054047145581492323e-04 -8.614170700565330940e-05
-3.853994346919678571e-01 4.850190418956978333e-01
-6.884373587298813213e-01 6.330384309054817304e-01
-5.013320175219992362e-05 -2.100285417759123770e-05
-2.248135980373643927e-01 4.857076973561975652e-01
-4.581779051407517955e-01 4.736263451581927963e-01
-9.930253296234475835e-01 8.313116451839095422e-01
-7.925093950598618021e-05 -1.422073667914076229e-05
-8.676860643859306554e-01 9.912412599976159200e-01
-4.118499480453159389e-01 4.092385586983792178e-01
-4.311265213424090303e-01 7.197840140429593303e-01
-5.914967057955607523e-05 -3.440714303602724087e-05
-7.157355402417744372e-01 3.914242431374070907e-01
-4.935240974287321003e-01 5.515384330900998666e-01
-6.886229505871844792e-01 5.990367786072934297e-01
-3.484245619693586704e-01 3.736664143265390758e-01
-4.823150613536421605e-01 6.602627151066817746e-01
1.698492095462915595e-05 3.685038410330696902e-05
-4.826500918000194984e-01 4.285019720304887869e-01
-7.337869682978498398e-01 8.174924726852811352e-01
-6.462866741210228083e-01 5.410432279856762783e-01
-7.829730039958521237e-01 5.594525934342655660e-01
-4.531465982442647311e-01 4.773981461989354469e-01
3.401429461123578208e-04 1.317115743755046808e-01
-9.719478089801582010e-01 9.363961298768987973e-01
-7.499303567716562036e-01 7.020979587768799712e-01
-4.547392420868264229e-01 2.194356813220584290e-01
-3.000601160527904820e-01 3.378787377953035853e-01
-1.060376021196264714e-04 -2.157658719264006334e-05
-6.122889767204344746e-01 1.211962047448450486e+00
1.956485334365919696e-06 1.683756094434643154e-05
-1.055268551629120875e-04 -4.716278194524709834e-05
-7.352668607557703341e-05 -5.016943854031630489e-05
-1.009749275292977089e+00 7.290802860711778077e-01
-3.570971362582674447e-01 6.028329297318861801e-01
-2.210110920978262672e-01 4.710496332575078160e-01
-7.338154744777846128e-01 7.258153383774248457e-01
-8.557072548457879304e-05 -4.191245508931618112e-05
-5.479243804088960168e-01 6.393316412834523232e-01
-3.158144065166347825e-01 3.749134684638716908e-01
-5.322447060553520126e-01 4.990883292829368933e-01
-7.187779034166584813e-01 8.054276598384836339e-01
-1.171662296543504844e+00 1.088089301289123956e+00
-2.697372873300363794e-01 3.787179753208316235e-01
5.028503694564252086e-02 1.730787422717596502e-01
-9.864793088139248297e-05 -2.492037256190522430e-05
-5.410841841772511263e-01 4.465151071353969936e-01
-8.378719413236839220e-01 6.788250568265555840e-01
-5.245214686654888769e-01 6.191745691811489927e-01
-6.594664129349326886e-01 5.372927730546758207e-01
3.138973613141788054e-05 4.129418543036625366e-05
-7.013486583397426921e-01 5.547147449637442884e-01
-4.854353108299779840e-01 8.160664318784099924e-01
-1.101961994926544040e-05 4.115181822092964750e-06
-9.903594312999047800e-01 5.858310321193408443e-01
-9.884999825829222653e-01 8.941756406553392766e-01
6.014657740856056178e-06 2.934285922020565343e-05
-4.221016590519574008e-01 5.762424546130030523e-01
-8.384703468639754798e-01 7.707443481033375843e-01
-6.413793510754040451e-05 -2.312287170737968686e-05
-3.826534825081019386e-01 2.956651168066208868e-01
-5.877524819922981258e-01 6.856932333471349450e-01
-2.468013094149735243e-01 1.762801383139717126e-01
-8.469299785913823042e-01 9.642920445538218921e-01
-3.931372657911240132e-01 3.883238259716896290e-01
-3.544472066663187371e-01 2.642589431544396517e-01
-8.565789057355907010e-01 7.710984938589171556e-01
3.822838603039761687e-05 6.632727294836119594e-05
-3.283008014928587848e-01 3.611886641931386088e-01
-1.014837861490339943e+00 8.583980799942710904e-01
-5.279127255215775305e-01 7.108698604136809429e-01
-1.078139102174527667e-04 -5.286486605067810624e-05
-4.199363108813877199e-01 5.141556094548286326e-01
-4.295570045661863401e-01 4.601066288920429015e-01
-6.455120993770350202e-01 3.392792569914329093e-01
-5.106203106225440935e-01 4.542055111285321911e-01
-6.881689134673707464e-01 8.154744888744676068e-01
-1.041019177945283092e+00 1.225927414524260017e+00
-9.053702537649986892e-01 7.046001268071689916e-01
-1.827077844783579763e-01 2.217595664640452380e-01
-5.004621659724679946e-05 -2.663152134681863451e-05
-2.739632739289445396e-01 3.553591021746289602e-01
-5.910084856791599783e-01 5.802604907470592099e-01
-4.585451466143660826e-05 -1.631245742169304459e-05
-5.666178614862190654e-01 7.176989348477772479e-01
-6.801600572457364104e-05 -3.412178805000867917e-05
-7.734490307380121887e-01 9.804193848235209785e-01
-6.623084356688964825e-05 -3.183742818388395231e-05
-6.108881913321837498e-01 4.539717282312641933e-01
-9.311535727000802565e-01 1.009785330634507705e+00
-2.763685515727461461e-01 5.913143951409498555e-01
-4.194959085420607581e-01 3.374206106454639142e-01
-1.541301262336650657e-01 1.838362616552534357e-01
-8.530002408432163508e-01 8.841712765197590196e-01
-4.271453035157757316e-01 4.348419599591544227e-01
-4.550766422220487439e-01 3.808967552993346439e-01
-8.262613151200958184e-01 7.188573803453247590e-01
4.632375591066172560e-05 1.121628667980606431e-04
-7.047348433433653359e-01 4.558501590201242681e-01
-7.017902950897673131e-01 8.336263813686765056e-01
-5.665364065983259123e-06 2.225957328449507927e-05
-7.203729563393498347e-01 2.446702508471752247e-01
-7.900523366345484355e-01 6.835096316151451079e-01
-5.001379822945541953e-01 4.149557157998858270e-01
-3.882718252912240597e-01 3.406452184188045185e-01
4.224174713544226337e-05 1.090424023653687699e-04
-7.924374198577349530e-05 -2.187790557900810717e-05
-5.018092486353379345e-01 7.775265131611823755e-01
-4.459317652385619835e-01 3.738392759809868182e-01
1.734417969657608277e-02 6.399649092755457791e-02
-1.178045662722477793e+00 7.633813743546780106e-01
-2.690817870953524094e-01 1.088908392873466219e-01
-3.813993274140658474e-01 4.354057700190561708e-01
-7.715558040303546194e-01 8.423118308851975655e-01
-5.702986475213047690e-01 6.217299510796796547e-01
-5.540091910430058331e-01 4.317573946349289038e-01
-4.042367968464605221e-01 2.425902668003460938e-01
-5.371758827587409524e-01 7.201134022194737305e-01
-4.700078909852470344e-01 5.091790644243656683e-01
-4.247321413281394120e-01 3.801377222755847884e-01
-9.845352784162366853e-05 -6.126381185728736994e-05
-7.147896386900522980e-01 8.691869953969499907e-01
-9.009314791201019634e-01 6.256642750438781153e-01
-1.991087003408369416e-01 3.568122624283753264e-01
-5.173212686099869506e-01 6.036266574461253143e-01
-8.425313634983281341e-01 6.525487980443338554e-01
-2.233395709858909395e-01 2.987630967034129448e-01
-2.944210955754857362e-01 6.641866000216473109e-01
-4.677584753432726394e-01 5.660221874503216233e-01
-9.576431487701088097e-01 7.126798326013463747e-01
-8.735827095911335451e-05 -3.174988650611044024e-05
-3.867899970329538029e-01 3.506966918796003418e-01
-4.201107251982922342e-01 4.163705749692087621e-01
3.227588267650965720e-04 6.265878746642600076e-03
-4.083944868213624235e-01 4.930577587301038789e-01
-4.452987091255105612e-01 1.163172637275976806e-01
-5.774745043811205791e-01 5.824496801696273929e-01
-6.196370933261174810e-05 -2.404011875199132031e-05
-8.467261691036768458e-05 -4.486784331169925638e-05
-2.999294042247735437e-01 3.241860735013367134e-01
-9.873202041616734315e-01 1.312109002736952634e+00
-4.549945874595522910e-01 5.570129299970608683e-01
-4.540639053644879297e-01 4.651922212930478806e-01
-1.479040683081254970e-01 2.361966519359257888e-01
-1.288653026590168005e-01 3.307947369538082882e-01
-5.067882915461866533e-01 1.627531938795518385e-01
-8.068193874293378975e-01 8.065322264987337952e-01
-4.558758100954281023e-01 3.428272828225020774e-01
-3.495221987941296956e-05 -2.230971551725379680e-06
-6.024496632475249136e-01 4.907875890213568293e-01
-8.272997484404142066e-01 6.957002986773204167e-01
-4.344810515972697407e-01 7.576472171509055498e-01
-9.200656947164140558e-05 -6.819525548843133485e-05
2.747834869153237429e-05 1.016389869234221143e-04
-6.615840881487985634e-05 -3.185103793946978665e-05
-5.601845632418915866e-01 6.602924723820097208e-01
-8.026248419993500249e-01 9.002531016747506998e-01
-3.851193129151709305e-01 3.961930530847381227e-01
-8.008773654564576017e-01 5.453679122063344042e-01
-7.916670261790029750e-01 8.105227975027784471e-01
-3.755137250992364728e-01 4.381215672754868451e-01
-3.255402796548609867e-01 3.962059372622664388e-01
-5.248995969848700982e-01 4.717100527008744604e-01
-4.292760470227142133e-01 1.774362865187708305e-01
-1.042077378604772786e+00 8.170151133677141519e-01
-4.735890668048950980e-01 8.235083270582064241e-01
1.215035913055412423e-06 1.688450526184510531e-05
-4.113316249041581441e-01 6.179402505241460286e-01
-6.051064891949307288e-05 -2.708746911332367028e-05
-1.019470382606981751e+00 6.866035881659124929e-01
-4.351340367057955905e-01 1.056171240423479762e+00
-8.220575015575034628e-05 -5.499329185234290483e-05
-5.151360068036076045e-01 5.615844068626240082e-01
-2.022746462539399715e-05 -3.765917740360703259e-06
-6.763398171557148952e-01 5.927011406190947351e-01
-8.639582743309287549e-01 5.857259978009182744e-01
-5.408297134758507374e-01 7.714404300642044854e-01
-4.997281682147799997e-01 6.556580708542981695e-01
-5.442205882253122740e-01 4.563514829512378412e-01
-3.788525637121765710e-01 3.465617687979970496e-01
-7.201557194360284075e-01 5.202266401788766537e-01
-5.777868755850947835e-01 6.022534546903718367e-01
-2.091937302233628782e-01 7.003692722481653643e-01
-7.148571895253050812e-01 7.835245051931215565e-01
-6.619790901446050905e-05 -4.474667571679579180e-05
-7.567986277424119113e-01 4.721024361876392517e-01
-5.533299264056099620e-01 4.992089674895229257e-01
-8.938841240430752677e-01 7.667235407700604410e-01
2.663532787609505877e-06 3.227209189951918216e-05
-7.421194158687262066e-01 4.512338717373622354e-01
-3.361843923551643964e-01 3.819573285356961390e-01
-4.735885873247954736e-01 6.143394836375857260e-01
-5.035808376917836338e-01 2.785726732733365130e-01
-3.484343091182673380e-01 3.397278149659487823e-01
4.420040410818146454e-05 8.516342274343053687e-05
-6.241593094188453428e-01 3.578297439446220807e-01
-9.565611224214676245e-01 9.574874396179883229e-01
-3.914794441392228652e-01 5.926618229422007111e-01
-6.576255028344295539e-01 4.992505283346841405e-01
-5.672859630698376954e-01 3.888706298738508482e-01
-3.891014744811649440e-01 4.254958110697466545e-01
-7.120143772168506802e-01 6.853724611387076449e-01
-6.354095558444932124e-01 7.140330792769138402e-01
-2.945141670335001960e-01 6.924339606760404608e-01
-1.100604631044718840e+00 8.194085808557893813e-01
4.645495881712760882e-05 5.839673769545212958e-05
-7.323532211015374438e-01 1.659281698095499413e-01
-5.807760935418904852e-05 -3.037659352776199821e-05
-1.002604671361064348e+00 6.953772859325271227e-01
-2.492528862719460003e-01 6.345355382869968253e-01
-4.813248440943425632e-01 4.575290704836890154e-01
-4.888373157043846562e-01 5.909810064906929616e-01
-5.271141011188983372e-01 5.862991405674430334e-01
-2.261353294826410065e-01 4.287072006744330199e-01
-7.854228304349304413e-01 6.572150367143915206e-01
-5.812367819876677785e-05 -3.454831532074313138e-06
-6.463840203735323753e-01 5.247061166891041628e-01
-6.946380172832237188e-01 5.923427416328488349e-01
-6.819990088705674136e-01 6.589570191494044105e-01
3.506309801859822209e-05 9.730670625141721829e-05
-3.381223770330863646e-05 -1.042334973411875571e-05
-7.670327003744840111e-01 5.465091103086059388e-01
-5.380542843869895453e-01 6.898229360339807048e-01
-5.747296922111415629e-01 5.968841731111561577e-01
-5.694256214191378840e-01 6.320505463861382234e-01
-1.301461128676924435e-04 -8.212053688916869543e-05
1.879674511294279269e-05 6.941336580359975346e-05
-6.991258887632412211e-01 4.359740645825974648e-01
-5.186074039135160074e-01 3.961261556642061699e-01
-4.806063770116797973e-01 5.043143406524669414e-01
-7.082261791806473417e-01 8.308137936150971070e-01
-4.495144047273498031e-09 3.953947119582533411e-05
-6.963590553283753870e-01 6.503321487515902888e-01
-7.086120322868904031e-01 8.831916306350825474e-01
-4.188115463255441817e-01 4.546954491168928580e-01
-9.042989462451282712e-02 1.182276280708612209e-01
-7.892371737878521706e-05 -3.076881727027289479e-05
-3.913112338297424220e-01 3.446206511815623763e-01
-4.228702838334884029e-01 1.411962668097047902e-01
-5.238964232315759251e-01 5.476374712373138776e-01
-6.070954486564520414e-01 7.568236872605296206e-01
-7.867586891017073203e-01 8.176065491648661920e-01
-8.367073848223574029e-01 1.050742147047597941e+00
-2.058795754232641551e-01 1.854896562072789468e-01
-9.273612290227576382e-01 8.411946049097157596e-01
-5.585394731701622817e-01 4.464243164456606627e-01
-3.755151567721891012e-05 -1.834919777339328405e-05
-8.555500403771405526e-01 1.035968489429561545e+00
-5.521917962216231768e-01 4.454639149386878660e-01
-5.498366881810244129e-05 -2.760763752403685940e-05
-3.701651886591774132e-01 2.984145089479476876e-01
-5.896538528691287473e-01 6.693484208521391920e-01
-6.792347145283773591e-01 6.387379767256792240e-01
-5.570143159455539505e-01 4.519737516361970742e-01
-7.700213459652922587e-01 7.764118853963468680e-01
3.665236067629631841e-05 6.255278500635762684e-05
-6.351486009398019661e-01 3.840037791013249380e-01
-4.946615227390004921e-01 3.386684887895810014e-01
-9.696118927778147878e-01 1.060020755455057140e+00
-8.829160449841823022e-01 7.734877632566034000e-01
-3.521350481197742672e-05 -5.169397421964930987e-05
-3.547620668838628588e-01 5.939449068653229746e-01
-4.360490389757839977e-05 5.079926943953617077e-06
-2.934695060794816901e-01 2.606551217836934886e-01
-2.257471061961326686e-01 2.375537080969829795e-01
-4.664278198834290734e-01 8.545107314395538056e-01
-1.365878050631582186e+00 9.526930510024729237e-01
-3.559380718591512172e-01 3.781969606255464189e-01
-6.932338669835115263e-01 6.261108208934995645e-01
-1.916721785692896351e-05 5.244200371644425509e-06
-7.369738035253394770e-01 7.790929218483739760e-01
-6.824365105671196252e-01 6.166743530614329227e-01
-1.272936278975464323e-04 -7.446402121227574823e-05
-4.424786676216629355e-01 6.218309714455351189e-01
-5.953584547728049126e-01 5.551769945933712203e-01
-3.227402870641040145e-01 3.903800407863441957e-01
-6.520181815741044051e-01 8.546817961363133431e-01
-5.991130441230886339e-01 4.635839544673193147e-01
-3.210824802750829599e-01 2.038487833990577092e-01
4.029091419236520985e-05 1.014873330651228442e-04
-8.294396793309286586e-01 7.712723412277627810e-01
-6.899278112140760921e-01 5.246932764999154841e-01
-1.094183010901719211e+00 9.450991913734873018e-01
-4.294302435236816345e-05 -1.397479886213603933e-05
-7.544505424790741710e-01 7.721324934317019828e-01
-5.667046958279734481e-01 6.109034453904383932e-01
1.444221322797973188e-05 3.377327478595712793e-05
-2.151340469922475296e-01 3.152466681719438002e-01
-3.357375640145113249e-01 4.847903262305874872e-01
-1.280601205551238438e-04 -6.948226408166567061e-05
-8.706279242425000175e-01 1.118588224678172649e+00
-4.977898978571938526e-01 4.200607506831483540e-01
-5.337262062036176591e-01 7.474798100940279744e-01
-5.601362375578377018e-01 5.169872110748237048e-01
-6.919744064468843492e-01 2.868055784852061030e-01
-4.799360592178018581e-01 6.190002939367457158e-01
-4.530387941168330657e-01 4.369782031017825363e-01
-4.706456900436458562e-02 5.416147087803985065e-03
-7.849983218231268989e-01 1.059648940399789518e+00
-6.397006526026399742e-01 3.925438941049659847e-01
-4.276848938704035718e-06 7.498677528628006846e-06
-7.476165054172014823e-01 7.303538168364593908e-01
-5.496744155312144331e-01 5.782244374406210197e-01
-4.340443974493533585e-01 3.841216759902540967e-01
-5.068134522261270591e-01 5.467988096248659335e-01
-4.677547849016357451e-01 4.471378304305186346e-01
-6.567015283947121862e-01 5.634385070456998656e-01
4.156159770288881436e-05 1.055209487375800945e-04
-5.668464856670214243e-05 -2.219854788868123494e-05
-8.833600403390442501e-01 6.497763279854340546e-01
-2.966018674463293259e-01 4.657975508768649187e-01
-7.064121754800151143e-01 4.845414788732779199e-01
-1.067005736595279641e+00 9.127641921511857603e-01
-2.287383855876811978e-01 3.569368463469118069e-01
-1.280605690068109814e-01 3.054298640644613205e-01
-6.506904708423436601e-01 5.217593041799246656e-01
-7.176583402268528200e-01 5.578713896264005934e-01
-8.582027200959984059e-01 9.012835083428900607e-01
-3.567730918992989553e-01 3.414484686191686658e-01
-8.950154541009524331e-05 -4.027781287891133918e-05
-6.505540727282019819e-01 6.698355888226863453e-01
5.036327119656683652e-06 4.022364254597219670e-05
-3.519304260575202847e-01 4.772436763970119289e-01
-2.970928784798549382e-01 5.213144155040011496e-01
-1.067151977244177821e-04 -2.995746835147996272e-06
-3.652496324267044958e-01 4.336597378772487077e-01
-7.404925608620475442e-05 -2.040101868564432009e-05
-7.335519532443937063e-01 7.772462162061262170e-01
-4.718497793438391485e-01 6.475595280560378919e-01
-4.867638089564431669e-01 4.512343525439525549e-01
-5.183288765294113976e-01 4.446246540879413289e-01
-6.676470634389166086e-05 -2.059808233601027162e-05
-7.405177231168907914e-01 9.383332116489563335e-01
-4.773662705729955644e-05 -1.136542483451539302e-05
-5.254875369474085733e-01 3.775226982380489038e-01
-3.617949696795358383e-01 3.455678498664808140e-01
-7.283164883999384553e-01 7.243824347515390727e-01
-2.692754779514827113e-01 2.264443813161240160e-01
-7.223786440720239010e-01 8.519790400136120212e-01
-5.105071884551194428e-01 4.601311695683255598e-01
-5.947945809391527172e-01 6.806864769026507167e-01
-6.264358996630371434e-01 3.921038247560525436e-01
-7.534890459106530214e-01 9.085702328122546856e-01
4.273312726262973429e-05 4.811799719908967413e-05
-1.072949582328551754e+00 4.726119071780619518e-01
-2.759013861402323520e-01 5.315325785551244797e-01
-6.859193090034129137e-01 4.671054525396484691e-01
-8.913362005704584812e-01 7.826959472072121393e-01
-7.817962372910869373e-01 5.655985346446121831e-01
-2.190357220556581091e-05 -3.386679846778957144e-05
-3.446162341547516217e-01 4.758413299828869181e-01
-7.028368450672336509e-01 9.131343812362016088e-01
-7.980665105660529335e-01 7.951411569150006464e-01
1.039254172678240855e-05 4.662415563886649283e-05
-6.072526314015297411e-01 5.846963181699941225e-01
-4.054030513890496401e-01 3.354501782075309801e-01
-6.675326037635107568e-01 5.096110609478217146e-01
-3.865005158232615035e-01 5.601995233975373134e-01
-8.543446995559430580e-05 -3.045208698169248447e-05
-6.031476351013180803e-01 6.962069585723109633e-01
-6.012335375340085442e-01 7.446937431032667476e-01
-4.833120070198195228e-01 2.688960040158607789e-01
-6.227400375185920822e-01 5.897761541865939039e-01
-8.349728512342212694e-01 4.920229759809101600e-01
-2.732548552305675074e-02 3.159605546243960394e-01
-8.664423440724198233e-01 1.077363570940617965e+00
-3.416046818327035939e-01 7.727203167794810534e-02
-1.933334321585854814e-05 -4.142648868960675729e-06
-6.451902060802062744e-01 4.904189698110814621e-01
-7.788040220739452790e-01 8.763336406480083385e-01
-6.386937647170233268e-01 6.151997652285493556e-01
-5.287792714421341023e-01 5.877106289401263783e-01
-8.353114590713157650e-01 5.062283969126933902e-01
-1.444000546798640910e-05 5.199114561294302975e-06
-2.187052195668937049e-01 2.081213888524564015e-01
-5.105624180415294644e-01 5.674464980922891977e-01
-9.646624007817896640e-01 1.169776079991905249e+00
-6.823196311425699934e-01 6.929955276890428228e-01
-6.040582044736307887e-01 7.191042186365043110e-01
-8.457248544732024476e-01 4.354275533563849998e-01
-3.005112240255638364e-05 -1.812285069984311599e-05
2.232496550818750128e-05 8.821055294014375626e-05
-8.073852766308484696e-01 7.106277553436078920e-01
-4.616822770631475170e-01 3.652181916339560797e-01
-3.945678780680638709e-01 6.445844231737299923e-01
-4.607105133388608165e-01 5.326324361844589905e-01
-5.760256545492171698e-01 3.248518370548481582e-01
-5.026192168896672641e-01 6.595927446795394333e-01
-2.906305256157525330e-01 2.773558043694426822e-01
-6.898962859463740882e-01 3.850956483479103243e-01
-4.297502832802385376e-05 -2.126571447138447761e-05
-9.030390542778111707e-01 1.100845147446531058e+00
-5.927147151655208779e-01 6.600107105971735333e-01
-5.212830128443451949e-01 3.932771608395475571e-01
-5.193088315619256434e-01 5.888470610049009180e-01
-5.422750757079601858e-01 7.390003232105109010e-01
-7.551027116984948778e-05 -3.458789173641677679e-05
-9.855018310122188119e-06 1.378579210020392904e-05
-9.879678589245365350e-01 1.089990402036774109e+00
-5.603098878525380631e-05 -4.088182075145139154e-05
-4.595784214536508538e-01 4.651247127710416707e-01
-8.856958657759987918e-01 8.973688100270973411e-01
7.233943055532663432e-05 9.407908514502768443e-05
-9.341434831472321398e-02 -1.860966974328521345e-02
-1.359229865745849697e+00 1.228775108816278827e+00
-6.325328450268304862e-05 -6.539651718502326432e-05
1.185105854282899815e-02 6.909853399034132648e-02
-3.797616778246719615e-01 5.281328864846367432e-01
-4.358531262155109322e-05 -6.535559479636121553e-06
-7.346060394933022764e-01 4.749411429982907107e-01
2.177279147326724316e-05 6.595335958944743512e-05
-9.488627172187333869e-01 8.459048599564684690e-01
-4.567831263656743634e-01 4.850026800356178058e-01
-5.316603181109866240e-05 2.010929176492294159e-05
-4.420832691398372538e-01 4.229949988966180685e-01
-7.298525126828484533e-01 5.285451680467413427e-01
-4.074591840016156263e-01 5.177623405106527299e-01
-5.032780091106406894e-01 3.556645930477999595e-01
-4.796824499309939038e-01 5.701171969681536611e-01
-5.654963804386118342e-01 6.586126319632438220e-01
-4.788470174685943159e-01 3.525055534611074570e-01
-6.745277084948168023e-01 6.051216689845457797e-01
-8.776718774988078176e-01 8.513300786338389159e-01
-4.256337752645132366e-01 2.601032133728281570e-01
-3.045440076601114154e-01 5.462550094378936238e-01
-5.706345551225852075e-01 7.400787046691990057e-01
-4.939892668517905649e-01 1.936126639341773925e-01
-5.194914309932230356e-01 8.591935704936163321e-01
-5.634510629031445086e-05 2.412549505829417385e-05
-4.580131809390317093e-05 -2.324451587772769518e-06
-3.220142547448750939e-05 -2.462060204872522286e-05
-8.113906800862904500e-01 7.303772679005307022e-01
2.062707944011117752e-05 1.077832477200815704e-04
-7.219110141952790401e-06 6.485703070951451702e-06
-6.273604406265240740e-01 6.332718608184567666e-01
-5.318008781886087721e-01 2.630391149160798414e-01
-8.405100163104092248e-01 6.260348828090819273e-01
-7.953931302125246683e-01 6.034753026403334442e-01
2.995489610702176502e-05 3.285158441217415215e-05
-7.339018188036559032e-01 8.237562747064395285e-01
-6.166730684874396351e-01 7.161792499355754682e-01
-8.757916620087250511e-05 -3.150311288547727175e-05
-5.794885582331718021e-01 6.491162912633535731e-01
-5.138631158221664830e-01 6.521476526652276728e-01
-4.675753855756619171e-01 4.482754120128080166e-01
-9.703786009724465968e-05 -6.512082515808077982e-05
-6.459811062085383249e-01 7.764217276613316621e-01
-9.343821370485010669e-06 6.684057225294566290e-05
3.603968275623281505e-05 9.117955103609774856e-05
-3.757536681829013459e-01 3.443329182270223332e-01
-7.856125707399258529e-01 4.172339750923015345e-01
-6.577539626177375531e-01 4.550377389113745563e-01
-6.120692421343421064e-01 9.491283621999034859e-01
-7.366073474429102319e-01 7.634218665956817862e-01
-6.102957769061601034e-01 6.327750786162543439e-02
1.232354191880712124e-05 2.939294182068072218e-05
-5.920596312175855358e-01 5.489975598542172763e-01
-6.089749226969065621e-01 6.024951305757655362e-01
-6.226725627312849065e-01 6.789008045477895603e-01
-5.227385629716283511e-01 6.684993125889867605e-01
-2.482635321636556558e-05 -6.588747984146109491e-06
-7.149348784337213880e-01 4.628395478834295140e-01
-4.446039655094302101e-01 1.546486893035926014e-01
6.964705444697759915e-05 8.929885627391068821e-05
-6.583464184285650056e-01 5.209078736915526697e-01
-8.969849556392440748e-01 4.124884425850152136e-01
-8.223707707170592185e-01 1.176472469687835032e+00
-4.730174519543212108e-01 4.996009794117186598e-01
-3.087576771009970522e-01 6.037841716202720921e-01
-8.954169399884821523e-01 7.592335788649969830e-01
-5.223108768736554053e-01 4.493731865461632058e-01
-6.556969287186393647e-05 -1.943575572248657597e-05
-9.492379954519720719e-01 1.153133218956506889e+00
-7.885254159924304229e-01 5.131372301180591178e-01
-2.541183212905616662e-01 1.351212007613667165e-01
7.204170091797529398e-06 3.656849428053162435e-05
-2.989753191006465638e-01 2.980402818379558894e-01
-7.386921543744764396e-01 7.005565073800026354e-01
-1.008335115248088831e+00 1.047014760663199207e+00
-8.150013537424771629e-05 -3.379976412166447460e-05
-3.703776213092717937e-05 -1.200601901277971654e-05
4.494958653468395323e-05 6.988379010387103633e-05
