0.0 0.0 0.139630317178499275
0.0 1.0 0.038285360186230792
0.0 2.0 0.070614141392075030
0.0 3.0 0.036421120638920577
0.0 4.0 0.142269642218005643
1.0 0.0 0.055102856668292365
1.0 1.0 0.107186977316472171
1.0 2.0 0.113564911931672494
1.0 3.0 0.046334075820868001
1.0 4.0 0.118877321903599065
2.0 0.0 0.105850256386150102
2.0 1.0 0.042917325001826823
2.0 2.0 0.063486001042523027
2.0 3.0 0.081216384200062039
2.0 4.0 0.135419652964038795
3.0 0.0 0.099485689234213456
3.0 1.0 0.069623106732158879
3.0 2.0 0.103255736966801168
3.0 3.0 0.126197000887854766
3.0 4.0 0.054353157530901933
4.0 0.0 0.043941076630051638
4.0 1.0 0.087865752977289768
4.0 2.0 0.089839688859596298
4.0 3.0 0.097819904764395629
4.0 4.0 0.087159655029093175
5.0 0.0 0.102284640149021361
5.0 1.0 0.110526197221648567
5.0 2.0 0.086654778277931485
5.0 3.0 0.070573642006519083
5.0 4.0 0.106281684233509990
6.0 0.0 0.050144384634548844
6.0 1.0 0.097250480396142619
6.0 2.0 0.107193482451544753
6.0 3.0 0.060119278548999025
6.0 4.0 0.096729620266246874
7.0 0.0 0.118419153182355935
7.0 1.0 0.050282108429383368
7.0 2.0 0.075517666665326236
7.0 3.0 0.087178120830954303
7.0 4.0 0.088338816767724218
8.0 0.0 0.103373167077844760
8.0 1.0 0.097272810217652522
8.0 2.0 0.071920211090167843
8.0 3.0 0.124256833787903614
8.0 4.0 0.091995687252313177
9.0 0.0 0.134968637539871456
9.0 1.0 0.024780163727874699
9.0 2.0 0.066134324050658833
9.0 3.0 0.086511482556122010
9.0 4.0 0.138362585515354075
10.0 0.0 0.088525287316767162
10.0 1.0 0.133451115042126089
10.0 2.0 0.071506843631028161
10.0 3.0 0.098266759977635801
10.0 4.0 0.040728769209280424
11.0 0.0 0.078835325324137007
11.0 1.0 0.096476206686275753
11.0 2.0 0.090000524173620131
11.0 3.0 0.028811718583287887
11.0 4.0 0.111617550555546410
12.0 0.0 0.090251642137411298
12.0 1.0 0.084222980863790153
12.0 2.0 0.068903248127002117
12.0 3.0 0.048731810775392188
12.0 4.0 0.106011605672024639
13.0 0.0 0.121580270361063197
13.0 1.0 0.125689512810887305
13.0 2.0 0.068034987897337182
13.0 3.0 0.043686187887476899
13.0 4.0 0.098125049089730271
14.0 0.0 0.157231458662889845
14.0 1.0 0.060098441103458355
14.0 2.0 0.104913080443713169
14.0 3.0 0.079118496113877057
14.0 4.0 0.093505045086504743
15.0 0.0 0.110850352906094865
15.0 1.0 0.106216841100758200
15.0 2.0 0.051315337630992323
15.0 3.0 0.089030724235887468
15.0 4.0 0.095517490477591657
16.0 0.0 0.051002203877326339
16.0 1.0 0.092718513863760330
16.0 2.0 0.059169127118470444
16.0 3.0 0.096408947116982099
16.0 4.0 0.133660422514821492
17.0 0.0 0.114822118929706493
17.0 1.0 0.147682707115335848
17.0 2.0 0.038949673037937275
17.0 3.0 0.084759053599048520
17.0 4.0 0.048041921200747378
18.0 0.0 0.062595257339383273
18.0 1.0 0.095088327809402240
18.0 2.0 0.076046522824750759
18.0 3.0 0.132290918372818145
18.0 4.0 0.085022076151507975
19.0 0.0 0.093416220409670625
19.0 1.0 0.069465435855476071
19.0 2.0 0.085923633031512306
19.0 3.0 0.057978066995691899
19.0 4.0 0.129586416437815682
20.0 0.0 0.078851216188330214
20.0 1.0 0.084133457631108827
20.0 2.0 0.064975750250757427
20.0 3.0 0.127000208343845650
20.0 4.0 0.099134836062750503
21.0 0.0 0.106563584005221229
21.0 1.0 0.129980184843724866
21.0 2.0 0.112279630327757285
21.0 3.0 0.045806486571600379
21.0 4.0 0.046933963260773218
22.0 0.0 0.102304747872356369
22.0 1.0 0.072341957380235800
22.0 2.0 0.098177998332070304
22.0 3.0 0.115676321641319829
22.0 4.0 0.058285851637599986
23.0 0.0 0.146157747783967562
23.0 1.0 0.098300845884758167
23.0 2.0 0.106077434141872678
23.0 3.0 0.030261099811665342
23.0 4.0 0.057907139475425549
24.0 0.0 0.114801933176311904
24.0 1.0 0.120286202922773561
24.0 2.0 0.061673000800544990
24.0 3.0 0.071220868682959626
24.0 4.0 0.062068504304563565
25.0 0.0 0.078488164301576208
25.0 1.0 0.136184327603021044
25.0 2.0 0.088436098201451457
25.0 3.0 0.068270975922167881
25.0 4.0 0.101473875117508522
26.0 0.0 0.033790793909076106
26.0 1.0 0.114760609035788441
26.0 2.0 0.118453096436405975
26.0 3.0 0.123226083231085193
26.0 4.0 0.069215119827231691
27.0 0.0 0.127532686290966757
27.0 1.0 0.073104606586556514
27.0 2.0 0.062049681554588385
27.0 3.0 0.080708151723624957
27.0 4.0 0.112914532467120188
28.0 0.0 0.041388186982083783
28.0 1.0 0.133333734651279567
28.0 2.0 0.087533627175753720
28.0 3.0 0.098197549311432375
28.0 4.0 0.082794004253050071
29.0 0.0 0.135415251730553715
29.0 1.0 0.109687224321068810
29.0 2.0 0.062821238313943664
29.0 3.0 0.083473135631604453
29.0 4.0 0.067716967133592959
30.0 0.0 0.105290086392534468
30.0 1.0 0.062337202592044769
30.0 2.0 0.086883277903151160
30.0 3.0 0.074708034767174927
30.0 4.0 0.127920437966765138
31.0 0.0 0.065637711317062711
31.0 1.0 0.067931639904396879
31.0 2.0 0.091139882275428935
31.0 3.0 0.134761957504897029
31.0 4.0 0.071915269364153725
32.0 0.0 0.089311337952725237
32.0 1.0 0.118194579203832001
32.0 2.0 0.092306028862925465
32.0 3.0 0.069945505239721234
32.0 4.0 0.066848429045145416
33.0 0.0 0.094393558640592790
33.0 1.0 0.104064872335140501
33.0 2.0 0.103570426442018040
33.0 3.0 0.088757771246846612
33.0 4.0 0.069289095466511338
34.0 0.0 0.107274053886324605
34.0 1.0 0.052754769800127846
34.0 2.0 0.096654957537904179
34.0 3.0 0.080386535192080166
34.0 4.0 0.083052713194050123
35.0 0.0 0.092972051092494234
35.0 1.0 0.100756812658265693
35.0 2.0 0.073667866805436549
35.0 3.0 0.066219009577817844
35.0 4.0 0.098472604525665364
36.0 0.0 0.109874169218955833
36.0 1.0 0.068466903593602788
36.0 2.0 0.082048584437607305
36.0 3.0 0.105916446964128941
36.0 4.0 0.058930035861330138
37.0 0.0 0.075793630966092970
37.0 1.0 0.113152705149235033
37.0 2.0 0.093233019321865770
37.0 3.0 0.088348012632566475
37.0 4.0 0.079091179567854761
38.0 0.0 0.089823406678460282
38.0 1.0 0.071227969018586801
38.0 2.0 0.076031088770327007
38.0 3.0 0.097741311600750641
38.0 4.0 0.098614103816891979
39.0 0.0 0.076563507150703633
39.0 1.0 0.101607736581061869
39.0 2.0 0.067323364384911100
39.0 3.0 0.132151674711073086
39.0 4.0 0.057524545913943639
40.0 0.0 0.044376468131640041
40.0 1.0 0.129298898441333576
40.0 2.0 0.060117763627208637
40.0 3.0 0.106570190911614862
40.0 4.0 0.098475983116670121
41.0 0.0 0.080561810418872004
41.0 1.0 0.086404481853125728
41.0 2.0 0.128541959332112210
41.0 3.0 0.086597487432088296
41.0 4.0 0.078049259326252257
42.0 0.0 0.094957820465420076
42.0 1.0 0.122663611053087984
42.0 2.0 0.040989071150925094
42.0 3.0 0.109839615488245765
42.0 4.0 0.061532727399940521
43.0 0.0 0.087351746400803523
43.0 1.0 0.116062737109907388
43.0 2.0 0.075624031349022749
43.0 3.0 0.086048600093774824
43.0 4.0 0.110732036625739522
44.0 0.0 0.095932971440972403
44.0 1.0 0.112362340215549500
44.0 2.0 0.084401156947171319
44.0 3.0 0.060715816752200766
44.0 4.0 0.090179853006652155
45.0 0.0 0.064363082477345665
45.0 1.0 0.096201881743483444
45.0 2.0 0.071488834194525577
45.0 3.0 0.134015065388006949
45.0 4.0 0.086721780825595535
46.0 0.0 0.065353053046669607
46.0 1.0 0.048107673452690639
46.0 2.0 0.106116358482933146
46.0 3.0 0.098294402751080062
46.0 4.0 0.113697329121539376
47.0 0.0 0.090516060604269796
47.0 1.0 0.074213525386027740
47.0 2.0 0.088014262258173298
47.0 3.0 0.100925933095436571
47.0 4.0 0.068232879673920943
48.0 0.0 0.048232550280097132
48.0 1.0 0.103236687124228441
48.0 2.0 0.111294046715286449
48.0 3.0 0.085758203546900794
48.0 4.0 0.097992245521627108
49.0 0.0 0.071043222989934846
49.0 1.0 0.061192436320588864
49.0 2.0 0.099155939123908327
49.0 3.0 0.090549382786683577
49.0 4.0 0.101091235624664308
50.0 0.0 0.046167350636392324
50.0 1.0 0.137679939404640017
50.0 2.0 0.042568080921182791
50.0 3.0 0.136224075387669979
50.0 4.0 0.054571585087024616
51.0 0.0 0.080687961174562034
51.0 1.0 0.137994869742544712
51.0 2.0 0.066656109158762814
51.0 3.0 0.091932717059014790
51.0 4.0 0.069809307015475358
52.0 0.0 0.054228967146211567
52.0 1.0 0.110896530940268523
52.0 2.0 0.033974548113365151
52.0 3.0 0.139293102638652910
52.0 4.0 0.158206101680043926
53.0 0.0 0.029110503964223544
53.0 1.0 0.109163689859182830
53.0 2.0 0.121778394380897895
53.0 3.0 0.110648818472342814
53.0 4.0 0.086407975845532309
54.0 0.0 0.096986675042235862
54.0 1.0 0.061667152279464468
54.0 2.0 0.099395802895644383
54.0 3.0 0.080101715135509052
54.0 4.0 0.109722384076840776
55.0 0.0 0.073376029328956871
55.0 1.0 0.087089324767124471
55.0 2.0 0.093675441650550570
55.0 3.0 0.115399567456004548
55.0 4.0 0.073714331072994757
56.0 0.0 0.087711728717470808
56.0 1.0 0.105843535535220232
56.0 2.0 0.080283970328674945
56.0 3.0 0.035179955378950654
56.0 4.0 0.123272282799295640
57.0 0.0 0.134407563873661373
57.0 1.0 0.083010545982273240
57.0 2.0 0.038245360529874546
57.0 3.0 0.085703510606581504
57.0 4.0 0.101561543527565745
58.0 0.0 0.083048349165124977
58.0 1.0 0.084054284580677915
58.0 2.0 0.091802115579272342
58.0 3.0 0.099066171525549016
58.0 4.0 0.086106541049534580
59.0 0.0 0.162935944532861726
59.0 1.0 0.086506629117244022
59.0 2.0 0.087443886434401638
59.0 3.0 0.058153221412705083
59.0 4.0 0.037162364574845091
60.0 0.0 0.086709565645701620
60.0 1.0 0.074441504641794637
60.0 2.0 0.095069762150744280
60.0 3.0 0.102211587825407985
60.0 4.0 0.094842823046540972
61.0 0.0 0.079659195620894782
61.0 1.0 0.086546478458391501
61.0 2.0 0.076849055573535580
61.0 3.0 0.134725830984415651
61.0 4.0 0.083487854622115942
62.0 0.0 0.085884867838255941
62.0 1.0 0.100631980762426937
62.0 2.0 0.058810071670754617
62.0 3.0 0.074182872860420523
62.0 4.0 0.122039882269270553
63.0 0.0 0.088364754702468976
63.0 1.0 0.079487623989392103
63.0 2.0 0.135152510370963153
63.0 3.0 0.057656558478966002
63.0 4.0 0.091096625655090635
64.0 0.0 0.053079840215540283
64.0 1.0 0.058414855933844455
64.0 2.0 0.151381056521962237
64.0 3.0 0.124208362848583290
64.0 4.0 0.066055305253253011
65.0 0.0 0.046484033046949487
65.0 1.0 0.103626450725515185
65.0 2.0 0.125337770924012021
65.0 3.0 0.119639814921376680
65.0 4.0 0.070652773003046454
66.0 0.0 0.101549259163929512
66.0 1.0 0.074239545546825866
66.0 2.0 0.043019877337168375
66.0 3.0 0.138213507021869103
66.0 4.0 0.087742928758309108
67.0 0.0 0.097717756188067495
67.0 1.0 0.099521403550781734
67.0 2.0 0.066423430927922480
67.0 3.0 0.068523758075015095
67.0 4.0 0.122472360457248894
68.0 0.0 0.088587514184266636
68.0 1.0 0.088984086832719161
68.0 2.0 0.081298579401590396
68.0 3.0 0.100371013682197779
68.0 4.0 0.092781637143892121
69.0 0.0 0.109986589562987527
69.0 1.0 0.064081368478635950
69.0 2.0 0.093547280985230630
69.0 3.0 0.107012594398501235
69.0 4.0 0.069198238011742824
70.0 0.0 0.107272442650788363
70.0 1.0 0.082970488229110906
70.0 2.0 0.069671271830316142
70.0 3.0 0.060857311737444693
70.0 4.0 0.108937040316997122
71.0 0.0 0.109748614013831139
71.0 1.0 0.053502588029331666
71.0 2.0 0.090664067371700421
71.0 3.0 0.080333166921300964
71.0 4.0 0.109489048961204566
72.0 0.0 0.119870309743816128
72.0 1.0 0.061826000765586531
72.0 2.0 0.105300948090684493
72.0 3.0 0.061927887239790057
72.0 4.0 0.106366712229532465
73.0 0.0 0.089332013467826613
73.0 1.0 0.088493637224774116
73.0 2.0 0.071726811022119613
73.0 3.0 0.053800973152823416
73.0 4.0 0.124289451798704806
74.0 0.0 0.068419867104627469
74.0 1.0 0.073318574050119739
74.0 2.0 0.072180799963866740
74.0 3.0 0.169749781920689513
74.0 4.0 0.066492724521621305
75.0 0.0 0.082735526813498939
75.0 1.0 0.098926723169644279
75.0 2.0 0.093890334478541337
75.0 3.0 0.086930800237319208
75.0 4.0 0.094939596364568918
76.0 0.0 0.092265907857623786
76.0 1.0 0.068712062048088163
76.0 2.0 0.063779887742997338
76.0 3.0 0.047332566040997573
76.0 4.0 0.132128719655575905
77.0 0.0 0.083871527131365975
77.0 1.0 0.051026823075721310
77.0 2.0 0.077741520472887793
77.0 3.0 0.111553864187523583
77.0 4.0 0.123877644792544706
78.0 0.0 0.073361901225573609
78.0 1.0 0.093156518572208316
78.0 2.0 0.020414267482218206
78.0 3.0 0.128258693731851531
78.0 4.0 0.137647864552422838
79.0 0.0 0.056756408163383232
79.0 1.0 0.092038532871313944
79.0 2.0 0.125982792424215839
79.0 3.0 0.112759000933538189
79.0 4.0 0.053555709877750643
80.0 0.0 0.135421761496574339
80.0 1.0 0.076267961661031766
80.0 2.0 0.040901864011648435
80.0 3.0 0.076178598707749998
80.0 4.0 0.120110686964336938
81.0 0.0 0.106089793587741316
81.0 1.0 0.054082215138514751
81.0 2.0 0.117852447115737530
81.0 3.0 0.125753141477407404
81.0 4.0 0.074573673678632768
82.0 0.0 0.060071899124340550
82.0 1.0 0.094394858831582454
82.0 2.0 0.094985861915214811
82.0 3.0 0.128155437951275097
82.0 4.0 0.073093271749115771
83.0 0.0 0.087240958660137077
83.0 1.0 0.125342392414395848
83.0 2.0 0.097890145939155099
83.0 3.0 0.099756160519863593
83.0 4.0 0.026521382353115980
84.0 0.0 0.018403032894640424
84.0 1.0 0.145937035834395490
84.0 2.0 0.111473417244133843
84.0 3.0 0.123022323696636432
84.0 4.0 0.068166855959234135
85.0 0.0 0.131752877606123142
85.0 1.0 0.057598289323778654
85.0 2.0 0.135058007192722845
85.0 3.0 0.056061991759079138
85.0 4.0 0.072820483203713482
86.0 0.0 0.083920251461222617
86.0 1.0 0.074690592008866991
86.0 2.0 0.140669495451771792
86.0 3.0 0.090477379192462876
86.0 4.0 0.078392726715958677
87.0 0.0 0.054139960983925851
87.0 1.0 0.117227373429881279
87.0 2.0 0.130709778017761041
87.0 3.0 0.063957773367338031
87.0 4.0 0.080086214289899454
88.0 0.0 0.135980762035326136
88.0 1.0 0.084034216952244833
88.0 2.0 0.110088620487901717
88.0 3.0 0.066505175978015363
88.0 4.0 0.082560020974538600
89.0 0.0 0.087149055358947902
89.0 1.0 0.080864875708635126
89.0 2.0 0.079395494272789913
89.0 3.0 0.098161184042764166
89.0 4.0 0.083301693352523604
90.0 0.0 0.065253234339051058
90.0 1.0 0.146225510731324226
90.0 2.0 0.092069292585688675
90.0 3.0 0.068021850104481585
90.0 4.0 0.083786412999543258
91.0 0.0 0.089156435756882979
91.0 1.0 0.093068987433394687
91.0 2.0 0.014930087984590636
91.0 3.0 0.103218640662089564
91.0 4.0 0.108245126024055185
92.0 0.0 0.064127203628147639
92.0 1.0 0.111560600263195531
92.0 2.0 0.097594899989297643
92.0 3.0 0.082022951797722760
92.0 4.0 0.092675154252580966
93.0 0.0 0.109569547887598762
93.0 1.0 0.082904006981988340
93.0 2.0 0.086477593755539942
93.0 3.0 0.087883603467772908
93.0 4.0 0.075207478128324415
94.0 0.0 0.091607098000463585
94.0 1.0 0.091354008320488747
94.0 2.0 0.062367702668275994
94.0 3.0 0.089059689948332549
94.0 4.0 0.110494703156308355
95.0 0.0 0.124409631117532421
95.0 1.0 0.084550858552663949
95.0 2.0 0.096728093864714454
95.0 3.0 0.106458537798590769
95.0 4.0 0.099067807998960214
96.0 0.0 0.078604144011420740
96.0 1.0 0.052007724994487504
96.0 2.0 0.112920433020466102
96.0 3.0 0.085219977904793076
96.0 4.0 0.120530577166629016
97.0 0.0 0.044845633830515298
97.0 1.0 0.103893816836457611
97.0 2.0 0.065202731062940361
97.0 3.0 0.122756830967778258
97.0 4.0 0.112455585106115669
98.0 0.0 0.100480161620447955
98.0 1.0 0.082044703776355726
98.0 2.0 0.102557760896146655
98.0 3.0 0.077711494731860203
98.0 4.0 0.091868044282387928
99.0 0.0 0.063608536695837825
99.0 1.0 0.076267359078719399
99.0 2.0 0.093293532960224385
99.0 3.0 0.089100609925007956
99.0 4.0 0.087665647156732487
