-6.524876835056063777e-04 -5.399121415993252864e-04
-4.695386745777375579e-04 -4.781211566147666996e-04
-3.287829685082487084e-04 -2.367952881632323561e-04
-3.184717825695937833e-04 -3.587352294463023441e-04
-5.370074193942666468e-04 -4.348214448289174647e-04
-5.479645488304786365e-04 -4.239344104191467987e-04
-9.796897665616934869e-01 -2.993394383896245126e-01
-5.625584609608453440e-04 -5.558451236729621860e-04
-4.161803692524484858e-04 -3.456754859068571087e-04
-4.332151777570736871e-04 -4.818968803669538116e-04
-5.049134752440921897e-04 -4.740566489591106682e-04
-3.621504207864567788e-04 -3.095443591036852946e-04
-4.059684543758145751e-04 -3.453792122118056244e-04
-2.138705852435363042e+00 2.372732470276048555e-01
-6.305948743506820803e-04 -6.538078729270817031e-04
-4.371799363831417574e-04 -5.218535587340363251e-04
-5.205837879811736103e-04 -5.066304168126681403e-04
-4.617498416225217965e-04 -3.556188920019054812e-04
-1.376650582141070611e+00 -1.995030983154473803e-01
-4.414157600981973972e-04 -4.119954308089193696e-04
-4.943554505687537811e-04 -4.433378714105466680e-04
-4.277348254793587857e-04 -3.943742182510336894e-04
-4.221869324276449282e-04 -5.461104752840683285e-04
-5.881878083146421061e-04 -4.073346825556257620e-04
-3.776439543087849789e-04 -2.548655498574789457e-04
-4.786628955147805811e-04 -4.266557725925161811e-04
-5.665679050126253046e-04 -3.986394909890039599e-04
-3.433584756629356224e-04 -2.598512111033938424e-04
-5.554985116317103866e-04 -5.161402941811371343e-04
-3.874836788558442494e-04 -4.681734896757891256e-04
-4.227004006051666356e-04 -3.949081535646999856e-04
-4.829493041937372435e-04 -4.651002767537328617e-04
-2.372363550455333758e+00 -3.371281243304612429e-01
-4.213601405119210726e-04 -4.247724762192520392e-04
-4.398299789617217794e-04 -3.545792776565683045e-04
-4.847301806493264464e-04 -4.236797672522910996e-04
-5.259537274584905921e-04 -5.480008404769377058e-04
-4.163053148241772591e-04 -3.892084510850627398e-04
-4.374244873685698772e-04 -3.294071780100361131e-04
-4.596936662879545559e-04 -3.791041194495758894e-04
-4.569363093248938958e-04 -4.836958917414905146e-04
-6.248688158617330931e-04 -5.899161789374758472e-04
-3.476967526387408675e-04 -2.696589314854391144e-04
-4.356564031520950182e-04 -4.927985177356137333e-04
-4.565514322746773977e-04 -2.352311922508586769e-04
-3.779200129437938912e-04 -4.513252750812068699e-04
-3.857703739997339208e-04 -3.521867506028736848e-04
-5.457232649045003735e-04 -5.490804898457898745e-04
-4.611944306027799438e-04 -3.435486791110592148e-04
-1.524294127965590828e+00 -4.061320395308799514e-01
-4.553610922487489969e-04 -3.545876118221732856e-04
-4.672930875559265116e-04 -3.429181910324042497e-04
-3.950470214254688623e-04 -4.292001343449283811e-04
-5.792652663959445064e-04 -4.665816710600105490e-04
-4.358997049346004476e-04 -4.702864120037008938e-04
-5.724104992250331420e-04 -5.507455856483891047e-04
-4.153029630238210500e-04 -3.088727407681867744e-04
-4.903957249014710132e-04 -4.677540278843840050e-04
-4.207264858640127696e-04 -3.654998729107871423e-04
-4.236492247402796722e-04 -3.735943552431036929e-04
-4.395546938616222248e-04 -3.577280990171759429e-04
-4.886670354360069142e-04 -4.154557646851777131e-04
-5.066327171881065614e-04 -5.941413354861763444e-04
-5.956361887270531646e-04 -4.558761577824959688e-04
-3.044049997340049257e-04 -2.453809227790934382e-04
-4.964236800854621894e-04 -4.230498732948277771e-04
-3.856485282803610707e-04 -3.136640861778965356e-04
-4.153371620707784536e-04 -3.385116278695216724e-04
-4.987663576874010619e-04 -4.643200275281987957e-04
-5.193132559313790421e-04 -5.132969430579480304e-04
-3.497674863497312269e-04 -4.203816785704558466e-04
-4.592849543524790581e-04 -2.877137610105664003e-04
-4.669532528246684677e-04 -3.918525348932931120e-04
-4.221012945164267388e-04 -4.795033936093011785e-04
-6.192680936199088841e-04 -4.840496566409887755e-04
-6.493256502037106099e-04 -5.106824817321460770e-04
-3.530932055010677843e-04 -3.029677639962661140e-04
-3.889113178009034086e-04 -3.234052717015829153e-04
-8.591816141479374780e-01 -1.331115898420646371e+00
-4.820214503664886890e-04 -4.047475490660628586e-04
-3.822283541848738309e-01 -2.039976902870518916e-01
-3.722495826117256344e-04 -5.254615178368466071e-04
-4.124263379897834302e-04 -4.488532746838793546e-04
-3.877183694811737417e-04 -3.221496991717892936e-04
-3.023836372866269606e+00 -1.950952206585697679e-01
-4.303151537269240016e-04 -4.422639896892830856e-04
-4.921581646932128703e-04 -3.399037181804609171e-04
-4.715525008920970333e-04 -4.191183414964921167e-04
-4.602954709573882103e-04 -3.114769332663886868e-04
-4.633444173923016306e-04 -5.524869578180109219e-04
-4.316088206622312510e-04 -4.360068116095348000e-04
-4.480623250211653572e-04 -4.103953569712468093e-04
-1.059424618029124021e+00 -2.997124251406376172e-01
-4.693663400840530193e-04 -4.587773194451755547e-04
-6.063647167711990046e-04 -5.168001651760413409e-04
-2.002903835636893337e+00 -3.472348489573389707e-01
-4.493860576429929959e-04 -4.438816149912392229e-04
-2.526468648112588800e-04 -2.816212215218136077e-04
-4.168664682339226122e-04 -4.173621149685420172e-04
-1.642434448632846600e+00 -1.161276315030598028e+00
-3.760767917292506097e-04 -3.487160369174081495e-04
-5.428894189989086610e-04 -4.937622132912069823e-04
-4.801969339031441166e-04 -4.012637317973808955e-04
-4.439062505920392948e-04 -3.726145485359962550e-04
-5.113134522162508843e-04 -4.755512310250760238e-04
-3.708228080780442385e-04 -4.380883573446616710e-04
-4.855870799236704899e-04 -4.511850414739829369e-04
-3.932224294283346855e-01 -2.854416391632934591e-01
-2.567118234506628571e+00 -8.530336635786955890e-02
-3.696473800094292718e-04 -3.658287809459934278e-04
-4.189602910842201637e-04 -4.273901845908633051e-04
-4.876271006557742144e-04 -4.244498290360422098e-04
-1.512281780124046904e+00 -2.095790235404096924e-01
-4.985241669715916903e-04 -5.365715370219138183e-04
-4.302897573768882963e-04 -3.988517929646990916e-04
-3.147212048661138847e-04 -4.357976502397851678e-04
-3.746354929175996478e-04 -3.208744764581048133e-04
-5.332450313462270544e-04 -4.898477184195846332e-04
-1.531972796134506876e+00 -3.893231485617498211e-01
-5.529744252239198994e-04 -4.683323054024186470e-04
-4.124233539500885091e-04 -5.079672411689443090e-04
-3.470508236205382046e-04 -1.928728835080847730e-04
-4.185795986612608419e-04 -3.825707663735799309e-04
-5.669170803361895305e-04 -4.909282416988839564e-04
-5.883033496356942929e-04 -4.907100399719690901e-04
-3.817821834559100751e-04 -3.116317098194255528e-04
-6.116850855411603595e-04 -5.480903634554395651e-04
-5.189588494618820481e-04 -4.298783523783125302e-04
-4.249020609374412963e-04 -4.580720151572680336e-04
-3.922258646560469091e-04 -3.409046520976100688e-04
-4.138461117433104002e-04 -3.556992295093608001e-04
-3.522569507536343599e-04 -2.532834449253860108e-04
-5.482534072564930255e-04 -4.478118909946309932e-04
-6.643647518297960894e-04 -6.361524629475072239e-04
-3.323042314721402920e-04 -3.680650553150387845e-04
-6.169068530433183479e-04 -5.535754084131283472e-04
-5.118419004128509087e-04 -4.424339300085212002e-04
-4.023004630948630420e-04 -3.259032285835094882e-04
-3.777654229675516209e-04 -4.474499360608549586e-04
-4.328419313162905780e-04 -2.967648673631351794e-04
-4.439500140717464027e-04 -4.149550529891607486e-04
-4.848774166871024083e-02 -2.859372819268717753e-02
-5.754318690624073791e-04 -5.195692184194565652e-04
-4.422148842495125516e-04 -5.007401546243992830e-04
-3.559558195359899366e-04 -3.410534720609037832e-04
-5.744427253914572828e-04 -5.104177934193911571e-04
-4.771538055343427513e-04 -3.418143906739166287e-04
-3.796142080098994132e-04 -3.881012480477061982e-04
-3.891295554075006381e-04 -3.675216746150152653e-04
-4.859838480222006913e-04 -4.449338710546729475e-04
-4.705852668031552878e-04 -4.569445898540927422e-04
-2.428263626639644457e+00 2.043587402497687722e-01
-5.431260831082043499e-04 -5.847131807110217188e-04
-3.801908496702162132e-01 -2.710540231102915310e-01
-3.266418052320352577e-04 -3.135953208966247652e-04
-2.419128024633965535e-01 -1.814510144466758290e-01
-4.409320128223173174e-04 -4.226488799801752312e-04
-4.222491359146183479e-04 -3.560399182311535450e-04
-5.825038587656810197e-04 -6.031532817944146698e-04
-5.705013871874197720e-04 -4.439497234278396744e-04
-4.365088409275105709e-04 -2.995392345011790337e-04
-3.400126676539175774e-01 -2.000897816972171672e-01
-5.255679120286597386e-04 -4.251129933127974713e-04
-3.587885169287294979e-04 -4.844025763449720068e-04
-5.867550072703571701e-04 -5.647508472840166412e-04
-4.350231417796059986e-04 -3.513459240090965365e-04
-3.519741464094461054e-04 -3.511640230551726265e-04
-6.166043791416520817e-04 -6.091122604675351052e-04
-1.144339472592078799e+00 -3.945978284117576118e-01
-4.992197861578724898e-04 -4.540498264562462015e-04
-6.111692191811859531e-04 -6.106497280654671822e-04
-4.469484053022410594e-04 -3.401139943436731154e-04
-6.188893450555829189e-04 -4.914646168605668001e-04
-2.879966492885565666e-04 -3.528391065683404433e-04
-3.550712878759594419e-04 -2.769359662655869838e-04
-4.661985383547092524e-04 -4.663371192794873196e-04
-5.352739230525219594e-04 -4.158963066907622134e-04
-3.402793060913111289e-01 -2.766725968155542836e-01
-5.123971624278757762e-04 -4.466123591482914958e-04
-3.536210104539363086e-04 -3.415704330216269894e-04
-5.853396089970596371e-04 -4.317703798579027225e-04
-6.337459619306552586e-04 -5.678397272101749944e-04
-2.103486518432991855e-04 -2.765767772715339227e-04
-4.991832840178840212e-04 -4.772707929188846473e-04
-4.003806178204849151e-04 -3.220399211800466688e-04
-4.676701097505328261e-04 -4.510789838986388250e-04
-4.697017410257122490e-04 -4.461948737748994034e-04
-4.076432628256730769e-04 -3.299794534555470843e-04
-4.221343367520900879e-04 -2.786161238009744940e-04
-5.451819810601749895e-04 -5.467506317891123813e-04
-5.012490229969072736e-04 -5.250269776044160907e-04
-3.469846681523737031e-04 -3.094530170531958305e-04
-4.750926610522919371e-04 -3.714513241733726802e-04
-4.917055486962488599e-04 -4.453228812931315193e-04
-4.930452839751529696e-04 -3.932687459138217603e-04
-5.249266216409033533e-04 -5.832573725335933861e-04
-4.538101253148197939e-04 -3.270620388712804148e-04
-3.729230352869079921e-04 -2.888614140767753208e-04
-5.198754140250715430e-04 -5.680907893487648899e-04
-4.471095564351491554e-04 -3.085741890988880683e-04
-5.872985987978208847e-04 -5.243175368202850030e-04
-2.572478069538146617e+00 5.709204959372422561e-01
-4.579036698504893228e-04 -4.734323736683875494e-04
-3.688245895545013732e-04 -4.095476105295554198e-04
-4.606997195039890642e-04 -4.247397243610040538e-04
-5.170520877218726758e-04 -4.841119617248048962e-04
-4.680380656272001196e-04 -3.752650199415678259e-04
-4.096132702905215962e-04 -4.103004819912237327e-04
-4.784664822210605369e-04 -3.842007270569448288e-04
-4.387260130328581183e-04 -4.151436747808206628e-04
-9.574279934404680281e-01 -3.235114843782582184e-01
-1.848786306793854584e+00 1.282071644248904407e-01
-6.392842525055901677e-04 -5.509395374490368450e-04
-4.378819867781983148e-04 -4.629083625228329270e-04
-5.104437042027099979e-04 -5.649836243154173106e-04
-5.418441969477904175e-04 -4.651276950236812066e-04
-3.654636904170834835e-04 -4.109969268623854598e-04
-4.963928352744339427e-04 -3.839319368774333878e-04
-4.745648550667146094e-04 -4.547368364014669844e-04
-4.384179171123329900e-04 -3.435188419396836205e-04
-5.291026617390997590e-04 -4.900962634471077483e-04
-4.264918038086431065e-04 -4.264213040761552758e-04
-4.234161531164905420e-04 -4.224061062826519036e-04
-4.036424281672620169e-04 -3.364295851460631279e-04
-5.339255331418324207e-04 -3.900978347653018068e-04
-4.170011156506823503e-04 -3.406556763973589506e-04
-5.355562796905734019e-04 -5.209118087763708405e-04
-4.463870889816220046e-04 -3.991850533850635485e-04
-3.052302339145209755e-04 -2.156721387097871505e-04
-6.219475229184367147e-04 -5.858125016600886949e-04
-5.906717539551966387e-04 -5.425583257801616958e-04
-5.799846205205395205e-02 -4.185644440435808133e-02
-4.466322205110888561e-04 -4.829141142260027662e-04
-2.613373453180980587e-04 -2.939085109068624493e-04
-4.250290095917772415e-04 -3.169397160693821977e-04
-4.198441989294044710e-04 -3.553958287001980306e-04
-4.775262577004007135e-04 -3.875887825793441718e-04
-4.104976015226685995e-04 -4.683066238385024879e-04
-6.303307362163806287e-04 -5.105184961172853355e-04
-3.936225989142022423e-04 -3.444518465558087561e-04
-5.390084588244375367e-04 -5.210375537472968421e-04
-4.888673280358561083e-04 -5.168882646682920181e-04
-4.681466605976720096e-04 -3.903981836658975660e-04
-2.985345170043850345e-04 -2.598086166649157900e-04
-5.316420890768877149e-04 -3.752883006911461247e-04
-5.501478933498749405e-04 -6.019327273313532494e-04
-1.426551132147259704e+00 -1.553142536674706753e-01
-4.587049264262592655e-04 -3.774270688924453001e-04
-4.877914292837780730e-04 -4.592945715488275910e-04
-3.589120896006205109e-04 -3.683217169903164152e-04
-3.465437992911238395e-04 -2.705841288044117266e-04
-3.747553485959288690e-04 -2.268246368740781691e-04
-6.113577591469454824e-04 -5.550091424739730201e-04
-6.087918511804839717e-04 -5.841094517625642886e-04
-3.881433197083497197e-04 -4.233569581015075856e-04
-3.083712387445050607e-04 -2.728282050691556914e-04
-4.958983596682325218e-04 -4.022625233590912180e-04
-5.608515243240487112e-04 -4.437288154495286525e-04
-3.796109565927669187e-04 -4.777120746640781254e-04
-5.883245891537878082e-04 -4.782617106740842585e-04
-3.722532844429869746e-04 -4.258472333788943659e-04
-5.964316858457214925e-04 -4.717552275043752279e-04
-4.040221029686050258e-04 -3.325280361323183949e-04
-5.681853573624125794e-04 -5.271062512280261800e-04
-3.561344903070918317e-04 -2.822908841165903591e-04
-5.573027758922435458e-04 -5.209324892500895440e-04
-4.418215825840904635e-04 -3.074080798228001252e-04
-4.680300577655416207e-04 -4.394009048159465067e-04
-4.242950734570670782e-04 -3.477990192596493038e-04
-4.252079606566573416e-04 -4.598083308394753082e-04
-2.456417853995152001e+00 -9.785309025694548246e-02
-4.427493314776876775e-04 -3.412053155625530002e-04
-3.429408073548220141e-04 -3.973038897746535339e-04
-5.208612707200527790e-04 -4.841973421677239092e-04
-4.526909728617575204e-04 -4.686922632848015036e-04
-3.524783834014057660e-04 -2.397434804543782389e-04
-4.842243846491255436e-04 -4.249829094856852948e-04
-4.788602119673395201e-04 -4.124682722490902783e-04
-3.961157889776189545e-01 -1.198984275652457576e+00
-7.261434857177787722e-04 -5.663491904180040183e-04
-4.284455201032508946e-04 -3.357426891757660822e-04
-3.519380228793061332e-04 -2.335109920221720148e-04
-3.977537744757745665e-04 -4.418606346291652741e-04
-5.325814671945745468e-04 -5.925953926918456349e-04
-1.602991780810034239e+00 -7.440245646762072562e-01
-4.432045868979975884e-04 -3.642001836682856207e-04
-3.834415327472827481e-04 -3.558629000917446568e-04
-4.992718436123057962e-04 -3.983171850104792961e-04
-5.749898813633552708e-04 -5.123828635651128931e-04
-4.153589545775057484e-04 -4.316553242859212766e-04
-4.045250599619371968e-04 -4.088783359758395406e-04
-4.746037332986495407e-04 -4.138203967987730031e-04
-6.272707456027894462e-04 -5.826183040409044570e-04
-2.841479495943922701e-04 -1.397786773226904092e-04
-5.271234585521424390e-04 -5.074358852068107210e-04
-5.329403011721951236e-04 -3.982292730023460968e-04
-4.793454110891361467e-04 -4.157872865253129518e-04
-3.872388500299406224e-04 -4.414037222843282017e-04
-5.197234410794560923e-04 -5.104952457046122794e-04
-4.047888398238965162e-04 -2.928435765158176577e-04
-2.377134769294221627e-04 -2.807744534315849416e-04
-4.056384924461582274e-04 -2.810659560699513369e-04
-4.228800233905206651e-01 -3.335481060729787450e-01
-1.853938702605466338e+00 -9.335296392275814759e-01
-4.094539151401857427e-04 -4.705177563338360501e-04
-3.117101025978652983e-04 -2.312590837811508702e-04
-3.517270538858379147e-01 -4.222803037557715800e-01
-5.840103026980356235e-04 -4.736433439528061696e-04
-4.839022628835407038e-04 -4.654345197100457536e-04
-1.248191062803883700e+00 -4.327713269195717638e-01
-4.285568527637449482e-04 -4.305522239097284935e-04
-5.243530912052769182e-04 -4.728736282295807267e-04
-4.265339776309202730e-04 -2.948760142240150462e-04
-4.035720493835695988e-04 -4.599454916507960994e-04
-5.412217674473578750e-04 -4.166917815629649123e-04
-4.536792872760957995e-01 -2.054377268612390672e-01
-4.557947880948656056e-04 -4.215250211018709697e-04
-4.261174929362474841e-04 -4.685492193212385413e-04
-4.880880017713860094e-04 -4.935435722777307792e-04
-3.939515126440439378e-04 -3.718995196871754255e-04
-3.818902420377953688e-04 -4.279265705322788868e-04
-4.687764222344492399e-04 -4.412438597182659957e-04
-3.467877725648202620e-04 -2.099913356425850712e-04
-5.721748813006881894e-04 -5.164091070936597952e-04
-1.992867949235770375e+00 -6.163741432249696395e-01
-6.157168581541664189e-04 -5.045117278963366517e-04
-3.960586855113516986e-04 -3.153432230263743252e-04
-4.207522965804267072e-04 -5.265606818912839165e-04
-4.149034703763311962e-04 -4.007404558746100495e-04
-4.951332725182291516e-04 -3.407507004998298699e-04
-4.570037826927557563e-04 -5.018209774851691311e-04
-6.004119333175811195e-04 -5.656995674088060493e-04
-4.413954122511396633e-04 -3.318375204816072233e-04
-5.060832821433491023e-04 -3.158122279817764198e-04
-3.084177878288087127e-04 -3.320238798419788170e-04
-2.528644031209881390e-04 -1.812017321585454902e-04
-6.068265179805652125e-04 -5.410170966864876743e-04
-4.824602125182704364e-04 -5.486484161246347460e-04
-4.253084750360798636e-04 -4.087310942448279388e-04
-5.469115639748765335e-04 -3.719840967644098069e-04
-3.942730127463666768e-04 -3.190405799536365824e-04
-5.069187632700032729e-04 -5.549866256875722170e-04
-4.989766904071172605e-04 -4.416464394374355700e-04
-5.691981267402863778e-04 -4.715913474394286728e-04
-3.372327631469482223e-04 -2.761049162871297732e-04
-5.753557046915553762e-04 -5.114560856823662351e-04
-4.132979060637695010e-04 -3.825021228139695024e-04
-3.738773973885551661e-04 -3.074516315671783104e-04
-4.305453204798524594e-04 -4.698311611639265865e-04
-1.473564785825026480e+00 -5.727041379082380423e-01
-3.682717009551561538e-04 -4.002203493860546067e-04
-4.167375017502508629e-04 -2.328441422746693767e-04
-5.982290704610880626e-04 -4.720760617936952536e-04
-4.367413906635940154e-04 -4.205051930792216646e-04
-5.026076960319485155e-04 -5.467362304808310669e-04
-5.594355827390714610e-04 -4.771302801382651588e-04
-1.382949060297870569e-01 -1.183206928518746176e-01
-4.373610720338919696e-04 -4.422165502725300119e-04
-5.924490971875796992e-04 -4.734351432378270047e-04
-5.443637326380154325e-04 -5.173987592035650005e-04
-3.515967147423022083e-04 -3.362037922444445601e-04
-5.297002230474412215e-04 -5.286680332380401829e-04
-4.367680160894414415e-04 -3.379658128509304663e-04
-4.688962478648119590e-04 -4.460677398640760616e-04
-5.411391517657942107e-04 -4.326739681914080777e-04
-4.788446678544600195e-04 -3.038427942478546281e-04
-4.050237414644730595e-04 -3.873381933582292053e-04
-6.185282520050921660e-04 -5.191638981293268803e-04
-1.731790813400442552e-01 -2.981976420416929674e-01
-5.597022899449460116e-04 -4.648385674527785835e-04
-3.975995398331655818e-04 -3.080810536901487152e-04
-4.746074663629906427e-04 -4.679577215753238711e-04
-4.769135448993503377e-04 -4.446739540242676016e-04
-5.409983229009788499e-04 -4.907626283411923923e-04
-4.313308880270728886e-04 -3.491138663431052900e-04
-3.000570076384029348e-04 -2.814378707118156864e-04
-6.460593976065215349e-04 -6.359841023892734120e-04
-1.245784226969620434e+00 -4.641446975808032893e-01
-3.773844994340598406e-04 -3.460340912430047975e-04
-5.110079256162910338e-04 -4.455391600836942434e-04
-3.527424304621643589e-04 -2.757523591718226939e-04
-5.000244953637595149e-04 -4.057981891763933206e-04
-4.327179758161067897e-04 -4.390181394504898420e-04
-4.286957979782424449e-04 -4.022431260746327122e-04
-6.171066645386373041e-04 -5.559217244416489413e-04
-1.306877690787288770e+00 -3.251240119440141907e-01
-6.993013937108658214e-04 -5.720892352050948931e-04
-3.828444423363913337e-04 -3.822702959711558250e-04
-2.829980356190207706e-04 -2.747561725352032163e-04
-5.052261028288541596e-04 -5.421528803383490486e-04
-5.383704276497426958e-04 -5.581136127680395983e-04
-3.788061167016540149e-04 -3.581306363771740624e-04
-5.005775955043614139e-04 -4.690331874326969064e-04
-4.444976128273772469e-04 -3.405965835118044977e-04
-4.652606117025738486e-04 -3.439628253563055556e-04
-4.138057492436239028e-04 -4.514323168390579032e-04
-4.994237797164831436e-04 -4.426338361455794262e-04
-1.000129863537659647e+00 -1.252291933947411229e+00
-5.480527886740175223e-04 -4.094887433467174660e-04
-4.520037518605986575e-04 -3.375263024356205946e-04
-3.684865670057943217e-04 -2.706143195601536967e-04
-5.927976177374071759e-04 -4.299131094857254736e-04
-4.381403724325945871e-04 -4.224640277782530586e-04
-3.199072982213263484e-04 -3.650847833277347655e-04
-6.198617904552924550e-04 -5.891199517617791252e-04
-3.724316501139749683e-04 -3.390469535380525191e-04
-3.684033150431899437e-04 -3.025078404980845246e-04
-5.954471823748300066e-04 -4.937200518860268431e-04
-4.173177178995713353e-04 -4.269713955743060607e-04
-5.628161019389518000e-04 -5.033879614735559333e-04
-1.302373434959535503e+00 -7.537483006150174081e-01
-4.250706671229659674e-04 -3.852139774018673675e-04
-4.073925302468948051e-04 -4.743601302591019041e-04
-4.367416902315413409e-04 -3.375858314851191478e-04
-5.451741473817135449e-04 -4.506421165374223034e-04
-3.395636870307338728e-04 -2.816513663124642526e-04
-5.365831451588444533e-04 -5.899666863427280219e-04
-6.027387770378680922e-04 -5.788218793329756627e-04
-3.864805803207854848e-04 -2.383313471845303303e-04
-4.514945108795734925e-04 -3.744172167714503348e-04
-3.664000001643827375e-04 -3.451311515089758157e-04
-5.013713099029482685e-04 -3.359151800307172745e-04
-6.302162283758315497e-04 -5.193380259512116051e-04
-3.892302519719873411e-04 -3.666670066853345688e-04
-4.407013183568281442e-04 -5.089900214616734390e-04
-5.298941532015351633e-04 -3.960078676098170844e-04
-5.433053696653747031e-04 -4.668048249437839361e-04
-3.161782823888947326e-04 -2.449207123629518093e-04
-3.798469056818510573e-04 -3.204514317332725305e-04
-1.044457146318479523e+00 -2.238941631675231303e+00
-5.240507143848062736e-04 -4.780715690591773271e-04
-5.753647751531627700e-04 -5.349237716865884104e-04
-4.268151596486612466e-04 -4.624251265221452235e-04
-1.102894286924505751e+00 -1.026826970423939389e-01
-4.318468336749314417e-04 -3.989419678105754832e-04
-3.441060558810234973e-04 -3.337093766597991752e-04
-4.652814196515487060e-04 -4.858141248746816071e-04
-1.631276875218879319e+00 -6.029755725028900226e-01
-4.650530963059402675e-04 -4.007872151003740325e-04
-4.478026671617881286e-04 -4.193821799244436613e-04
-4.677598623404058344e-04 -3.410446305673414343e-04
-5.651101246780768517e-04 -4.411270718528744871e-04
-5.958211139741085389e-04 -5.069571709312654982e-04
-3.383483491993596751e-04 -3.190675929158712123e-04
-3.473738605874791504e-04 -4.399921802147681825e-04
-4.272953308440386420e-04 -4.011648896609498597e-04
-3.395933056167359785e-04 -2.267540052605132074e-04
-4.483345924987757847e-04 -4.988141467579744644e-04
-6.096553777991481566e-04 -5.546860666021187665e-04
-4.971683747308335835e-04 -3.757424463677833744e-04
-1.318301285541872980e+00 -4.584584558549036348e-01
-3.235383505576213681e-01 -2.758855746511492679e-01
-4.727768530955234237e-04 -4.514410763289492001e-04
-5.030509754876617877e-04 -5.286284720505880254e-04
-4.307036865373302945e-04 -3.574996917311465384e-04
-4.808434638480349639e-04 -3.274314802460744512e-04
-4.748383987187636225e-04 -4.605556647058383561e-04
-4.972017246939136690e-04 -4.967142646981231088e-04
-4.986501307517184848e-04 -3.618066790141224879e-04
-3.704474607896299622e-04 -4.125001812361381824e-04
-4.856095667818558425e-04 -3.792700752427341005e-04
-3.085401512535111235e-04 -2.944581634783092778e-04
-5.837605171896978690e-04 -5.831286892970415688e-04
-4.628846110197340448e-04 -2.530485498012817252e-04
-4.903641575095165749e-04 -5.608320795174114677e-04
-3.980230451908567607e-04 -3.554998018896390606e-04
-4.520068044054586067e-04 -5.148623468005598860e-04
-4.024995802255995105e-04 -3.716410512410561317e-04
-1.438409629980175852e+00 -7.072033081409307975e-01
-5.086778662416798630e-04 -3.896502158575979209e-04
-4.825790258043690197e-04 -4.840679508175707536e-04
-1.929025905058594281e+00 -3.416419678340331667e-01
-1.071264517539262107e+00 -3.668198573948838748e-01
-5.010057560589576331e-04 -5.271927592287943120e-04
-4.572353157789163709e-04 -3.943663766651249783e-04
-5.233165176093479767e-04 -5.180890662570144210e-04
-2.046916747004553182e-04 -2.228782244150832534e-04
-3.043417042793296279e+00 -3.196774448569507654e-01
-4.008009049514955598e-04 -3.508764584456687628e-04
-4.610924775012926525e-04 -4.605368507307075563e-04
-4.889436888658269410e-04 -3.991213091290799213e-04
-6.400608550389265102e-04 -5.752404369567167691e-04
-4.101326186901122265e-04 -4.539411731811283696e-04
-1.290355760194183965e+00 -3.636900494171028675e-01
-4.202238277167061613e-04 -3.610081127391191573e-04
-4.647601960599135728e-04 -5.385230900266047222e-04
-1.221588492297473794e+00 -7.500805991921276339e-02
-4.954395658541783714e-04 -4.719729684079484230e-04
-4.381962462888544540e-04 -3.416653688929955799e-04
-5.410420562418959481e-04 -5.261863494097890727e-04
-4.054809530091239280e-04 -4.971686518521453756e-04
-5.185161105294120191e-04 -4.149628839904376016e-04
-3.743290531740501919e-04 -3.014356607449039031e-04
-4.582478246756763857e-04 -3.515538872623809709e-04
-5.790791534492817404e-04 -5.051271176724116000e-04
-4.485426596008569686e-04 -3.912588303011272912e-04
-5.458925688501670278e-04 -4.877785044551581650e-04
-2.660165774885846169e-04 -2.110597224230260091e-04
-5.941517857094998599e-04 -5.483730049140488798e-04
-4.860289767110991541e-04 -4.329290896854728356e-04
