-2.006104868786625956e-04 -1.310743979538724774e-04
-1.023541250489289345e+00 5.006015189046436609e-01
-1.138042187597250399e+00 2.806279403826675289e-01
-2.044365358535584487e-01 -9.880894035923611096e-02
-1.029686451794101121e+00 3.617419411471275437e-01
-1.629477005186492355e-01 -3.501204949720888165e-02
-1.212847271279358097e+00 2.745898410404894463e-01
-9.497101776351200009e-01 8.311857225107595337e-02
-1.042599896151376493e+00 3.891320248839287843e-01
-1.773190836445601918e-04 -1.331279746461208374e-04
-5.216376023283836316e-01 3.791366450944584632e-02
-2.176976867585729016e-04 -1.604978094186305417e-04
-1.406943793859848357e+00 4.702794725723836167e-01
-6.427915085100062154e-01 4.611115528157935795e-02
-1.769695945604130754e-04 -9.055093991016742959e-05
-1.307382689618566074e+00 7.528437909939865724e-01
-2.231679518622560617e-04 -1.348430624307718115e-04
-1.548399681011107254e-01 -4.873999193451280382e-02
-1.887285825515945959e-04 -1.442175525984266851e-04
-1.997534000326387654e-04 -1.166055542360031874e-04
-2.366820143245474295e-04 -1.579477225948126232e-04
-1.350156388301180306e-04 -2.440868697979179291e-05
-5.405336584192547145e-01 -1.763741233712244963e-02
-9.707888022255986016e-01 4.425105303190493000e-01
-1.296364351111226387e+00 1.156622926553124986e-01
-9.662860607079397646e-01 4.491936519172860520e-01
-1.801542678305357410e-04 -1.047957773561759186e-04
-1.198823583939373272e+00 1.902321441638085975e-01
-1.537517795462602643e-01 -8.305447444693199455e-02
-1.181499922062034358e+00 3.284860212154887549e-01
-1.490912459671141777e-01 -4.596585477146142296e-02
-1.158923637256877859e+00 9.876600076530145378e-02
-1.761408959951651107e-04 -8.895968286621597904e-05
-1.290842912459717162e+00 5.870099834550117635e-01
-1.624562986961726994e-04 -1.220044287505770537e-04
-1.310410536919771418e-04 -1.005112062639150467e-04
-2.144858377268784168e-04 -7.089239002047228327e-05
-6.000310326796353122e-01 -1.727270075104076971e-02
-2.012414642276811238e-04 -1.578938310923230684e-04
-1.563821181011695538e+00 6.632256513781439322e-01
-1.681531987257953826e-04 -7.269580192751073228e-05
-9.135192322408645094e-01 8.744373323195067660e-02
-2.295528278728521134e-04 -1.359543824927133713e-04
-1.640760463823897952e+00 6.978698095779727328e-01
-1.392758374699496545e-04 -8.826656186743282728e-05
-1.948788896867515710e-04 -8.876364314293187265e-05
-2.266073774735704205e-04 -1.208866778471536456e-04
-1.030550297470025578e+00 2.275285817244261100e-01
-1.381904391162719348e+00 5.845766506615723834e-01
-1.380728737638302122e-04 -1.275445511942651950e-04
-1.593650910958439304e-01 -8.040116853485383686e-02
-1.948591389174755850e-04 -9.496298318721519847e-05
-1.495249432595008082e-04 -9.406612354394862103e-05
-1.314204879349132327e+00 7.077202854039468249e-01
-1.271669749871902511e+00 1.689314611265260724e-01
-2.481312899303723127e-04 -1.893067963811986777e-04
-1.212558947655480557e+00 8.716295638471607266e-01
-2.044532032458179645e-04 -1.383812599817404565e-04
-1.250356552246148389e+00 4.170548569446346776e-01
-1.796592874618822963e-04 -9.572467988606040811e-05
-7.687943033596060793e-01 9.484523645978395687e-03
-2.048163043505420546e-04 -1.177315352871630393e-04
-1.939949534598698344e+00 8.951107318230404619e-01
-9.949207249415277510e-02 -2.854390751408395627e-02
-1.990498246457769282e-04 -1.218952597421103318e-04
-1.961050223910508125e-04 -1.381831245243182944e-04
-1.092058064330990286e+00 1.489262577391697318e-01
-1.348287611080420501e+00 7.127832650440175666e-01
-1.919180160195481431e-04 -1.428752773938279496e-04
-1.919411750038636658e-04 -5.186863875371100149e-05
-5.229896934320831248e-01 -5.176756107464931117e-02
-1.168678398184648248e+00 4.624679365371463513e-01
-1.119835394004077500e+00 1.736819995054465215e-01
-1.186189103023862046e+00 3.164661508203542861e-01
-1.584946457847973000e-01 -6.658006329880988838e-02
-6.424216887175068225e-01 1.390695447872754564e-01
-2.013044258735956617e-04 -1.595517360744810886e-04
-6.197667115312768260e-01 9.091865992038070110e-02
-1.175652413846505651e+00 1.280006054739363519e-01
-1.866666355551767559e-04 -9.153455963267275797e-05
-7.617706252957607838e-01 -1.124098635026921367e-01
-1.401932522666099901e-04 -1.180225412826020625e-04
-6.475206876410181112e-01 1.780601157885130376e-02
-5.906751302059433106e-01 -7.276428242093137266e-02
-1.365974606946940506e+00 7.453409685426829467e-01
-1.388126194874577627e-04 -7.090228761254446430e-05
-1.424347313275098781e+00 4.204444376352882151e-01
-2.034660446427857448e-04 -1.337872145892839897e-04
-1.314461911545641959e+00 6.917828905827083652e-01
-1.047988714024381096e+00 4.693861504182735012e-02
-1.479291134032837925e-04 -8.060724255792038660e-05
-6.470053478418945625e-01 7.351719160715409346e-03
-1.921802116257854921e-04 -9.280697266445109002e-05
-2.135126200723579191e-04 -1.412471303303449572e-04
-1.257640891016343909e+00 4.063307438717747577e-01
-9.008133543865133629e-05 -2.767828146311221828e-05
-9.072614063441725163e-01 -4.357412796502978941e-02
-1.580052736828280180e-01 -1.045834180753949100e-01
-2.028176761391939158e-04 -8.085063353641207924e-05
-1.938647717088189440e-04 -1.014262436675138879e-04
-5.768508961487752718e-01 -1.299796906175354205e-01
-1.302432466472583927e+00 3.548991178935324564e-01
-1.533351088057934985e-04 -1.079047945785168903e-04
-1.216135466408696297e+00 3.851024233314727652e-01
-1.253314616006149684e+00 5.627765482513638062e-01
-1.426048981640150037e+00 8.402825468875088077e-01
-2.298360498634007616e-04 -9.210198355832058161e-05
-1.733040793947648167e-04 -1.011256576921902648e-04
-1.524723592107825787e-04 -1.152793935859761396e-04
-1.046471723917808072e+00 -1.029284859982920464e-01
-1.786969740800190356e-04 -1.269507700103721375e-04
-1.601541277052841985e-04 -7.246864566749438934e-05
-7.800289666357399510e-01 -7.845267504154285199e-02
-1.087138710409611519e+00 5.282869102135624439e-01
-1.172772485888579297e+00 2.428501830578785603e-01
-1.158171670130068387e+00 6.381673791706086174e-01
-1.224039950905125407e+00 7.542722453188660525e-01
-1.997358282542536047e-04 -1.260114682591909540e-04
-1.934429847065192282e-04 -1.393482781061228964e-04
-7.529177046734885081e-01 -2.587675192345227360e-01
-1.160379778589619715e+00 1.718279916682946828e-01
-1.429424697929028638e-04 -5.686185543277521670e-05
-1.228735482371762000e+00 2.144250865819395113e-01
-1.945600951656087374e-01 -8.202004597030608524e-02
-8.664575011036220742e-01 4.236650853108486769e-01
-9.497258402088721851e-01 5.513045768033381783e-02
-1.761783547287602558e-01 -1.064345981483905551e-01
-1.498480988595929819e+00 5.379321271275873118e-01
-5.057030105621168614e-01 -2.968548830783416040e-02
-1.001542704619899693e+00 5.387494211151864221e-01
-2.150887830868408669e-04 -1.148401042919583616e-04
-2.548343929664885119e-04 -1.877271995833449411e-04
-1.714833508820857002e-04 -6.224534507104240318e-05
-2.072004851553161438e-04 -1.198132640642249401e-04
-9.862015370677522652e-01 5.822334878275955417e-01
-1.227378488145019597e+00 2.975010169069380317e-01
-1.751861761490734900e-04 -7.703982846910435993e-05
-1.673879461272702405e-04 -1.414167771034587334e-04
-1.351591263293604905e+00 6.019310616807094227e-01
-1.120595748264810565e+00 3.197675875626991848e-01
-2.078858904016498918e-04 -1.358862263045394455e-04
-1.164775229166092679e-04 -5.193333072086772352e-05
-8.530486620797259611e-01 7.830085792804217237e-02
-1.421331681765135801e+00 6.867564904463751008e-01
-1.219962323419658601e+00 1.122509320494882307e-01
-1.141145764187859069e+00 5.015630546643977672e-01
-4.650645046298430563e-01 -2.408879108397071409e-02
-2.454475887510687137e-04 -1.740492295995862916e-04
-6.073892786927305165e-01 -2.280487302346090039e-01
-1.761293478677892210e+00 1.036955886737989552e+00
-4.632402783753870601e-01 -8.468005947523556121e-02
-2.234738570851821165e-04 -1.422473339576215345e-04
-1.591809743322011872e-04 -7.947182910373733764e-05
-1.710257515065153888e-01 -3.105882428796365169e-02
-6.692511211813115812e-01 -7.953894928329993674e-02
-1.462208573189829330e-01 -6.602763758857474463e-02
-1.081542459418433078e+00 2.906188751587139851e-01
-7.325336921884261221e-01 -1.228560590224328092e-01
-9.559504703986253515e-01 3.491637447931117966e-01
-1.233555509811093964e+00 4.009915857499246061e-01
-1.172948007982838714e+00 4.095040518732654955e-01
-6.112918179952883113e-01 -1.711019986857413855e-01
-1.584471159735644230e-01 -8.567804110548579710e-02
-8.378228568449078706e-01 2.112803944359701869e-01
-1.313176607354201941e+00 5.704965699569923832e-01
-1.871650485942151737e-04 -1.512040936339244777e-04
-9.057425730130900243e-01 4.359267507594616897e-01
-1.009714686388306193e+00 6.058198631771796738e-02
-1.394591651996069048e+00 6.900311764600992603e-01
-1.824360085529470599e-01 -8.421862494012384570e-02
-6.641453877089328328e-01 -6.210237026344191114e-02
-1.425954048297375598e+00 5.055691822833752180e-01
-8.995986430474472995e-01 3.059954608090634798e-01
-1.165853515139992025e+00 8.784806106667035486e-02
-1.368338305125376168e-04 -7.141440369747545011e-05
-1.789376891578521481e-04 -6.282192066093399173e-05
-1.319178169022760638e+00 9.595274132857002369e-01
-2.253371234896074432e-04 -1.707183280795132238e-04
-1.595968417759966451e-01 -6.826562494629170863e-02
-9.969160866457874581e-01 -1.137928247388947378e-01
-7.240919793186799680e-01 -2.342055281926311294e-01
-1.780077380291804313e-04 -1.150223677419106644e-04
-1.774632052658345403e-04 -8.179993998155898687e-05
-1.136202971177243670e+00 5.056525892782315346e-01
-1.183061252472605629e+00 4.869936226713545979e-01
-2.085321242648743932e-04 -1.081811153830199515e-04
-1.556425954848773894e-04 -5.988834232344695982e-05
-1.228991584062828490e+00 4.323271897707650080e-01
-1.594340478982962694e-04 -8.226623984695868809e-05
-1.193982367256999799e+00 7.924638001118289310e-02
-1.786419016908254393e-04 -5.587296076721453468e-05
-2.050528918315316668e-04 -1.065118883603068497e-04
-5.740363434247099939e-01 -7.012740664594066357e-03
-1.642725325314170232e-04 -1.303532380254430686e-04
-1.430008118498907965e+00 4.128672584739911389e-01
-1.867904976455446648e-04 -8.707456920412762528e-05
-2.038416015023916394e-01 -1.029850349186454267e-01
-4.623256460079852581e-01 -1.640875110832729772e-02
-1.993786732028814622e-04 -1.219543563706372829e-04
-1.191641508471054989e+00 5.408344477753540547e-01
-1.373867361411582610e+00 6.546727434069046225e-01
-1.234199229813452980e+00 5.674594134078133623e-01
-2.316426111632632293e-04 -2.239105084637796957e-04
-1.980570944922887947e-04 -1.234870086864257703e-04
-1.272503655619495078e+00 6.740305329804889833e-01
-1.825803565112020467e-04 -1.103525220645456498e-04
-1.163083042944434098e+00 4.811701271335220298e-01
-1.082012694061358360e+00 1.521734413042482581e-01
-1.142332298193929230e+00 4.595381537128482852e-01
-2.259476805861067826e-04 -1.316965121878703709e-04
-5.623024384211454674e-01 -3.054115063732491531e-01
-1.614331168575613290e-02 -7.627647111487178416e-03
-1.620109330166918271e+00 7.639082434851434122e-01
-1.762730302015348336e-04 -9.596774517721162788e-05
-1.087210058918258726e+00 4.167624510861835385e-01
-1.491427942485143154e-01 -5.040021683279694714e-02
-1.871041228236962036e-04 -1.725549065652738070e-04
-1.411328565474808228e+00 4.349090707493365460e-01
-1.457547067993480772e+00 5.652321393448106468e-01
-9.466655485822496052e-01 4.590396290529455969e-01
-1.259360425604590494e+00 6.914855603900530445e-01
-1.703788930933604895e-01 -7.144773173012018697e-02
-1.347683452582042771e-04 -7.953178749321271031e-05
-6.327267165781585989e-01 -3.451414825346933463e-03
-2.524680509215433450e-04 -1.756874427953044378e-04
-1.843224135702770388e-04 -6.003053723329428176e-05
-1.185567941111517420e+00 5.749668790025633802e-01
-1.868169849572292164e-04 -9.561198733524386658e-05
-1.275792890568890448e+00 4.042248135559626809e-01
-2.196879331155661105e-04 -1.886665380831542723e-04
-1.769255887711239275e-04 -1.127913930061915125e-04
-1.173559642316699403e+00 4.466031800479827174e-01
-1.542710009677169314e+00 7.386099317752103932e-01
-8.489677728139758406e-01 1.551256101448818536e-01
-6.933903777155472348e-01 -1.527676971003661122e-01
-2.434146334419271776e-04 -1.506786154806188190e-04
-1.417584532184441803e+00 7.266734843848245973e-01
-1.333545778006579863e-01 -8.861430805278015799e-02
-5.021554124715761347e-01 -1.709238087195947414e-02
-1.200510464032116698e+00 3.801969138638106593e-01
-1.753948177794887610e-04 -1.185099185088785340e-04
-9.882222447556339162e-01 3.419264523642513987e-01
-9.270190294713811507e-01 -1.707331221811872191e-01
-1.434727469852525861e+00 7.688303926915085462e-01
-1.684234409688022127e-01 -5.497951609155617148e-02
-1.036720644253910306e+00 4.214156424574340698e-01
-1.243117634207806352e-04 -5.242121586014001624e-05
-1.071695448016781516e+00 -3.506277772700040762e-02
-1.273516700083920261e+00 2.531842414768359362e-01
-1.924001769875146109e-04 -9.616626369722586665e-05
-1.329641747200863090e-04 -5.435609899593013897e-05
-5.273494763405650598e-01 -1.388345001421202318e-01
-1.605236702264205118e+00 5.770910376545781428e-01
-6.780160291258492400e-01 3.388502666173371508e-02
-1.995093712349970381e-04 -1.276382082618239783e-04
-7.897343043981024380e-01 6.180709381888827708e-02
-8.314629344959316715e-01 -1.034974815691832271e-02
-1.783156940513964395e-01 -1.219068826588388110e-01
-1.645496174461581751e-01 -9.425860008217804009e-02
-1.094130191672713970e+00 8.957281701859234335e-01
-1.959918903252752434e-04 -1.230709342109653943e-04
-1.349486957719232771e+00 6.077956899594555429e-01
-1.572077884573182076e-04 -8.150697058230433484e-05
-4.585328182621716819e-01 -4.072057681960827846e-02
-1.495244332054262326e+00 3.228375204673835652e-01
-1.209485056803902614e+00 1.647949675622461529e-01
-9.216817703780844084e-01 2.807363402626309595e-02
-1.539320066109120836e-04 -3.397742724857804567e-05
-1.462115395126002415e+00 7.315526036367023810e-01
-1.241738111289544394e-01 -1.014633471296809142e-01
-1.687173297974772822e-04 -1.221904229348530133e-04
-2.360983509910422084e-04 -1.496391092144582185e-04
-1.365694352616567464e+00 7.058081574805812330e-01
-1.059927426979306198e+00 3.815497310127481945e-01
-1.098060257607375911e+00 2.371858544160001525e-01
-1.452253317388655374e+00 8.783860870553845679e-01
-8.497095538213679244e-01 2.558079950002756231e-01
-2.250382610570845826e-04 -1.526417913952323509e-04
-2.253555379702584284e-04 -1.323478479611874578e-04
-9.440063412048121938e-01 9.222071067841693115e-02
-6.772182917856977014e-01 9.147445166137875561e-02
-1.301255946001205643e+00 6.650494641637377802e-01
-7.789782462978729338e-01 -4.794482503079201818e-02
-7.542488968090912405e-01 1.344433747335153362e-01
-2.043516708443182694e-04 -1.655760355697429129e-04
-1.402902044021130168e+00 6.164508342023611309e-01
-6.441766761189015034e-01 -7.475782212036888308e-02
-6.176723570594002677e-01 1.046091967925170813e-01
-1.736140031704300863e-04 -9.062811462960700852e-05
-2.053161951278356396e-04 -1.706796310915292922e-04
-7.573859465222213538e-01 -1.500524107962388498e-01
-2.057406755415851739e-04 -1.377497161191039291e-04
-1.967696292682443230e-04 -1.200644733601135248e-04
-1.046852168744686118e+00 6.670387508369856056e-01
-9.861463378426029713e-01 2.600305767134072354e-01
-1.271112901104792137e+00 4.386706256225284539e-01
-1.284818944242735461e-01 -5.217933427653789757e-02
-4.805019096765416609e-01 -1.768939811167704462e-02
-1.158739916894057309e+00 3.991600217605094092e-01
-1.883857395687838221e-01 -1.186046650300794508e-01
-1.341053030942469082e+00 6.117325986478912014e-01
-1.714548790185851631e-04 -1.361870002263660339e-04
-2.178006857607460217e-04 -1.340060432937332808e-04
-1.687837339447862263e-04 -9.895785729813883196e-05
-1.292900088101325284e+00 5.444363715360244216e-01
-5.799160500516350458e-01 -1.334949594946254967e-02
-1.085506320935751834e+00 6.006111254198951421e-01
-2.033531212918331067e-04 -1.659906952794841886e-04
-6.774700222211172962e-01 -2.406549334212815597e-02
-1.150880871200358424e+00 2.778640263192163062e-01
-2.323032799748272321e-04 -1.642862524427106483e-04
-1.501424171048805012e-04 -5.738901132560291304e-05
-1.846680306849916575e-01 -9.245501663826960481e-02
-1.991121359694813207e-04 -1.171127093057431820e-04
-1.054088753728630534e+00 5.708561140763979136e-01
-1.993330643510411759e-04 -9.313202399567259784e-05
-1.120333287799252453e+00 -9.688879682872802643e-03
-1.710869792492953484e-04 -1.146768869426483656e-04
-1.274423229240022826e+00 7.191875051764300419e-01
-1.938327676900927397e-04 -1.116930555313852113e-04
-1.443362189290656294e+00 2.999115490282349694e-01
-1.264368668252321859e+00 4.375092594451931993e-01
-1.154517906626739698e+00 6.732592134424566499e-01
-1.894783738700427577e-04 -1.097730982388970189e-04
-1.561902294189237799e-04 -1.274921191921310102e-04
-2.076054635231153189e-04 -1.406775118062978855e-04
-2.139010957854831085e-02 -1.062226213998929830e-02
-4.418005861826753700e-01 -1.123844818239628646e-01
-2.110924857631870169e-04 -1.034025822772970815e-04
-1.322798993679957125e+00 6.838763006843905368e-01
-1.327514481340612340e+00 3.944844842581868849e-01
-1.043024187136607939e+00 4.913008537030884026e-01
-1.627754322393648102e-04 -1.023720837910724709e-04
-1.156171718958298733e+00 2.835723529672209420e-01
-2.336271357338147632e-04 -1.438976188437933023e-04
-1.883623204080506985e+00 8.163047333774915426e-01
-1.058402306634825818e+00 3.529432636126172973e-01
-1.677895081162034932e-04 -1.200111395744191340e-04
-4.413179549871264484e-01 -2.252096051105849372e-01
-6.147424218341125401e-01 1.072381026370325535e-01
-1.907536172908140537e-04 -1.098193283474514147e-04
-1.067349107669306463e+00 4.685548584934872696e-01
-1.008884908882518472e+00 4.702480260165020631e-01
-2.187479183453089348e-04 -1.608037612717313613e-04
-1.364250597118349617e+00 3.747182682930150777e-01
-1.421242418344994818e-01 -5.317955661000266926e-02
-1.193868781528560685e+00 3.029417949665982879e-01
-1.650394527028521100e-04 -5.478447170961947430e-05
-2.019422923447477536e-01 -8.458184478365420034e-02
-1.707518328649139632e-04 -1.139316559751884790e-04
-1.522372243564739103e+00 4.683597795801298092e-01
-1.123716814005269127e+00 3.434423355434215175e-01
-9.892526285259810592e-01 1.655959976207033724e-01
-1.161371787549256407e+00 2.807028632709978044e-01
-1.288153843515817360e-04 -6.418226448918917955e-05
-1.390436706874416561e+00 5.558674519862476515e-01
-9.379396635499060997e-01 -3.910006460723110949e-02
-7.279979794487162481e-01 -9.367418557472388663e-02
-1.504629863362514086e-01 -6.567535478682856587e-02
-1.290463795315589302e+00 7.102518823355729038e-01
-1.941211742723717160e-01 -1.028616379855114837e-01
-2.270886218419273074e-04 -1.559343347173970163e-04
-1.263284247676046412e+00 8.052276361411505601e-01
-1.006860647918222273e+00 1.599124354145748661e-01
-1.339413431308244238e-04 -5.621999546879033732e-05
-1.850870161252408572e-04 -1.597936113308895628e-04
-2.330184591082912172e-04 -1.574090198988613775e-04
-1.318895528033876996e+00 4.785306863196822635e-01
-1.518122248277187279e-04 -3.547343689280579122e-05
-1.324252168669241447e+00 5.935582734229588597e-01
-8.673768297678603467e-01 -5.199102450136158793e-02
-1.561732431030344870e-01 -7.189044188942372848e-02
-8.501789217128749021e-01 3.521973913832358027e-01
-1.693537429713283570e-04 -9.293312477406899248e-05
-1.039150790643406541e+00 1.967456216920829837e-01
-7.451851206099400216e-01 -7.078297526395360695e-02
-1.193875899789483386e+00 5.873364792563069425e-01
-1.394161258015833786e-04 -5.351463374701720892e-05
-1.959617388970902178e-04 -9.856280545014665213e-05
-9.597590938825713014e-01 -9.983895879171245102e-02
-1.996320099561356225e-04 -1.561590249648280634e-04
-2.232962608998577056e-04 -1.352291653525904006e-04
-1.116543992924025730e+00 5.127087890230143108e-01
-1.273316827430923670e+00 7.742961706043360870e-01
-2.226003410062667523e-04 -1.333551540184451192e-04
-1.974548409551864225e-02 -1.121618165370238777e-02
-1.597579446656375080e+00 6.397623464103601165e-01
-1.944282497457240091e-04 -1.668000883351476163e-04
-9.580609765470305961e-01 4.668116097470977333e-01
-1.178897470419327353e+00 4.316369703426848892e-01
-1.610567899787479962e-04 -7.537336719551429511e-05
-5.371881307421287888e-01 -8.581072073010684309e-02
-1.302984803713110429e+00 6.707189824311513560e-01
-1.914531803014974580e-04 -1.068505949816537842e-04
-7.336300480229026588e-01 -1.983773005141029333e-01
-2.141076107908118913e-04 -1.319909575193139073e-04
-1.382180313278022377e+00 5.988583408463092894e-01
-6.237792583605279439e-01 2.860389124699441732e-01
-2.432260065940695882e-04 -1.272625295666217848e-04
-1.770371267681738747e-01 -1.062954820162397840e-01
-1.045130311643372334e+00 6.690401353121914196e-01
-1.376569826386350368e-04 -9.407362945913630902e-05
-1.301197447258930717e+00 4.066109058541981201e-03
-1.532713358716186081e+00 4.293791438207942290e-01
-1.572623553792527450e-04 -7.946436885079034829e-05
-4.821196983805583480e-01 -1.095275827580007438e-01
-1.015233365543908972e+00 1.974992313770783658e-01
-1.437967049514492560e-04 -6.265155028808924601e-05
-2.138055679054999872e-04 -1.255510645673566471e-04
-1.418195018723346079e+00 4.674621568805906180e-01
-2.421221331824256154e-04 -1.201615464577775644e-04
-9.416029510461495903e-05 -8.016495839093929594e-05
-2.495756754384637673e-04 -1.553959006259526528e-04
-1.472720455317191535e+00 6.759328613901620653e-01
-1.204062976220043435e+00 4.952748645910352576e-01
-1.260846997523977553e+00 4.599291650803182252e-01
-5.936708194057525034e-01 9.899719870711821620e-03
-1.187490305007699032e+00 4.248460279654237559e-01
-2.036286361582217725e-04 -9.623093876101913445e-05
-1.903358879244200247e-04 -1.497216933860898494e-04
-1.207717063217876863e+00 8.102073236477296270e-01
-9.849232609476622491e-01 3.703706491744144236e-01
-5.774874542543303457e-01 -1.442885555929132035e-01
-3.119691547759864008e-04 -2.132593406762395912e-04
-1.739273980226365682e-04 -9.024600499932371189e-05
-2.612095181136963001e-04 -1.477859898286666175e-04
-1.011157231230869868e+00 2.441767180838882445e-01
-1.820616911214603987e-04 -8.562202716040130277e-05
-1.793049614649478893e-04 -1.306224381224983745e-04
-1.333589025144235274e+00 7.094641569298720807e-01
-1.639523666401436247e-04 -1.026223006161500363e-04
-1.673880576482051155e-04 -4.392425946005010587e-05
-1.653195066279401825e-04 -8.400396723815555151e-05
-1.336732023521291168e+00 3.725167994888000655e-01
-1.895957076931019392e-01 -1.066122641323337117e-01
-1.272323452697408985e+00 7.283542417790259682e-01
-6.542416134312654119e-01 -2.059792118748844381e-01
-1.490266806847229347e-04 -1.196553473870360127e-04
-2.020395453583498640e-04 -1.175339808725138008e-04
-1.618264752541203499e+00 7.742611962240295576e-01
-9.021223379064815528e-01 4.133482629311577838e-01
-1.494209508175492751e-01 -8.662629565718432678e-02
-6.200847076585327411e-01 -5.255738750374581991e-02
-1.454821850547096007e+00 4.028767451553830758e-01
-1.108047773514870604e+00 2.794456850696375172e-01
-1.303161065612912450e+00 4.316461953259664308e-01
-1.597512314497556783e-04 -7.211251179194452094e-05
-1.323786363916138028e-04 -6.449107002496210959e-05
-1.179103132116493535e+00 1.881166531647143481e-01
-6.991110456749221047e-01 -9.559646772422490668e-02
-2.331097939404799899e-04 -1.215478545437070435e-04
-1.672934265279739092e-04 -8.723610021930178671e-05
-7.927555110484602041e-01 1.268241574053773912e-01
-1.829003541886192437e-04 -1.177442907505656350e-04
-1.315484039417503526e-01 -6.819221146877306461e-02
-5.512820253940806658e-01 -1.265639225077470897e-01
-1.087829114728997348e+00 1.587361566193925266e-01
-1.841490787030639108e-04 -8.851899845262466452e-05
-1.653587966162661685e-04 -1.101315653303457077e-04
-1.569889828206897375e+00 8.162159557904469231e-01
-1.570517617148974672e-04 -6.062365978800663790e-05
-1.727340588405571475e+00 7.221392952999112769e-01
-6.790806315636715995e-01 6.972915206618172934e-02
-2.248497812097731961e-04 -1.605907640720917354e-04
-1.268811093240389373e-04 -1.133104141304562573e-04
-2.141689139492789287e-04 -1.257294212664191704e-04
-8.760500043102266154e-01 4.988096068769577729e-02
-9.296441407753004427e-01 3.453603488652093878e-01
-6.363121369418290874e-01 -9.589088626282772643e-02
-1.282499148358255952e-04 -8.477253947506318058e-05
-1.141267653216691436e+00 -9.632107143522429180e-03
-1.436255919325815178e-04 -7.368438271143626698e-05
-7.889801445955118009e-01 -4.683822320871710090e-03
-5.178676318079302732e-01 4.354845878071464393e-02
-5.485286392698263125e-01 5.161547725560835208e-03
-1.848588881250827650e-04 -7.169001059533095454e-05
-1.020068233282268810e+00 5.592901985363195605e-01
-2.472470474089767277e-04 -1.586479150955070073e-04
-2.050370150415973440e-04 -1.579690632946170433e-04
-1.266829517288395435e+00 4.971356581229092186e-01
-1.678332603516228261e-01 -6.436526038050009724e-02
-1.533399880179694197e+00 7.032551163595842647e-01
-1.224769040923760377e+00 5.313121532220208554e-01
-1.981478071997619188e-04 -1.696312662500986583e-04
-1.599327968314900590e-04 -9.212265024911049378e-05
-1.269133768532840545e+00 2.763953840059851785e-01
-1.093167274543327183e+00 1.931108628782398084e-01
-2.341172304718208219e-04 -1.826931872775900225e-04
-1.119015710060095259e+00 5.254799963330013535e-01
-1.120702153243740673e+00 6.735628693481963136e-01
-1.180177553517290701e+00 1.635518472467054618e-01
-1.617783772397844155e-01 -1.087417212351904777e-01
-1.874881240112932096e-04 -6.831536724335889098e-05
-1.319111440431276500e-04 -5.672653750527580129e-05
-7.143580463625415211e-01 7.860710744986422471e-02
-2.027224002617330611e-04 -1.362446031114480905e-04
-1.307135517088981347e+00 4.801634767784602742e-01
-1.372455104329882269e+00 5.378062056765849919e-01
-1.912820386752136018e-02 -8.164370945174208652e-03
-1.423842667519399109e-04 -1.166892990423369343e-04
