0.000000000000000000e+00 0.000000000000000000e+00 1.400794875624937208e-01
0.000000000000000000e+00 1.000000000000000000e+00 1.595510671265736591e-01
0.000000000000000000e+00 2.000000000000000000e+00 1.918076435710467653e-01
0.000000000000000000e+00 3.000000000000000000e+00 2.307406818785703584e-01
0.000000000000000000e+00 4.000000000000000000e+00 2.591183431219901134e-01
1.000000000000000000e+00 0.000000000000000000e+00 1.681105146103132331e-01
1.000000000000000000e+00 1.000000000000000000e+00 2.015326828875002030e-01
1.000000000000000000e+00 2.000000000000000000e+00 2.067105988003111738e-01
1.000000000000000000e+00 3.000000000000000000e+00 1.518751987306190543e-01
1.000000000000000000e+00 4.000000000000000000e+00 2.407185169052715734e-01
2.000000000000000000e+00 0.000000000000000000e+00 2.286980986739627908e-01
2.000000000000000000e+00 1.000000000000000000e+00 2.412201095729787359e-01
2.000000000000000000e+00 2.000000000000000000e+00 1.469200785297532785e-01
2.000000000000000000e+00 3.000000000000000000e+00 1.554943215825733971e-01
2.000000000000000000e+00 4.000000000000000000e+00 1.890182233651164778e-01
3.000000000000000000e+00 0.000000000000000000e+00 2.162969939907500860e-01
3.000000000000000000e+00 1.000000000000000000e+00 2.239434845288790776e-01
3.000000000000000000e+00 2.000000000000000000e+00 1.426624893407457961e-01
3.000000000000000000e+00 3.000000000000000000e+00 1.709062785235100912e-01
3.000000000000000000e+00 4.000000000000000000e+00 2.020075962417574311e-01
4.000000000000000000e+00 0.000000000000000000e+00 1.915636111442265699e-01
4.000000000000000000e+00 1.000000000000000000e+00 1.798227157339477855e-01
4.000000000000000000e+00 2.000000000000000000e+00 2.090106850250399440e-01
4.000000000000000000e+00 3.000000000000000000e+00 1.800600232184691452e-01
4.000000000000000000e+00 4.000000000000000000e+00 1.829113167000742113e-01
5.000000000000000000e+00 0.000000000000000000e+00 2.250568251514023510e-01
5.000000000000000000e+00 1.000000000000000000e+00 2.208460936153613663e-01
5.000000000000000000e+00 2.000000000000000000e+00 1.606410248924105832e-01
5.000000000000000000e+00 3.000000000000000000e+00 1.691667220148591055e-01
5.000000000000000000e+00 4.000000000000000000e+00 1.728791357492680814e-01
6.000000000000000000e+00 0.000000000000000000e+00 1.838886633029240825e-01
6.000000000000000000e+00 1.000000000000000000e+00 1.673083953792553480e-01
6.000000000000000000e+00 2.000000000000000000e+00 1.886024092034397637e-01
6.000000000000000000e+00 3.000000000000000000e+00 1.912902332064384814e-01
6.000000000000000000e+00 4.000000000000000000e+00 2.098141689830964052e-01
7.000000000000000000e+00 0.000000000000000000e+00 1.794146628256518272e-01
7.000000000000000000e+00 1.000000000000000000e+00 1.978091088302599554e-01
7.000000000000000000e+00 2.000000000000000000e+00 1.999213631187562734e-01
7.000000000000000000e+00 3.000000000000000000e+00 1.843468933544088195e-01
7.000000000000000000e+00 4.000000000000000000e+00 1.762199206250547046e-01
8.000000000000000000e+00 0.000000000000000000e+00 2.405219320458254761e-01
8.000000000000000000e+00 1.000000000000000000e+00 1.819572220372549509e-01
8.000000000000000000e+00 2.000000000000000000e+00 2.222542753837007945e-01
8.000000000000000000e+00 3.000000000000000000e+00 1.625058691699912683e-01
8.000000000000000000e+00 4.000000000000000000e+00 1.289207208537014315e-01
9.000000000000000000e+00 0.000000000000000000e+00 2.237917864970318527e-01
9.000000000000000000e+00 1.000000000000000000e+00 2.075228732662518782e-01
9.000000000000000000e+00 2.000000000000000000e+00 2.160136985776781038e-01
9.000000000000000000e+00 3.000000000000000000e+00 1.404047913328695385e-01
9.000000000000000000e+00 4.000000000000000000e+00 1.762845051292762366e-01
1.000000000000000000e+01 0.000000000000000000e+00 1.901488109549595018e-01
1.000000000000000000e+01 1.000000000000000000e+00 1.952215958275708430e-01
1.000000000000000000e+01 2.000000000000000000e+00 2.043173037377071510e-01
1.000000000000000000e+01 3.000000000000000000e+00 1.746564595643696205e-01
1.000000000000000000e+01 4.000000000000000000e+00 1.966541345444081934e-01
1.100000000000000000e+01 0.000000000000000000e+00 2.196605972029165021e-01
1.100000000000000000e+01 1.000000000000000000e+00 1.340408872893903425e-01
1.100000000000000000e+01 2.000000000000000000e+00 1.878022317060849822e-01
1.100000000000000000e+01 3.000000000000000000e+00 2.001282836237054108e-01
1.100000000000000000e+01 4.000000000000000000e+00 2.009341494995654787e-01
1.200000000000000000e+01 0.000000000000000000e+00 2.515428522930013844e-01
1.200000000000000000e+01 1.000000000000000000e+00 1.233849987036031853e-01
1.200000000000000000e+01 2.000000000000000000e+00 1.838365917432854546e-01
1.200000000000000000e+01 3.000000000000000000e+00 2.135369777176108208e-01
1.200000000000000000e+01 4.000000000000000000e+00 2.103855953252164179e-01
1.300000000000000000e+01 0.000000000000000000e+00 1.920429897078729520e-01
1.300000000000000000e+01 1.000000000000000000e+00 1.740695827077777813e-01
1.300000000000000000e+01 2.000000000000000000e+00 1.823642319867222195e-01
1.300000000000000000e+01 3.000000000000000000e+00 1.655462638963529909e-01
1.300000000000000000e+01 4.000000000000000000e+00 2.227493683968211624e-01
1.400000000000000000e+01 0.000000000000000000e+00 1.939408889820543325e-01
1.400000000000000000e+01 1.000000000000000000e+00 1.976006563334136990e-01
1.400000000000000000e+01 2.000000000000000000e+00 1.833545241823462957e-01
1.400000000000000000e+01 3.000000000000000000e+00 1.958372843226978133e-01
1.400000000000000000e+01 4.000000000000000000e+00 2.336329395745071202e-01
1.500000000000000000e+01 0.000000000000000000e+00 1.692559559180641382e-01
1.500000000000000000e+01 1.000000000000000000e+00 2.677099634114853965e-01
1.500000000000000000e+01 2.000000000000000000e+00 1.869049764828274729e-01
1.500000000000000000e+01 3.000000000000000000e+00 1.593414988709400681e-01
1.500000000000000000e+01 4.000000000000000000e+00 1.423877195834425957e-01
1.600000000000000000e+01 0.000000000000000000e+00 1.787786114707916596e-01
1.600000000000000000e+01 1.000000000000000000e+00 2.016169179167538184e-01
1.600000000000000000e+01 2.000000000000000000e+00 2.220429157454861524e-01
1.600000000000000000e+01 3.000000000000000000e+00 1.588191243518488061e-01
1.600000000000000000e+01 4.000000000000000000e+00 1.942118350928244142e-01
1.700000000000000000e+01 0.000000000000000000e+00 1.991735994035293000e-01
1.700000000000000000e+01 1.000000000000000000e+00 1.523421513377594960e-01
1.700000000000000000e+01 2.000000000000000000e+00 2.091520736028675553e-01
1.700000000000000000e+01 3.000000000000000000e+00 1.931532923976218563e-01
1.700000000000000000e+01 4.000000000000000000e+00 2.054001141927394303e-01
1.800000000000000000e+01 0.000000000000000000e+00 1.528099385230020091e-01
1.800000000000000000e+01 1.000000000000000000e+00 2.030045456919610802e-01
1.800000000000000000e+01 2.000000000000000000e+00 1.663032213310995100e-01
1.800000000000000000e+01 3.000000000000000000e+00 2.296967793583395423e-01
1.800000000000000000e+01 4.000000000000000000e+00 1.933574375825996006e-01
1.900000000000000000e+01 0.000000000000000000e+00 2.506288496148532108e-01
1.900000000000000000e+01 1.000000000000000000e+00 1.932464065563814226e-01
1.900000000000000000e+01 2.000000000000000000e+00 2.152551175460004906e-01
1.900000000000000000e+01 3.000000000000000000e+00 1.381243057384289596e-01
1.900000000000000000e+01 4.000000000000000000e+00 1.736518143136605852e-01
2.000000000000000000e+01 0.000000000000000000e+00 1.773313876159286484e-01
2.000000000000000000e+01 1.000000000000000000e+00 2.200029256465626804e-01
2.000000000000000000e+01 2.000000000000000000e+00 1.604747865526791606e-01
2.000000000000000000e+01 3.000000000000000000e+00 2.036604192054513041e-01
2.000000000000000000e+01 4.000000000000000000e+00 1.865307846000457681e-01
2.100000000000000000e+01 0.000000000000000000e+00 1.914410633267843997e-01
2.100000000000000000e+01 1.000000000000000000e+00 1.799819070584178782e-01
2.100000000000000000e+01 2.000000000000000000e+00 2.485631364495963780e-01
2.100000000000000000e+01 3.000000000000000000e+00 1.478490647118919366e-01
2.100000000000000000e+01 4.000000000000000000e+00 1.731435210871930530e-01
2.200000000000000000e+01 0.000000000000000000e+00 2.117970615921884181e-01
2.200000000000000000e+01 1.000000000000000000e+00 2.225052630373393348e-01
2.200000000000000000e+01 2.000000000000000000e+00 1.787165743141651553e-01
2.200000000000000000e+01 3.000000000000000000e+00 1.752079306811696602e-01
2.200000000000000000e+01 4.000000000000000000e+00 1.575188159668795274e-01
2.300000000000000000e+01 0.000000000000000000e+00 1.052141194924340190e-01
2.300000000000000000e+01 1.000000000000000000e+00 2.315785640876827367e-01
2.300000000000000000e+01 2.000000000000000000e+00 1.603500471085418100e-01
2.300000000000000000e+01 3.000000000000000000e+00 1.925814522306829868e-01
2.300000000000000000e+01 4.000000000000000000e+00 2.175186558065053954e-01
2.400000000000000000e+01 0.000000000000000000e+00 1.755635892934343245e-01
2.400000000000000000e+01 1.000000000000000000e+00 2.183401786954599355e-01
2.400000000000000000e+01 2.000000000000000000e+00 2.042840475384162524e-01
2.400000000000000000e+01 3.000000000000000000e+00 1.748745094026174507e-01
2.400000000000000000e+01 4.000000000000000000e+00 1.776627982896094859e-01
2.500000000000000000e+01 0.000000000000000000e+00 2.515259770242974646e-01
2.500000000000000000e+01 1.000000000000000000e+00 1.749543214879734077e-01
2.500000000000000000e+01 2.000000000000000000e+00 1.401656469771689895e-01
2.500000000000000000e+01 3.000000000000000000e+00 2.124152473926143869e-01
2.500000000000000000e+01 4.000000000000000000e+00 1.869918928223671117e-01
2.600000000000000000e+01 0.000000000000000000e+00 1.903214053620157498e-01
2.600000000000000000e+01 1.000000000000000000e+00 1.461270895904647205e-01
2.600000000000000000e+01 2.000000000000000000e+00 1.920675685876993832e-01
2.600000000000000000e+01 3.000000000000000000e+00 1.782801704698991352e-01
2.600000000000000000e+01 4.000000000000000000e+00 2.405150820880011253e-01
2.700000000000000000e+01 0.000000000000000000e+00 1.621564571572966240e-01
2.700000000000000000e+01 1.000000000000000000e+00 2.188192417475978147e-01
2.700000000000000000e+01 2.000000000000000000e+00 2.057272200421590425e-01
2.700000000000000000e+01 3.000000000000000000e+00 9.528264931494505319e-02
2.700000000000000000e+01 4.000000000000000000e+00 2.435652092643104671e-01
2.800000000000000000e+01 0.000000000000000000e+00 1.926455110130533555e-01
2.800000000000000000e+01 1.000000000000000000e+00 1.429067254801824893e-01
2.800000000000000000e+01 2.000000000000000000e+00 2.023278907743339128e-01
2.800000000000000000e+01 3.000000000000000000e+00 2.094330989384141639e-01
2.800000000000000000e+01 4.000000000000000000e+00 2.203048111111956253e-01
2.900000000000000000e+01 0.000000000000000000e+00 2.047093219290377630e-01
2.900000000000000000e+01 1.000000000000000000e+00 2.614360200249517541e-01
2.900000000000000000e+01 2.000000000000000000e+00 1.549363748444981537e-01
2.900000000000000000e+01 3.000000000000000000e+00 2.182787072425468877e-01
2.900000000000000000e+01 4.000000000000000000e+00 1.296586412285075929e-01
3.000000000000000000e+01 0.000000000000000000e+00 2.217579041289487185e-01
3.000000000000000000e+01 1.000000000000000000e+00 1.974846952229285801e-01
3.000000000000000000e+01 2.000000000000000000e+00 1.435164424845502829e-01
3.000000000000000000e+01 3.000000000000000000e+00 1.984713448493269916e-01
3.000000000000000000e+01 4.000000000000000000e+00 1.914054093559266756e-01
3.100000000000000000e+01 0.000000000000000000e+00 1.972864180864082884e-01
3.100000000000000000e+01 1.000000000000000000e+00 1.996255686145184949e-01
3.100000000000000000e+01 2.000000000000000000e+00 1.704233228264743494e-01
3.100000000000000000e+01 3.000000000000000000e+00 2.135792101717716163e-01
3.100000000000000000e+01 4.000000000000000000e+00 1.883949834312590166e-01
3.200000000000000000e+01 0.000000000000000000e+00 1.996879086867572595e-01
3.200000000000000000e+01 1.000000000000000000e+00 1.939178565133132526e-01
3.200000000000000000e+01 2.000000000000000000e+00 1.884884976180120075e-01
3.200000000000000000e+01 3.000000000000000000e+00 2.331525077464264017e-01
3.200000000000000000e+01 4.000000000000000000e+00 1.646527961358708603e-01
3.300000000000000000e+01 0.000000000000000000e+00 2.277368244094779004e-01
3.300000000000000000e+01 1.000000000000000000e+00 1.612890122363856149e-01
3.300000000000000000e+01 2.000000000000000000e+00 1.833548595689837579e-01
3.300000000000000000e+01 3.000000000000000000e+00 1.967141211923770783e-01
3.300000000000000000e+01 4.000000000000000000e+00 1.803890740692121186e-01
3.400000000000000000e+01 0.000000000000000000e+00 1.883735962866003033e-01
3.400000000000000000e+01 1.000000000000000000e+00 1.866220479516726427e-01
3.400000000000000000e+01 2.000000000000000000e+00 2.052270733602021280e-01
3.400000000000000000e+01 3.000000000000000000e+00 1.964629179332607611e-01
3.400000000000000000e+01 4.000000000000000000e+00 1.872400230935323262e-01
3.500000000000000000e+01 0.000000000000000000e+00 2.387937330452182816e-01
3.500000000000000000e+01 1.000000000000000000e+00 1.900825833831848166e-01
3.500000000000000000e+01 2.000000000000000000e+00 1.644384610634121446e-01
3.500000000000000000e+01 3.000000000000000000e+00 1.637664295841342876e-01
3.500000000000000000e+01 4.000000000000000000e+00 1.869546077401981476e-01
3.600000000000000000e+01 0.000000000000000000e+00 2.068890420890111548e-01
3.600000000000000000e+01 1.000000000000000000e+00 1.828196029505411435e-01
3.600000000000000000e+01 2.000000000000000000e+00 1.831302312633145968e-01
3.600000000000000000e+01 3.000000000000000000e+00 2.241102357259179556e-01
3.600000000000000000e+01 4.000000000000000000e+00 2.117750968141089707e-01
3.700000000000000000e+01 0.000000000000000000e+00 1.812584117252999949e-01
3.700000000000000000e+01 1.000000000000000000e+00 1.872754188289872390e-01
3.700000000000000000e+01 2.000000000000000000e+00 2.394070786645550453e-01
3.700000000000000000e+01 3.000000000000000000e+00 1.985279544963360066e-01
3.700000000000000000e+01 4.000000000000000000e+00 1.816177927096825628e-01
3.800000000000000000e+01 0.000000000000000000e+00 1.989409678433289863e-01
3.800000000000000000e+01 1.000000000000000000e+00 1.476983121682108324e-01
3.800000000000000000e+01 2.000000000000000000e+00 1.839474289630728399e-01
3.800000000000000000e+01 3.000000000000000000e+00 1.973208180605842965e-01
3.800000000000000000e+01 4.000000000000000000e+00 2.080097484190933377e-01
3.900000000000000000e+01 0.000000000000000000e+00 1.822525021063139128e-01
3.900000000000000000e+01 1.000000000000000000e+00 1.897744687281613107e-01
3.900000000000000000e+01 2.000000000000000000e+00 2.010400730980910766e-01
3.900000000000000000e+01 3.000000000000000000e+00 1.847956779423231000e-01
3.900000000000000000e+01 4.000000000000000000e+00 1.669255870821683696e-01
4.000000000000000000e+01 0.000000000000000000e+00 2.098225841726044372e-01
4.000000000000000000e+01 1.000000000000000000e+00 1.829617737746834505e-01
4.000000000000000000e+01 2.000000000000000000e+00 1.516615797185281445e-01
4.000000000000000000e+01 3.000000000000000000e+00 2.032316587125934937e-01
4.000000000000000000e+01 4.000000000000000000e+00 2.019841578947054184e-01
4.100000000000000000e+01 0.000000000000000000e+00 1.937062989554754755e-01
4.100000000000000000e+01 1.000000000000000000e+00 1.939119171612159465e-01
4.100000000000000000e+01 2.000000000000000000e+00 1.668578670925918717e-01
4.100000000000000000e+01 3.000000000000000000e+00 1.761524765673942172e-01
4.100000000000000000e+01 4.000000000000000000e+00 2.112708568628044736e-01
4.200000000000000000e+01 0.000000000000000000e+00 1.796757784151785942e-01
4.200000000000000000e+01 1.000000000000000000e+00 1.838095914704619971e-01
4.200000000000000000e+01 2.000000000000000000e+00 1.757123634447756433e-01
4.200000000000000000e+01 3.000000000000000000e+00 1.386133835749852605e-01
4.200000000000000000e+01 4.000000000000000000e+00 2.722826699928265759e-01
4.300000000000000000e+01 0.000000000000000000e+00 2.307645957550764626e-01
4.300000000000000000e+01 1.000000000000000000e+00 1.855846865214886010e-01
4.300000000000000000e+01 2.000000000000000000e+00 1.678138441989250329e-01
4.300000000000000000e+01 3.000000000000000000e+00 1.796226150837423319e-01
4.300000000000000000e+01 4.000000000000000000e+00 1.679825455633847109e-01
4.400000000000000000e+01 0.000000000000000000e+00 1.182931522984950884e-01
4.400000000000000000e+01 1.000000000000000000e+00 2.103020608915084633e-01
4.400000000000000000e+01 2.000000000000000000e+00 1.893755004012226684e-01
4.400000000000000000e+01 3.000000000000000000e+00 1.576237331483348048e-01
4.400000000000000000e+01 4.000000000000000000e+00 2.472714933567760620e-01
4.500000000000000000e+01 0.000000000000000000e+00 1.332530548655439517e-01
4.500000000000000000e+01 1.000000000000000000e+00 2.049238342335082674e-01
4.500000000000000000e+01 2.000000000000000000e+00 2.394408958790098796e-01
4.500000000000000000e+01 3.000000000000000000e+00 1.754669024692966650e-01
4.500000000000000000e+01 4.000000000000000000e+00 2.108188589253614242e-01
4.600000000000000000e+01 0.000000000000000000e+00 1.395958253309380892e-01
4.600000000000000000e+01 1.000000000000000000e+00 1.594899282590275524e-01
4.600000000000000000e+01 2.000000000000000000e+00 1.938948759063806593e-01
4.600000000000000000e+01 3.000000000000000000e+00 1.991964085142329810e-01
4.600000000000000000e+01 4.000000000000000000e+00 2.466036102658440698e-01
4.700000000000000000e+01 0.000000000000000000e+00 2.027956330990609568e-01
4.700000000000000000e+01 1.000000000000000000e+00 1.918944353990776897e-01
4.700000000000000000e+01 2.000000000000000000e+00 2.045281912548837233e-01
4.700000000000000000e+01 3.000000000000000000e+00 1.664536588233241632e-01
4.700000000000000000e+01 4.000000000000000000e+00 1.817311687875410864e-01
4.800000000000000000e+01 0.000000000000000000e+00 2.072360068344594741e-01
4.800000000000000000e+01 1.000000000000000000e+00 1.539381366683035546e-01
4.800000000000000000e+01 2.000000000000000000e+00 1.514448670575335165e-01
4.800000000000000000e+01 3.000000000000000000e+00 2.333255430760791671e-01
4.800000000000000000e+01 4.000000000000000000e+00 2.215028166568452916e-01
4.900000000000000000e+01 0.000000000000000000e+00 7.626168168266878045e-02
4.900000000000000000e+01 1.000000000000000000e+00 2.012394966653537343e-01
4.900000000000000000e+01 2.000000000000000000e+00 1.920441649672707252e-01
4.900000000000000000e+01 3.000000000000000000e+00 2.315425009536988266e-01
4.900000000000000000e+01 4.000000000000000000e+00 1.841339678395052526e-01
5.000000000000000000e+01 0.000000000000000000e+00 2.118929037881179811e-01
5.000000000000000000e+01 1.000000000000000000e+00 1.799304946934943139e-01
5.000000000000000000e+01 2.000000000000000000e+00 9.008971528370708637e-02
5.000000000000000000e+01 3.000000000000000000e+00 2.334200508348251157e-01
5.000000000000000000e+01 4.000000000000000000e+00 1.931806235215089429e-01
5.100000000000000000e+01 0.000000000000000000e+00 1.595296631243464103e-01
5.100000000000000000e+01 1.000000000000000000e+00 1.672515826707756392e-01
5.100000000000000000e+01 2.000000000000000000e+00 1.564975670500491634e-01
5.100000000000000000e+01 3.000000000000000000e+00 2.319790176280171201e-01
5.100000000000000000e+01 4.000000000000000000e+00 2.449586870329131805e-01
5.200000000000000000e+01 0.000000000000000000e+00 2.004629322275597869e-01
5.200000000000000000e+01 1.000000000000000000e+00 1.598220929747730668e-01
5.200000000000000000e+01 2.000000000000000000e+00 2.399528810816887181e-01
5.200000000000000000e+01 3.000000000000000000e+00 1.876372177086241544e-01
5.200000000000000000e+01 4.000000000000000000e+00 1.630702769200425006e-01
5.300000000000000000e+01 0.000000000000000000e+00 2.333093566583248901e-01
5.300000000000000000e+01 1.000000000000000000e+00 1.336151741095079615e-01
5.300000000000000000e+01 2.000000000000000000e+00 1.551172997786955665e-01
5.300000000000000000e+01 3.000000000000000000e+00 2.331731587506582770e-01
5.300000000000000000e+01 4.000000000000000000e+00 1.706660874809883821e-01
5.400000000000000000e+01 0.000000000000000000e+00 2.125564758924649855e-01
5.400000000000000000e+01 1.000000000000000000e+00 1.813700738987764349e-01
5.400000000000000000e+01 2.000000000000000000e+00 2.300654802277130317e-01
5.400000000000000000e+01 3.000000000000000000e+00 1.425163552724509897e-01
5.400000000000000000e+01 4.000000000000000000e+00 1.786927267590379120e-01
5.500000000000000000e+01 0.000000000000000000e+00 1.594570624901436862e-01
5.500000000000000000e+01 1.000000000000000000e+00 2.231987171629142841e-01
5.500000000000000000e+01 2.000000000000000000e+00 2.026671015156964462e-01
5.500000000000000000e+01 3.000000000000000000e+00 7.626135122756702578e-02
5.500000000000000000e+01 4.000000000000000000e+00 2.463698982583978347e-01
5.600000000000000000e+01 0.000000000000000000e+00 2.121708529286933376e-01
5.600000000000000000e+01 1.000000000000000000e+00 1.705593082980571829e-01
5.600000000000000000e+01 2.000000000000000000e+00 1.811148572134513857e-01
5.600000000000000000e+01 3.000000000000000000e+00 1.965526375747463916e-01
5.600000000000000000e+01 4.000000000000000000e+00 2.154021175412411393e-01
5.700000000000000000e+01 0.000000000000000000e+00 1.980255190099907692e-01
5.700000000000000000e+01 1.000000000000000000e+00 1.853391402406510124e-01
5.700000000000000000e+01 2.000000000000000000e+00 1.505466394482694592e-01
5.700000000000000000e+01 3.000000000000000000e+00 2.144088079822166482e-01
5.700000000000000000e+01 4.000000000000000000e+00 1.851942117023842593e-01
5.800000000000000000e+01 0.000000000000000000e+00 1.835582359019563015e-01
5.800000000000000000e+01 1.000000000000000000e+00 1.771500121699352004e-01
5.800000000000000000e+01 2.000000000000000000e+00 1.479744389937713567e-01
5.800000000000000000e+01 3.000000000000000000e+00 1.789816862693850985e-01
5.800000000000000000e+01 4.000000000000000000e+00 2.703718293183704491e-01
5.900000000000000000e+01 0.000000000000000000e+00 2.276661977835762185e-01
5.900000000000000000e+01 1.000000000000000000e+00 1.173690887279033590e-01
5.900000000000000000e+01 2.000000000000000000e+00 1.921665497882918405e-01
5.900000000000000000e+01 3.000000000000000000e+00 2.037920357447904340e-01
5.900000000000000000e+01 4.000000000000000000e+00 2.125882593556638056e-01
6.000000000000000000e+01 0.000000000000000000e+00 2.265982833441383404e-01
6.000000000000000000e+01 1.000000000000000000e+00 1.964454106225042296e-01
6.000000000000000000e+01 2.000000000000000000e+00 2.226232695150821006e-01
6.000000000000000000e+01 3.000000000000000000e+00 1.674705908914054520e-01
6.000000000000000000e+01 4.000000000000000000e+00 9.824976053089891359e-02
6.100000000000000000e+01 0.000000000000000000e+00 2.063732741818345706e-01
6.100000000000000000e+01 1.000000000000000000e+00 1.923735933216902949e-01
6.100000000000000000e+01 2.000000000000000000e+00 1.892083818091487846e-01
6.100000000000000000e+01 3.000000000000000000e+00 2.024217277539765159e-01
6.100000000000000000e+01 4.000000000000000000e+00 1.806383638927681334e-01
6.200000000000000000e+01 0.000000000000000000e+00 1.676033513607457504e-01
6.200000000000000000e+01 1.000000000000000000e+00 1.853698566886871901e-01
6.200000000000000000e+01 2.000000000000000000e+00 2.055664657477684343e-01
6.200000000000000000e+01 3.000000000000000000e+00 2.161375189686216836e-01
6.200000000000000000e+01 4.000000000000000000e+00 1.791719892315524754e-01
6.300000000000000000e+01 0.000000000000000000e+00 1.493398842588863074e-01
6.300000000000000000e+01 1.000000000000000000e+00 2.330432060562532548e-01
6.300000000000000000e+01 2.000000000000000000e+00 1.857836085828674655e-01
6.300000000000000000e+01 3.000000000000000000e+00 2.112329174110492702e-01
6.300000000000000000e+01 4.000000000000000000e+00 1.755252331897667328e-01
6.400000000000000000e+01 0.000000000000000000e+00 1.942895823494880381e-01
6.400000000000000000e+01 1.000000000000000000e+00 1.975697169994728164e-01
6.400000000000000000e+01 2.000000000000000000e+00 1.502958134494120912e-01
6.400000000000000000e+01 3.000000000000000000e+00 2.158203554532025226e-01
6.400000000000000000e+01 4.000000000000000000e+00 1.787051244259425520e-01
6.500000000000000000e+01 0.000000000000000000e+00 1.487685215076244016e-01
6.500000000000000000e+01 1.000000000000000000e+00 2.384288454285965753e-01
6.500000000000000000e+01 2.000000000000000000e+00 2.365601486595714509e-01
6.500000000000000000e+01 3.000000000000000000e+00 1.456729731612536882e-01
6.500000000000000000e+01 4.000000000000000000e+00 1.924469078582449200e-01
6.600000000000000000e+01 0.000000000000000000e+00 2.282964067103038508e-01
6.600000000000000000e+01 1.000000000000000000e+00 1.839533184353805140e-01
6.600000000000000000e+01 2.000000000000000000e+00 1.890826287584912446e-01
6.600000000000000000e+01 3.000000000000000000e+00 1.341739349870960107e-01
6.600000000000000000e+01 4.000000000000000000e+00 2.156171354159175102e-01
6.700000000000000000e+01 0.000000000000000000e+00 1.727261472955210209e-01
6.700000000000000000e+01 1.000000000000000000e+00 1.827472936364679668e-01
6.700000000000000000e+01 2.000000000000000000e+00 1.664298930415959721e-01
6.700000000000000000e+01 3.000000000000000000e+00 2.085977002250674894e-01
6.700000000000000000e+01 4.000000000000000000e+00 2.309024250658639477e-01
6.800000000000000000e+01 0.000000000000000000e+00 1.888125872520185211e-01
6.800000000000000000e+01 1.000000000000000000e+00 1.983223418735171051e-01
6.800000000000000000e+01 2.000000000000000000e+00 1.969836143328675127e-01
6.800000000000000000e+01 3.000000000000000000e+00 1.852865852875227592e-01
6.800000000000000000e+01 4.000000000000000000e+00 1.901007510388182664e-01
6.900000000000000000e+01 0.000000000000000000e+00 1.813506823519339950e-01
6.900000000000000000e+01 1.000000000000000000e+00 2.128726890022113460e-01
6.900000000000000000e+01 2.000000000000000000e+00 1.851825687757458483e-01
6.900000000000000000e+01 3.000000000000000000e+00 1.975664145776346858e-01
6.900000000000000000e+01 4.000000000000000000e+00 1.622284412868235104e-01
7.000000000000000000e+01 0.000000000000000000e+00 2.202286880721327778e-01
7.000000000000000000e+01 1.000000000000000000e+00 1.927508287116513341e-01
7.000000000000000000e+01 2.000000000000000000e+00 1.784438998456337189e-01
7.000000000000000000e+01 3.000000000000000000e+00 1.722967423176097190e-01
7.000000000000000000e+01 4.000000000000000000e+00 1.857924969911882163e-01
7.100000000000000000e+01 0.000000000000000000e+00 1.672202125632192282e-01
7.100000000000000000e+01 1.000000000000000000e+00 2.034685109484667132e-01
7.100000000000000000e+01 2.000000000000000000e+00 2.183331935217065756e-01
7.100000000000000000e+01 3.000000000000000000e+00 2.008748136810361296e-01
7.100000000000000000e+01 4.000000000000000000e+00 1.499702710242726833e-01
7.200000000000000000e+01 0.000000000000000000e+00 2.186087538072499503e-01
7.200000000000000000e+01 1.000000000000000000e+00 1.455636818798495546e-01
7.200000000000000000e+01 2.000000000000000000e+00 2.199538815116324764e-01
7.200000000000000000e+01 3.000000000000000000e+00 2.251735520687791203e-01
7.200000000000000000e+01 4.000000000000000000e+00 1.599372941670746673e-01
7.300000000000000000e+01 0.000000000000000000e+00 2.560467540275950249e-01
7.300000000000000000e+01 1.000000000000000000e+00 1.558683014015493640e-01
7.300000000000000000e+01 2.000000000000000000e+00 1.552457723664054379e-01
7.300000000000000000e+01 3.000000000000000000e+00 1.907275205189246370e-01
7.300000000000000000e+01 4.000000000000000000e+00 1.979134909190747027e-01
7.400000000000000000e+01 0.000000000000000000e+00 1.828053699364397822e-01
7.400000000000000000e+01 1.000000000000000000e+00 2.052897864561518404e-01
7.400000000000000000e+01 2.000000000000000000e+00 1.879193798458583531e-01
7.400000000000000000e+01 3.000000000000000000e+00 1.972294915703425022e-01
7.400000000000000000e+01 4.000000000000000000e+00 1.879051591759370587e-01
7.500000000000000000e+01 0.000000000000000000e+00 2.174507676245906185e-01
7.500000000000000000e+01 1.000000000000000000e+00 2.082057947466198766e-01
7.500000000000000000e+01 2.000000000000000000e+00 1.923707776783195877e-01
7.500000000000000000e+01 3.000000000000000000e+00 1.514232819899797577e-01
7.500000000000000000e+01 4.000000000000000000e+00 1.863505888717745529e-01
7.600000000000000000e+01 0.000000000000000000e+00 1.989237107777682700e-01
7.600000000000000000e+01 1.000000000000000000e+00 1.859684601471388865e-01
7.600000000000000000e+01 2.000000000000000000e+00 1.530589323010830838e-01
7.600000000000000000e+01 3.000000000000000000e+00 2.243795561464931310e-01
7.600000000000000000e+01 4.000000000000000000e+00 1.994234968189925739e-01
7.700000000000000000e+01 0.000000000000000000e+00 1.571101189220281136e-01
7.700000000000000000e+01 1.000000000000000000e+00 1.575378078021231754e-01
7.700000000000000000e+01 2.000000000000000000e+00 2.006747629583874870e-01
7.700000000000000000e+01 3.000000000000000000e+00 2.102522681498517343e-01
7.700000000000000000e+01 4.000000000000000000e+00 2.187232397678894880e-01
7.800000000000000000e+01 0.000000000000000000e+00 1.962772322261444047e-01
7.800000000000000000e+01 1.000000000000000000e+00 1.996695087557583126e-01
7.800000000000000000e+01 2.000000000000000000e+00 1.697681294828684018e-01
7.800000000000000000e+01 3.000000000000000000e+00 1.320514183209954839e-01
7.800000000000000000e+01 4.000000000000000000e+00 2.450272841439433968e-01
7.900000000000000000e+01 0.000000000000000000e+00 1.847565892381870523e-01
7.900000000000000000e+01 1.000000000000000000e+00 2.249800407829881665e-01
7.900000000000000000e+01 2.000000000000000000e+00 1.986942978182064667e-01
7.900000000000000000e+01 3.000000000000000000e+00 1.504806363544527459e-01
7.900000000000000000e+01 4.000000000000000000e+00 1.870790884029770174e-01
8.000000000000000000e+01 0.000000000000000000e+00 2.047332374751639761e-01
8.000000000000000000e+01 1.000000000000000000e+00 1.539860505032144000e-01
8.000000000000000000e+01 2.000000000000000000e+00 2.090896816178033635e-01
8.000000000000000000e+01 3.000000000000000000e+00 2.010605019061654786e-01
8.000000000000000000e+01 4.000000000000000000e+00 1.712649927281096884e-01
8.100000000000000000e+01 0.000000000000000000e+00 1.916702417505812273e-01
8.100000000000000000e+01 1.000000000000000000e+00 1.638742570927639308e-01
8.100000000000000000e+01 2.000000000000000000e+00 1.777630281997951145e-01
8.100000000000000000e+01 3.000000000000000000e+00 2.080339092447311133e-01
8.100000000000000000e+01 4.000000000000000000e+00 2.130762103646892669e-01
8.200000000000000000e+01 0.000000000000000000e+00 1.978751894700134795e-01
8.200000000000000000e+01 1.000000000000000000e+00 1.701888725534305702e-01
8.200000000000000000e+01 2.000000000000000000e+00 2.002029584376714133e-01
8.200000000000000000e+01 3.000000000000000000e+00 1.811313831978945965e-01
8.200000000000000000e+01 4.000000000000000000e+00 1.836788884710957581e-01
8.300000000000000000e+01 0.000000000000000000e+00 1.932837942614824833e-01
8.300000000000000000e+01 1.000000000000000000e+00 1.995992432857711663e-01
8.300000000000000000e+01 2.000000000000000000e+00 1.948725404474669909e-01
8.300000000000000000e+01 3.000000000000000000e+00 1.740083097889679742e-01
8.300000000000000000e+01 4.000000000000000000e+00 2.038408837004787588e-01
8.400000000000000000e+01 0.000000000000000000e+00 1.744792302972118514e-01
8.400000000000000000e+01 1.000000000000000000e+00 1.893932110868045693e-01
8.400000000000000000e+01 2.000000000000000000e+00 2.467393705272606375e-01
8.400000000000000000e+01 3.000000000000000000e+00 1.732190836933756861e-01
8.400000000000000000e+01 4.000000000000000000e+00 2.142699032793883851e-01
8.500000000000000000e+01 0.000000000000000000e+00 1.812663443090113680e-01
8.500000000000000000e+01 1.000000000000000000e+00 1.925872170519179749e-01
8.500000000000000000e+01 2.000000000000000000e+00 1.467080577500958494e-01
8.500000000000000000e+01 3.000000000000000000e+00 2.373598156118262581e-01
8.500000000000000000e+01 4.000000000000000000e+00 2.010640660073007013e-01
8.600000000000000000e+01 0.000000000000000000e+00 1.715308291966161358e-01
8.600000000000000000e+01 1.000000000000000000e+00 2.073979917661276651e-01
8.600000000000000000e+01 2.000000000000000000e+00 1.652778591300783639e-01
8.600000000000000000e+01 3.000000000000000000e+00 1.949321008594854243e-01
8.600000000000000000e+01 4.000000000000000000e+00 2.126765460131411489e-01
8.700000000000000000e+01 0.000000000000000000e+00 1.537195306592531174e-01
8.700000000000000000e+01 1.000000000000000000e+00 1.975718702371594970e-01
8.700000000000000000e+01 2.000000000000000000e+00 2.149139006931417295e-01
8.700000000000000000e+01 3.000000000000000000e+00 1.520515544273165764e-01
8.700000000000000000e+01 4.000000000000000000e+00 2.122528361912698891e-01
8.800000000000000000e+01 0.000000000000000000e+00 2.532338220463840606e-01
8.800000000000000000e+01 1.000000000000000000e+00 1.963363135533088832e-01
8.800000000000000000e+01 2.000000000000000000e+00 1.892755377221743418e-01
8.800000000000000000e+01 3.000000000000000000e+00 1.305823222543261997e-01
8.800000000000000000e+01 4.000000000000000000e+00 1.897330243876455547e-01
8.900000000000000000e+01 0.000000000000000000e+00 1.965531156278716440e-01
8.900000000000000000e+01 1.000000000000000000e+00 1.702262326102029766e-01
8.900000000000000000e+01 2.000000000000000000e+00 1.784559799462633600e-01
8.900000000000000000e+01 3.000000000000000000e+00 1.969850867017042539e-01
8.900000000000000000e+01 4.000000000000000000e+00 2.174716658310897888e-01
9.000000000000000000e+01 0.000000000000000000e+00 2.242804137364827199e-01
9.000000000000000000e+01 1.000000000000000000e+00 1.289945061766013812e-01
9.000000000000000000e+01 2.000000000000000000e+00 2.038489511840816670e-01
9.000000000000000000e+01 3.000000000000000000e+00 1.732071295230635521e-01
9.000000000000000000e+01 4.000000000000000000e+00 2.183207542688165581e-01
9.100000000000000000e+01 0.000000000000000000e+00 2.391781939891372000e-01
9.100000000000000000e+01 1.000000000000000000e+00 1.407003248411113905e-01
9.100000000000000000e+01 2.000000000000000000e+00 1.778165530990634124e-01
9.100000000000000000e+01 3.000000000000000000e+00 2.186922871902490795e-01
9.100000000000000000e+01 4.000000000000000000e+00 1.657516455538162736e-01
9.200000000000000000e+01 0.000000000000000000e+00 2.141806921083921622e-01
9.200000000000000000e+01 1.000000000000000000e+00 2.002937345385457646e-01
9.200000000000000000e+01 2.000000000000000000e+00 1.691861391895270461e-01
9.200000000000000000e+01 3.000000000000000000e+00 2.065384824276470799e-01
9.200000000000000000e+01 4.000000000000000000e+00 1.653339547956893529e-01
9.300000000000000000e+01 0.000000000000000000e+00 2.015121548900256354e-01
9.300000000000000000e+01 1.000000000000000000e+00 1.744787582889798516e-01
9.300000000000000000e+01 2.000000000000000000e+00 2.144363523687538298e-01
9.300000000000000000e+01 3.000000000000000000e+00 2.198060484686772675e-01
9.300000000000000000e+01 4.000000000000000000e+00 1.519241273891335231e-01
9.400000000000000000e+01 0.000000000000000000e+00 1.985366916888425259e-01
9.400000000000000000e+01 1.000000000000000000e+00 2.116825824665916067e-01
9.400000000000000000e+01 2.000000000000000000e+00 1.821381188547005758e-01
9.400000000000000000e+01 3.000000000000000000e+00 1.529094720043920330e-01
9.400000000000000000e+01 4.000000000000000000e+00 2.015007317174532797e-01
9.500000000000000000e+01 0.000000000000000000e+00 1.827580172055655039e-01
9.500000000000000000e+01 1.000000000000000000e+00 2.449284329338667632e-01
9.500000000000000000e+01 2.000000000000000000e+00 2.138266726595480782e-01
9.500000000000000000e+01 3.000000000000000000e+00 1.469321104321098803e-01
9.500000000000000000e+01 4.000000000000000000e+00 1.461376614410472563e-01
9.600000000000000000e+01 0.000000000000000000e+00 1.379247552711887481e-01
9.600000000000000000e+01 1.000000000000000000e+00 1.063515267673690590e-01
9.600000000000000000e+01 2.000000000000000000e+00 2.346714718868326000e-01
9.600000000000000000e+01 3.000000000000000000e+00 1.945978343888156437e-01
9.600000000000000000e+01 4.000000000000000000e+00 2.533597612672829347e-01
9.700000000000000000e+01 0.000000000000000000e+00 1.603622025361473302e-01
9.700000000000000000e+01 1.000000000000000000e+00 1.961207675340483347e-01
9.700000000000000000e+01 2.000000000000000000e+00 2.205055847375175793e-01
9.700000000000000000e+01 3.000000000000000000e+00 1.681482447911610556e-01
9.700000000000000000e+01 4.000000000000000000e+00 2.125780624720961798e-01
9.800000000000000000e+01 0.000000000000000000e+00 2.139080976617643015e-01
9.800000000000000000e+01 1.000000000000000000e+00 1.966243545884364674e-01
9.800000000000000000e+01 2.000000000000000000e+00 1.952142861361166326e-01
9.800000000000000000e+01 3.000000000000000000e+00 1.455912036605700177e-01
9.800000000000000000e+01 4.000000000000000000e+00 2.034670328594124500e-01
9.900000000000000000e+01 0.000000000000000000e+00 1.804202138174491876e-01
9.900000000000000000e+01 1.000000000000000000e+00 2.245155470386950847e-01
9.900000000000000000e+01 2.000000000000000000e+00 1.649707150808998324e-01
9.900000000000000000e+01 3.000000000000000000e+00 1.743157422935562306e-01
9.900000000000000000e+01 4.000000000000000000e+00 2.110559888138865414e-01
