0.0 0.0 34.454563362633102486
0.0 1.0 34.570396160517759654
0.0 2.0 34.386387783982158339
0.0 3.0 34.497006013591800411
0.0 4.0 34.403039788553293477
1.0 0.0 34.383743349790762522
1.0 1.0 34.571961151872173446
1.0 2.0 34.609096350477237536
1.0 3.0 34.522895008797746641
1.0 4.0 34.526117223772757825
2.0 0.0 34.309655157721387297
2.0 1.0 34.356217316557611241
2.0 2.0 34.488185092100444251
2.0 3.0 34.501264171293684058
2.0 4.0 34.464071611290727049
3.0 0.0 34.384277741269457351
3.0 1.0 34.327038832255787781
3.0 2.0 34.474215812759794630
3.0 3.0 34.600482818007137098
3.0 4.0 34.530948985972187870
4.0 0.0 34.508886475345178724
4.0 1.0 34.547368752786034918
4.0 2.0 34.418006199369308717
4.0 3.0 34.599559060537600885
4.0 4.0 34.437611381077502415
5.0 0.0 34.629364669025015644
5.0 1.0 34.414806626834291592
5.0 2.0 34.497829191230778179
5.0 3.0 34.459360409923498025
5.0 4.0 34.542135765046431573
6.0 0.0 34.336609104525820158
6.0 1.0 34.495508343833655829
6.0 2.0 34.453961891229475611
6.0 3.0 34.470401653817631882
6.0 4.0 34.655773300200436893
7.0 0.0 34.484398138230730524
7.0 1.0 34.384267348267286479
7.0 2.0 34.457019515180313363
7.0 3.0 34.521484202547732423
7.0 4.0 34.626599620075083408
8.0 0.0 34.552884448101366388
8.0 1.0 34.416598103283291721
8.0 2.0 34.514211573622908702
8.0 3.0 34.437709202207123838
8.0 4.0 34.555785287169221931
9.0 0.0 34.537682618227080411
9.0 1.0 34.500138530654950841
9.0 2.0 34.537568876214272962
9.0 3.0 34.485241561106754205
9.0 4.0 34.551182217953211762
10.0 0.0 34.447937091490885564
10.0 1.0 34.451376960211781864
10.0 2.0 34.462126609746810857
10.0 3.0 34.574906703263962982
10.0 4.0 34.639768045180574063
11.0 0.0 34.458355450335481862
11.0 1.0 34.356244143144245129
11.0 2.0 34.451621674223360969
11.0 3.0 34.624559713931290617
11.0 4.0 34.439246654155027727
12.0 0.0 34.528513289881743731
12.0 1.0 34.359906602494568517
12.0 2.0 34.462977988635714155
12.0 3.0 34.553118470745197044
12.0 4.0 34.688489877462927780
13.0 0.0 34.429712364470390185
13.0 1.0 34.471607488417426168
13.0 2.0 34.550150422293626207
13.0 3.0 34.526556533264439963
13.0 4.0 34.584150648737939093
14.0 0.0 34.281628848444796631
14.0 1.0 34.618962763508996261
14.0 2.0 34.584073709077813419
14.0 3.0 34.385198969220070353
14.0 4.0 34.605582372702734517
15.0 0.0 34.371581598420164028
15.0 1.0 34.587495374183426122
15.0 2.0 34.611157224062495175
15.0 3.0 34.527486403007657145
15.0 4.0 34.486201989020315750
16.0 0.0 34.434519457513630414
16.0 1.0 34.441596287917256802
16.0 2.0 34.503321457872146993
16.0 3.0 34.558532549141816048
16.0 4.0 34.489000989930069352
17.0 0.0 34.333566852202295649
17.0 1.0 34.478004557951983600
17.0 2.0 34.443776482400409122
17.0 3.0 34.509197281005775437
17.0 4.0 34.394032661534339468
18.0 0.0 34.519342463154863765
18.0 1.0 34.523327910178934985
18.0 2.0 34.558141527033967577
18.0 3.0 34.462202891257149417
18.0 4.0 34.483262388224076744
19.0 0.0 34.348971114949947037
19.0 1.0 34.382572807084521571
19.0 2.0 34.293249049011627960
19.0 3.0 34.516919394917728425
19.0 4.0 34.602082265590865973
20.0 0.0 34.477569109534222491
20.0 1.0 34.330783043208100480
20.0 2.0 34.570331114220223867
20.0 3.0 34.496116074906993276
20.0 4.0 34.391605529176473510
21.0 0.0 34.453753892084975519
21.0 1.0 34.592472027418864400
21.0 2.0 34.440498973006341998
21.0 3.0 34.523713739067744655
21.0 4.0 34.429174607555047771
22.0 0.0 34.630459958173688051
22.0 1.0 34.283143590807775070
22.0 2.0 34.510966173131720325
22.0 3.0 34.453976703339868948
22.0 4.0 34.502098040932352774
23.0 0.0 34.541001524865137640
23.0 1.0 34.493306237143002591
23.0 2.0 34.423228234849595708
23.0 3.0 34.424301581410688300
23.0 4.0 34.454860839176497223
24.0 0.0 34.477549937427113491
24.0 1.0 34.423922378395083399
24.0 2.0 34.404578130812367931
24.0 3.0 34.509009563905166829
24.0 4.0 34.461995596868881364
25.0 0.0 34.453831121204736121
25.0 1.0 34.609900589128052673
25.0 2.0 34.548392487327944878
25.0 3.0 34.597325510293337913
25.0 4.0 34.465584763568351434
26.0 0.0 34.434351561785881302
26.0 1.0 34.538650473380094752
26.0 2.0 34.583966561516859883
26.0 3.0 34.393482738188055237
26.0 4.0 34.516671695411659471
27.0 0.0 34.296753189216993007
27.0 1.0 34.581581054362565908
27.0 2.0 34.441742525039124700
27.0 3.0 34.609739060755579487
27.0 4.0 34.472965305709770689
28.0 0.0 34.417904152420923936
28.0 1.0 34.517220630818776783
28.0 2.0 34.467803105369263506
28.0 3.0 34.740222819020836198
28.0 4.0 34.542296513036063743
29.0 0.0 34.280295141619625099
29.0 1.0 34.766304387547641852
29.0 2.0 34.596884724865198280
29.0 3.0 34.292379909236075264
29.0 4.0 34.524984239163671873
30.0 0.0 34.560026502264555859
30.0 1.0 34.515953350603638228
30.0 2.0 34.540021106816176655
30.0 3.0 34.515740294591914505
30.0 4.0 34.598767269594070228
31.0 0.0 34.549154562731644091
31.0 1.0 34.389098863582916010
31.0 2.0 34.526063802618239151
31.0 3.0 34.439157838925048338
31.0 4.0 34.506085591504202625
32.0 0.0 34.491251945177928917
32.0 1.0 34.522278104220838202
32.0 2.0 34.439792817303164441
32.0 3.0 34.479178078525940521
32.0 4.0 34.473522208988264026
33.0 0.0 34.503558175637984107
33.0 1.0 34.498398504230380013
33.0 2.0 34.383988899838804798
33.0 3.0 34.502018023023069304
33.0 4.0 34.645587719200378274
34.0 0.0 34.451946077327015416
34.0 1.0 34.431520803294354494
34.0 2.0 34.416978637701610921
34.0 3.0 34.415950854677660686
34.0 4.0 34.626580816261281370
35.0 0.0 34.597045405096920945
35.0 1.0 34.253343068683896888
35.0 2.0 34.405684400708580029
35.0 3.0 34.415146599433633412
35.0 4.0 34.640670945285371829
36.0 0.0 34.372194643007404125
36.0 1.0 34.453954283221193577
36.0 2.0 34.431912101937150794
36.0 3.0 34.414937603052010218
36.0 4.0 34.691765973389877331
37.0 0.0 34.455197030891717702
37.0 1.0 34.637868032459216749
37.0 2.0 34.648390289559664268
37.0 3.0 34.517847330556186591
37.0 4.0 34.456152466413620061
38.0 0.0 34.436290130254249675
38.0 1.0 34.576332035746773386
38.0 2.0 34.521221722988045144
38.0 3.0 34.535696242656150901
38.0 4.0 34.524730868549461604
39.0 0.0 34.421823163407715640
39.0 1.0 34.574467572417177053
39.0 2.0 34.414094113787079721
39.0 3.0 34.474622833603504546
39.0 4.0 34.555797827275029022
40.0 0.0 34.401499672782165362
40.0 1.0 34.473892533633673452
40.0 2.0 34.510040383237367223
40.0 3.0 34.502083168416326941
40.0 4.0 34.535810038176492753
41.0 0.0 34.353425279521275115
41.0 1.0 34.423344829625847296
41.0 2.0 34.523810983984297707
41.0 3.0 34.457626302106135086
41.0 4.0 34.488477555234851479
42.0 0.0 34.471839044094998883
42.0 1.0 34.448175552347777284
42.0 2.0 34.467238317521875501
42.0 3.0 34.600926081624969299
42.0 4.0 34.592282043098620647
43.0 0.0 34.392600435678190252
43.0 1.0 34.476814303960985342
43.0 2.0 34.564550668830371194
43.0 3.0 34.485887935085230538
43.0 4.0 34.506863744464354227
44.0 0.0 34.502319468672425273
44.0 1.0 34.244812197889821448
44.0 2.0 34.455665399992710718
44.0 3.0 34.419006165748037063
44.0 4.0 34.757114946325444294
45.0 0.0 34.423411221149287087
45.0 1.0 34.509588057194839905
45.0 2.0 34.464771048990080260
45.0 3.0 34.493244617428167942
45.0 4.0 34.533187977357187037
46.0 0.0 34.351436390274045607
46.0 1.0 34.365208551006652726
46.0 2.0 34.461963963687068713
46.0 3.0 34.500533266414329603
46.0 4.0 34.646934671413504248
47.0 0.0 34.427279010010245486
47.0 1.0 34.346675384262923103
47.0 2.0 34.340631012848092496
47.0 3.0 34.551158028819017431
47.0 4.0 34.479903243349852460
48.0 0.0 34.534372221578642836
48.0 1.0 34.356668501028501339
48.0 2.0 34.498564087818358814
48.0 3.0 34.529931206436444313
48.0 4.0 34.418723344519179363
49.0 0.0 34.417714922687586920
49.0 1.0 34.450585141967017933
49.0 2.0 34.453408969250752136
49.0 3.0 34.516395430070126338
49.0 4.0 34.524649664443273878
50.0 0.0 34.507188258108406842
50.0 1.0 34.531474686075711134
50.0 2.0 34.475122673576180432
50.0 3.0 34.647798578364998434
50.0 4.0 34.447210417818588724
51.0 0.0 34.430861613437876656
51.0 1.0 34.423988117179121105
51.0 2.0 34.405125890679258305
51.0 3.0 34.560758712352821931
51.0 4.0 34.600908921030452348
52.0 0.0 34.429731185519003134
52.0 1.0 34.380848269787435356
52.0 2.0 34.390467870592637212
52.0 3.0 34.537687803479890647
52.0 4.0 34.488425733521765437
53.0 0.0 34.407549250090134763
53.0 1.0 34.376032663213443641
53.0 2.0 34.553891501419023768
53.0 3.0 34.346425025667365105
53.0 4.0 34.574868280534730047
54.0 0.0 34.300625070859688037
54.0 1.0 34.549697991630353044
54.0 2.0 34.594461197306323186
54.0 3.0 34.423151401806947547
54.0 4.0 34.541052203509003959
55.0 0.0 34.444516031564972991
55.0 1.0 34.387764811100176132
55.0 2.0 34.411336408794518604
55.0 3.0 34.487046289764691664
55.0 4.0 34.760913210500419268
56.0 0.0 34.504307579599661437
56.0 1.0 34.331451134639038969
56.0 2.0 34.524025729391091488
56.0 3.0 34.348420648525369359
56.0 4.0 34.596381351937715465
57.0 0.0 34.457721986001281778
57.0 1.0 34.436145334558680986
57.0 2.0 34.482158670569845071
57.0 3.0 34.557174134869285353
57.0 4.0 34.588217054235769865
58.0 0.0 34.427141565166600401
58.0 1.0 34.339499401523781330
58.0 2.0 34.478608899699437984
58.0 3.0 34.445991323541790052
58.0 4.0 34.549208807508890118
59.0 0.0 34.576865120485528848
59.0 1.0 34.389873282373599750
59.0 2.0 34.569581388671046795
59.0 3.0 34.602553780505992620
59.0 4.0 34.540938176704997886
60.0 0.0 34.374843387817129781
60.0 1.0 34.478148453065799117
60.0 2.0 34.424146744207931192
60.0 3.0 34.526181894565318942
60.0 4.0 34.593386558241292050
61.0 0.0 34.421752051862092969
61.0 1.0 34.605756700594909603
61.0 2.0 34.527884818561204838
61.0 3.0 34.468975148115212903
61.0 4.0 34.535025583444173947
62.0 0.0 34.545545634422012427
62.0 1.0 34.361995394873389387
62.0 2.0 34.596770935914939571
62.0 3.0 34.634965533630868606
62.0 4.0 34.531128297470047528
63.0 0.0 34.440082583241952818
63.0 1.0 34.400940626731831173
63.0 2.0 34.655111632450214643
63.0 3.0 34.512008934652911307
63.0 4.0 34.524163111580072894
64.0 0.0 34.344045833176735982
64.0 1.0 34.518771640773827869
64.0 2.0 34.521998059326591601
64.0 3.0 34.438795242788060591
64.0 4.0 34.611709912168542758
65.0 0.0 34.279295831906395620
65.0 1.0 34.353351838948505304
65.0 2.0 34.548118146842554665
65.0 3.0 34.500958959261446068
65.0 4.0 34.544530052533211517
66.0 0.0 34.345136652818432310
66.0 1.0 34.563474150331842338
66.0 2.0 34.492843012356217969
66.0 3.0 34.562594931162699652
66.0 4.0 34.598397909783493276
67.0 0.0 34.494764322410205182
67.0 1.0 34.383050415731261751
67.0 2.0 34.530538899360955440
67.0 3.0 34.600306614863271193
67.0 4.0 34.676944307976278026
68.0 0.0 34.310234769727728121
68.0 1.0 34.533067956167805335
68.0 2.0 34.387148967620667861
68.0 3.0 34.432994389542947999
68.0 4.0 34.610775031609563257
69.0 0.0 34.406570428172543075
69.0 1.0 34.435970302395169540
69.0 2.0 34.608979695368660146
69.0 3.0 34.309588081401841464
69.0 4.0 34.587646980756666437
70.0 0.0 34.555697500027811486
70.0 1.0 34.473895865179663645
70.0 2.0 34.532376641843782750
70.0 3.0 34.417428046308309320
70.0 4.0 34.527978105911827811
71.0 0.0 34.475527262708972387
71.0 1.0 34.435481942831373203
71.0 2.0 34.415215405163280593
71.0 3.0 34.489636269157401216
71.0 4.0 34.542342308221812175
72.0 0.0 34.451797445934538189
72.0 1.0 34.444741759690877814
72.0 2.0 34.572090609214306767
72.0 3.0 34.586941907981007205
72.0 4.0 34.498835863540563196
73.0 0.0 34.564575405272250919
73.0 1.0 34.435924679333218990
73.0 2.0 34.357697224823077420
73.0 3.0 34.485949725728680448
73.0 4.0 34.574123232909371950
74.0 0.0 34.445034802350193104
74.0 1.0 34.475874276357629356
74.0 2.0 34.580024754413230426
74.0 3.0 34.376985591015269961
74.0 4.0 34.647227785825961632
75.0 0.0 34.502958058415380549
75.0 1.0 34.258242090519360090
75.0 2.0 34.520533063204617008
75.0 3.0 34.449439954803075636
75.0 4.0 34.502550517216320713
76.0 0.0 34.485459219022558841
76.0 1.0 34.548639731821438659
76.0 2.0 34.391146467798250796
76.0 3.0 34.424958925436314416
76.0 4.0 34.585194396520002158
77.0 0.0 34.380512777873633468
77.0 1.0 34.511415749251213470
77.0 2.0 34.555002280096488221
77.0 3.0 34.368833568976782544
77.0 4.0 34.459646269926508921
78.0 0.0 34.413816580703660009
78.0 1.0 34.566727396969788799
78.0 2.0 34.498923756018044173
78.0 3.0 34.421983169918540568
78.0 4.0 34.443128624061493781
79.0 0.0 34.481133647667249420
79.0 1.0 34.573367965389977030
79.0 2.0 34.513229727160535276
79.0 3.0 34.598548649005337552
79.0 4.0 34.479123155246540477
80.0 0.0 34.351206849779302388
80.0 1.0 34.468125519596469530
80.0 2.0 34.366745410274660344
80.0 3.0 34.369495079713601626
80.0 4.0 34.640650830483203038
81.0 0.0 34.431486142580716603
81.0 1.0 34.550207638117008457
81.0 2.0 34.352562149482885445
81.0 3.0 34.471985987574356614
81.0 4.0 34.570714843229076507
82.0 0.0 34.528380945371807798
82.0 1.0 34.556935755194153614
82.0 2.0 34.466116706492755384
82.0 3.0 34.448288172804538476
82.0 4.0 34.639330704405125516
83.0 0.0 34.465161140842418774
83.0 1.0 34.489877672340128356
83.0 2.0 34.305013834030596342
83.0 3.0 34.548112736636610975
83.0 4.0 34.491260809347458860
84.0 0.0 34.553088294098081690
84.0 1.0 34.429548160964564829
84.0 2.0 34.492351149858322401
84.0 3.0 34.524564221505208650
84.0 4.0 34.541997182242511144
85.0 0.0 34.575707942490211622
85.0 1.0 34.519110171930307729
85.0 2.0 34.599205214799070518
85.0 3.0 34.665164552407581766
85.0 4.0 34.451985013601408525
86.0 0.0 34.586720987696054408
86.0 1.0 34.522255320993934902
86.0 2.0 34.451569329904948802
86.0 3.0 34.448596283893273551
86.0 4.0 34.664056261467315778
87.0 0.0 34.529837458948520634
87.0 1.0 34.531160598844920173
87.0 2.0 34.366587141501966585
87.0 3.0 34.651244994107081254
87.0 4.0 34.635110059591845300
88.0 0.0 34.529042460107255863
88.0 1.0 34.609522010608714027
88.0 2.0 34.506487539060010761
88.0 3.0 34.503874108456777492
88.0 4.0 34.613234741076126966
89.0 0.0 34.401780263037828433
89.0 1.0 34.320028258593019643
89.0 2.0 34.601885997348247770
89.0 3.0 34.685628624772981254
89.0 4.0 34.628841581647840542
90.0 0.0 34.434774064643548286
90.0 1.0 34.500184385429790268
90.0 2.0 34.472325924061436808
90.0 3.0 34.497665231931151197
90.0 4.0 34.734239359193111341
91.0 0.0 34.629732186042794240
91.0 1.0 34.486536111465092347
91.0 2.0 34.472762688962859556
91.0 3.0 34.521823512482534113
91.0 4.0 34.450804959038343611
92.0 0.0 34.494468367552563848
92.0 1.0 34.458997601999833194
92.0 2.0 34.480144737137905508
92.0 3.0 34.648045513957647756
92.0 4.0 34.453207914986151650
93.0 0.0 34.470454844802084438
93.0 1.0 34.468647683039897345
93.0 2.0 34.439396364210864476
93.0 3.0 34.658404077600096116
93.0 4.0 34.446494079117215392
94.0 0.0 34.482577394460641074
94.0 1.0 34.559426747802717728
94.0 2.0 34.665810970860995610
94.0 3.0 34.492379732372931755
94.0 4.0 34.544780943284330021
95.0 0.0 34.540162416971782022
95.0 1.0 34.359284547249906439
95.0 2.0 34.483948131805142623
95.0 3.0 34.559522427475670270
95.0 4.0 34.475090082649664680
96.0 0.0 34.543686928664257607
96.0 1.0 34.569067204232325707
96.0 2.0 34.408581822256323335
96.0 3.0 34.661358705480353137
96.0 4.0 34.528665076543077816
97.0 0.0 34.446710164112495534
97.0 1.0 34.500332357091998858
97.0 2.0 34.550912903443716573
97.0 3.0 34.481362550738282380
97.0 4.0 34.468746385830606016
98.0 0.0 34.556329926306126765
98.0 1.0 34.341762299128888003
98.0 2.0 34.566601294594519800
98.0 3.0 34.448917028205912061
98.0 4.0 34.628103710815175020
99.0 0.0 34.462555103064481443
99.0 1.0 34.217283925441009274
99.0 2.0 34.497273840390747068
99.0 3.0 34.533244270888104666
99.0 4.0 34.466703992310456783
