-8.148350061974819758e-02 -2.941938147384279972e-02
-6.458535775790098723e-05 -3.864472197515050601e-05
2.299546005923633866e-05 7.493268024361906296e-05
-1.434883703167004976e+00 1.484487316123481282e+00
-5.489302066559060833e-01 4.928599364858421983e-01
-6.387928142370379037e-02 -2.716199890936019448e-02
-7.248807994322983284e-01 5.746737744205291376e-01
-6.274016203967985872e-01 4.318175630246609553e-01
-4.441687101436823659e-01 5.258058906752535178e-01
5.767792541254873243e-05 1.295658244360200736e-04
-6.395978421442323203e-01 9.505377221688902090e-01
-7.054672853887045125e-01 1.028957863646943194e+00
-3.357239200633724274e-01 3.187228013902680956e-01
-6.452476647700744472e-01 2.854836181065449341e-01
-8.720069092984087983e-05 -5.765837532623005219e-05
-7.233217621582513912e-01 5.644971202398009202e-01
-9.614658587359071751e-01 1.136358747100470135e+00
-2.332374870842500447e-01 5.054346064538800531e-01
-1.054047145581493678e-04 -8.614170700565320098e-05
-3.853994346919669134e-01 4.850190418956997207e-01
-6.884373587298845409e-01 6.330384309054847281e-01
-5.013320175219946283e-05 -2.100285417759069221e-05
-2.248135980373628939e-01 4.857076973562106659e-01
-4.581779051407492975e-01 4.736263451581954609e-01
-9.930253296234481386e-01 8.313116451839205334e-01
-7.925093950598650547e-05 -1.422073667914067081e-05
-8.676860643859320987e-01 9.912412599976311300e-01
-4.118499480453219896e-01 4.092385586983781076e-01
-4.311265213424078646e-01 7.197840140429613287e-01
-5.914967057955517398e-05 -3.440714303602633963e-05
-7.157355402417741042e-01 3.914242431374080899e-01
-4.935240974287301019e-01 5.515384330901139665e-01
-6.886229505871884760e-01 5.990367786072917644e-01
-3.484245619693600027e-01 3.736664143265462923e-01
-4.823150613536455467e-01 6.602627151066871036e-01
1.698492095462975904e-05 3.685038410330808032e-05
-4.826500918000221629e-01 4.285019720304943935e-01
-7.337869682978545027e-01 8.174924726852942358e-01
-6.462866741210158139e-01 5.410432279856773885e-01
-7.829730039958601173e-01 5.594525934342661211e-01
-4.531465982442721696e-01 4.773981461989387776e-01
3.401429461141401408e-04 1.317115743755109813e-01
-9.719478089801572018e-01 9.363961298769056807e-01
-7.499303567716621988e-01 7.020979587768860775e-01
-4.547392420868268115e-01 2.194356813220619540e-01
-3.000601160527869848e-01 3.378787377953134108e-01
-1.060376021196228800e-04 -2.157658719263626525e-05
-6.122889767204365841e-01 1.211962047448465141e+00
1.956485334367099612e-06 1.683756094434774953e-05
-1.055268551629115725e-04 -4.716278194524589894e-05
-7.352668607557622026e-05 -5.016943854031534266e-05
-1.009749275292978643e+00 7.290802860711738109e-01
-3.570971362582647801e-01 6.028329297318941737e-01
-2.210110920978282378e-01 4.710496332575176970e-01
-7.338154744777848348e-01 7.258153383774330614e-01
-8.557072548457957909e-05 -4.191245508931688585e-05
-5.479243804089027892e-01 6.393316412834570972e-01
-3.158144065166415548e-01 3.749134684638668613e-01
-5.322447060553534559e-01 4.990883292829399465e-01
-7.187779034166553727e-01 8.054276598384917385e-01
-1.171662296543505288e+00 1.088089301289128619e+00
-2.697372873300417084e-01 3.787179753208304578e-01
5.028503694564619847e-02 1.730787422717665336e-01
-9.864793088138737367e-05 -2.492037256189932556e-05
-5.410841841772564553e-01 4.465151071353992696e-01
-8.378719413236805913e-01 6.788250568265629115e-01
-5.245214686654942060e-01 6.191745691811472163e-01
-6.594664129349316894e-01 5.372927730546788183e-01
3.138973613141889021e-05 4.129418543036839496e-05
-7.013486583397455787e-01 5.547147449637482852e-01
-4.854353108299750974e-01 8.160664318784180971e-01
-1.101961994926665843e-05 4.115181822091934758e-06
-9.903594312999054461e-01 5.858310321193422876e-01
-9.884999825829241527e-01 8.941756406553482694e-01
6.014657740855651297e-06 2.934285922020548403e-05
-4.221016590519536260e-01 5.762424546130086034e-01
-8.384703468639768120e-01 7.707443481033431354e-01
-6.413793510753815479e-05 -2.312287170737734905e-05
-3.826534825081027158e-01 2.956651168066275481e-01
-5.877524819922962385e-01 6.856932333471372765e-01
-2.468013094149749398e-01 1.762801383139775968e-01
-8.469299785913870782e-01 9.642920445538247787e-01
-3.931372657911149093e-01 3.883238259717242680e-01
-3.544472066663205689e-01 2.642589431544440925e-01
-8.565789057355857050e-01 7.710984938589203752e-01
3.822838603039706800e-05 6.632727294836103331e-05
-3.283008014928595064e-01 3.611886641931516539e-01
-1.014837861490338389e+00 8.583980799942857454e-01
-5.279127255215896319e-01 7.108698604136811650e-01
-1.078139102174523059e-04 -5.286486605067722532e-05
-4.199363108813825018e-01 5.141556094548318523e-01
-4.295570045661866732e-01 4.601066288920505620e-01
-6.455120993770334659e-01 3.392792569914320211e-01
-5.106203106225455368e-01 4.542055111285371316e-01
-6.881689134673811825e-01 8.154744888744736020e-01
-1.041019177945277097e+00 1.225927414524272230e+00
-9.053702537650002435e-01 7.046001268071783175e-01
-1.827077844783616956e-01 2.217595664640466258e-01
-5.004621659724637934e-05 -2.663152134681779764e-05
-2.739632739289440955e-01 3.553591021746432821e-01
-5.910084856791620878e-01 5.802604907470616524e-01
-4.585451466143790930e-05 -1.631245742169420333e-05
-5.666178614862158458e-01 7.176989348477799124e-01
-6.801600572457227223e-05 -3.412178805000677504e-05
-7.734490307380122998e-01 9.804193848235305264e-01
-6.623084356689013614e-05 -3.183742818388457573e-05
-6.108881913321974055e-01 4.539717282312766278e-01
-9.311535727000753715e-01 1.009785330634510814e+00
-2.763685515727462572e-01 5.913143951409667309e-01
-4.194959085420569833e-01 3.374206106454703535e-01
-1.541301262336629563e-01 1.838362616552662587e-01
-8.530002408432257877e-01 8.841712765197679014e-01
-4.271453035157772304e-01 4.348419599591576423e-01
-4.550766422220447471e-01 3.808967552993274275e-01
-8.262613151201053663e-01 7.188573803453340849e-01
4.632375591066272171e-05 1.121628667980623372e-04
-7.047348433433676673e-01 4.558501590201221032e-01
-7.017902950897725312e-01 8.336263813686746182e-01
-5.665364065985735847e-06 2.225957328449327339e-05
-7.203729563393463931e-01 2.446702508471794435e-01
-7.900523366345425513e-01 6.835096316151538787e-01
-5.001379822945538622e-01 4.149557157998899348e-01
-3.882718252912304435e-01 3.406452184188088483e-01
4.224174713544132825e-05 1.090424023653673334e-04
-7.924374198577471503e-05 -2.187790557900863572e-05
-5.018092486353362691e-01 7.775265131611982516e-01
-4.459317652385630937e-01 3.738392759809951449e-01
1.734417969657732483e-02 6.399649092755618773e-02
-1.178045662722483344e+00 7.633813743546846720e-01
-2.690817870953524649e-01 1.088908392873510905e-01
-3.813993274140645151e-01 4.354057700190634983e-01
-7.715558040303577281e-01 8.423118308852058922e-01
-5.702986475213080997e-01 6.217299510796824302e-01
-5.540091910430067212e-01 4.317573946349343439e-01
-4.042367968464655736e-01 2.425902668003556695e-01
-5.371758827587490570e-01 7.201134022194731754e-01
-4.700078909852429265e-01 5.091790644243788799e-01
-4.247321413281494595e-01 3.801377222755921714e-01
-9.845352784162323485e-05 -6.126381185728655679e-05
-7.147896386900579602e-01 8.691869953969534324e-01
-9.009314791201024075e-01 6.256642750438908829e-01
-1.991087003408406053e-01 3.568122624283753819e-01
-5.173212686099891711e-01 6.036266574461250922e-01
-8.425313634983278011e-01 6.525487980443380742e-01
-2.233395709858899403e-01 2.987630967034218821e-01
-2.944210955754945624e-01 6.641866000216517518e-01
-4.677584753432785791e-01 5.660221874503355011e-01
-9.576431487701033696e-01 7.126798326013514817e-01
-8.735827095911285307e-05 -3.174988650610991169e-05
-3.867899970329611858e-01 3.506966918796147747e-01
-4.201107251982958979e-01 4.163705749692184765e-01
3.227588267651281223e-04 6.265878746642679006e-03
-4.083944868213577606e-01 4.930577587301170350e-01
-4.452987091255029561e-01 1.163172637276047444e-01
-5.774745043811209122e-01 5.824496801696277259e-01
-6.196370933261058258e-05 -2.404011875198951444e-05
-8.467261691036555684e-05 -4.486784331169710831e-05
-2.999294042247701575e-01 3.241860735013400441e-01
-9.873202041616747637e-01 1.312109002736966623e+00
-4.549945874595594519e-01 5.570129299970676406e-01
-4.540639053644893730e-01 4.651922212930529876e-01
-1.479040683081342955e-01 2.361966519359258443e-01
-1.288653026590142192e-01 3.307947369538182247e-01
-5.067882915461850990e-01 1.627531938795539757e-01
-8.068193874293415613e-01 8.065322264987366818e-01
-4.558758100954328762e-01 3.428272828225019109e-01
-3.495221987941401310e-05 -2.230971551725732469e-06
-6.024496632475171420e-01 4.907875890213702075e-01
-8.272997484404163160e-01 6.957002986773276332e-01
-4.344810515972711840e-01 7.576472171509087694e-01
-9.200656947164185281e-05 -6.819525548843126709e-05
2.747834869153137141e-05 1.016389869234215180e-04
-6.615840881488005963e-05 -3.185103793946969178e-05
-5.601845632418814835e-01 6.602924723820250419e-01
-8.026248419993450289e-01 9.002531016747489234e-01
-3.851193129151690986e-01 3.961930530847537213e-01
-8.008773654564605993e-01 5.453679122063344042e-01
-7.916670261789976459e-01 8.105227975027806675e-01
-3.755137250992369724e-01 4.381215672754952273e-01
-3.255402796548687028e-01 3.962059372622627196e-01
-5.248995969848706533e-01 4.717100527008858402e-01
-4.292760470227147684e-01 1.774362865187682214e-01
-1.042077378604770121e+00 8.170151133677202582e-01
-4.735890668048984287e-01 8.235083270582101989e-01
1.215035913053625818e-06 1.688450526184386526e-05
-4.113316249041569228e-01 6.179402505241498034e-01
-6.051064891949282216e-05 -2.708746911332278597e-05
-1.019470382606982639e+00 6.866035881659130480e-01
-4.351340367057964231e-01 1.056171240423493973e+00
-8.220575015574931629e-05 -5.499329185234087873e-05
-5.151360068036013873e-01 5.615844068626328900e-01
-2.022746462538921989e-05 -3.765917740355055667e-06
-6.763398171557192251e-01 5.927011406190958454e-01
-8.639582743309249802e-01 5.857259978009244916e-01
-5.408297134758591751e-01 7.714404300642043744e-01
-4.997281682147883264e-01 6.556580708542981695e-01
-5.442205882253131621e-01 4.563514829512466120e-01
-3.788525637121862299e-01 3.465617687980082628e-01
-7.201557194360350689e-01 5.202266401788746553e-01
-5.777868755850897875e-01 6.022534546903861585e-01
-2.091937302233580764e-01 7.003692722481732469e-01
-7.148571895253028607e-01 7.835245051931187810e-01
-6.619790901446022445e-05 -4.474667571679514805e-05
-7.567986277424144648e-01 4.721024361876399178e-01
-5.533299264056178446e-01 4.992089674895350271e-01
-8.938841240430784874e-01 7.667235407700666583e-01
2.663532787610776427e-06 3.227209189952088300e-05
-7.421194158687268727e-01 4.512338717373520214e-01
-3.361843923551839364e-01 3.819573285357060199e-01
-4.735885873247913658e-01 6.143394836375966062e-01
-5.035808376917847440e-01 2.785726732733326272e-01
-3.484343091182713348e-01 3.397278149659481716e-01
4.420040410818237934e-05 8.516342274343193278e-05
-6.241593094188383484e-01 3.578297439446343486e-01
-9.565611224214630726e-01 9.574874396180003133e-01
-3.914794441392279167e-01 5.926618229422044859e-01
-6.576255028344303311e-01 4.992505283346968525e-01
-5.672859630698373623e-01 3.888706298738562883e-01
-3.891014744811629456e-01 4.254958110697564244e-01
-7.120143772168606722e-01 6.853724611387141952e-01
-6.354095558444934344e-01 7.140330792769100654e-01
-2.945141670335025275e-01 6.924339606760401278e-01
-1.100604631044716175e+00 8.194085808558062567e-01
4.645495881712908605e-05 5.839673769545536863e-05
-7.323532211015402194e-01 1.659281698095576296e-01
-5.807760935419056640e-05 -3.037659352776327554e-05
-1.002604671361070787e+00 6.953772859325408895e-01
-2.492528862719436689e-01 6.345355382870042638e-01
-4.813248440943447837e-01 4.575290704836970090e-01
-4.888373157043863770e-01 5.909810064907036198e-01
-5.271141011189001135e-01 5.862991405674541356e-01
-2.261353294826412008e-01 4.287072006744383490e-01
-7.854228304349335499e-01 6.572150367143891891e-01
-5.812367819876782139e-05 -3.454831532074802299e-06
-6.463840203735263801e-01 5.247061166891141548e-01
-6.946380172832220534e-01 5.923427416328521655e-01
-6.819990088705675246e-01 6.589570191494107387e-01
3.506309801859841860e-05 9.730670625141793657e-05
-3.381223770330949027e-05 -1.042334973411930798e-05
-7.670327003744830119e-01 5.465091103086100466e-01
-5.380542843869877689e-01 6.898229360339958038e-01
-5.747296922111393425e-01 5.968841731111558246e-01
-5.694256214191403265e-01 6.320505463861395556e-01
-1.301461128676914135e-04 -8.212053688916746215e-05
1.879674511294330091e-05 6.941336580360083766e-05
-6.991258887632393337e-01 4.359740645826036265e-01
-5.186074039135223357e-01 3.961261556642137194e-01
-4.806063770116785205e-01 5.043143406524656092e-01
-7.082261791806500062e-01 8.308137936151007708e-01
-4.495144043438110512e-09 3.953947119582975223e-05
-6.963590553283738327e-01 6.503321487515900667e-01
-7.086120322868871835e-01 8.831916306350937607e-01
-4.188115463255425164e-01 4.546954491168965773e-01
-9.042989462451274385e-02 1.182276280708634830e-01
-7.892371737878466141e-05 -3.076881727027209519e-05
-3.913112338297408122e-01 3.446206511815717022e-01
-4.228702838334872927e-01 1.411962668097120066e-01
-5.238964232315744818e-01 5.476374712373230924e-01
-6.070954486564550390e-01 7.568236872605386134e-01
-7.867586891017027684e-01 8.176065491648676353e-01
-8.367073848223532950e-01 1.050742147047596831e+00
-2.058795754232609354e-01 1.854896562072775867e-01
-9.273612290227571942e-01 8.411946049097190903e-01
-5.585394731701595061e-01 4.464243164456644930e-01
-3.755151567721885591e-05 -1.834919777339266741e-05
-8.555500403771443274e-01 1.035968489429563322e+00
-5.521917962216231768e-01 4.454639149386939723e-01
-5.498366881810380332e-05 -2.760763752403760140e-05
-3.701651886591823537e-01 2.984145089479480206e-01
-5.896538528691340764e-01 6.693484208521370826e-01
-6.792347145283803567e-01 6.387379767256946561e-01
-5.570143159455568371e-01 4.519737516362101193e-01
-7.700213459652930359e-01 7.764118853963529743e-01
3.665236067629463790e-05 6.255278500635589212e-05
-6.351486009398057409e-01 3.840037791013201085e-01
-4.946615227390046554e-01 3.386684887895845542e-01
-9.696118927778160090e-01 1.060020755455052477e+00
-8.829160449841833014e-01 7.734877632565925198e-01
-3.521350481197682363e-05 -5.169397421964819857e-05
-3.547620668838613045e-01 5.939449068653454011e-01
-4.360490389757731557e-05 5.079926943955085832e-06
-2.934695060794875188e-01 2.606551217836941547e-01
-2.257471061961368597e-01 2.375537080969762904e-01
-4.664278198834321265e-01 8.545107314395633535e-01
-1.365878050631580187e+00 9.526930510024733678e-01
-3.559380718591493298e-01 3.781969606255506933e-01
-6.932338669835150791e-01 6.261108208934987873e-01
-1.916721785692745918e-05 5.244200371646286441e-06
-7.369738035253355912e-01 7.790929218483881868e-01
-6.824365105671180709e-01 6.166743530614314794e-01
-1.272936278975460799e-04 -7.446402121227501639e-05
-4.424786676216655446e-01 6.218309714455371173e-01
-5.953584547727980292e-01 5.551769945933815453e-01
-3.227402870641069010e-01 3.903800407863493027e-01
-6.520181815741070697e-01 8.546817961363182281e-01
-5.991130441230902992e-01 4.635839544673198143e-01
-3.210824802750840701e-01 2.038487833990674791e-01
4.029091419236577906e-05 1.014873330651244298e-04
-8.294396793309355420e-01 7.712723412277837642e-01
-6.899278112140722063e-01 5.246932764999241439e-01
-1.094183010901721209e+00 9.450991913734926309e-01
-4.294302435236810247e-05 -1.397479886213570391e-05
-7.544505424790732828e-01 7.721324934317035371e-01
-5.667046958279789992e-01 6.109034453904463868e-01
1.444221322798006053e-05 3.377327478595773102e-05
-2.151340469922526644e-01 3.152466681719435782e-01
-3.357375640145199291e-01 4.847903262305866545e-01
-1.280601205551232745e-04 -6.948226408166461351e-05
-8.706279242425035703e-01 1.118588224678180421e+00
-4.977898978571976829e-01 4.200607506831584570e-01
-5.337262062036206567e-01 7.474798100940479584e-01
-5.601362375578355923e-01 5.169872110748255922e-01
-6.919744064468840161e-01 2.868055784852138190e-01
-4.799360592178040785e-01 6.190002939367490464e-01
-4.530387941168320665e-01 4.369782031017896973e-01
-4.706456900436509910e-02 5.416147087803563527e-03
-7.849983218231261217e-01 1.059648940399794403e+00
-6.397006526026434159e-01 3.925438941049704811e-01
-4.276848938700951671e-06 7.498677528631706686e-06
-7.476165054172132507e-01 7.303538168364718253e-01
-5.496744155312134339e-01 5.782244374406223519e-01
-4.340443974493533585e-01 3.841216759902616462e-01
-5.068134522261248387e-01 5.467988096248724839e-01
-4.677547849016345793e-01 4.471378304305304030e-01
-6.567015283947160720e-01 5.634385070457048617e-01
4.156159770288826548e-05 1.055209487375801894e-04
-5.668464856670251512e-05 -2.219854788868116040e-05
-8.833600403390470257e-01 6.497763279854369411e-01
-2.966018674463324900e-01 4.657975508768716355e-01
-7.064121754800288810e-01 4.845414788732729794e-01
-1.067005736595290522e+00 9.127641921511857603e-01
-2.287383855876828354e-01 3.569368463469069774e-01
-1.280605690068055413e-01 3.054298640644687035e-01
-6.506904708423483230e-01 5.217593041799342135e-01
-7.176583402268524869e-01 5.578713896264029248e-01
-8.582027200960067326e-01 9.012835083428983873e-01
-3.567730918993020084e-01 3.414484686191767704e-01
-8.950154541009424042e-05 -4.027781287891012623e-05
-6.505540727282015379e-01 6.698355888226857902e-01
5.036327119658149866e-06 4.022364254597368747e-05
-3.519304260575195631e-01 4.772436763970078211e-01
-2.970928784798577693e-01 5.213144155040027039e-01
-1.067151977244159118e-04 -2.995746835144697925e-06
-3.652496324267071048e-01 4.336597378772541478e-01
-7.404925608620421232e-05 -2.040101868564333414e-05
-7.335519532443960378e-01 7.772462162061278823e-01
-4.718497793438431454e-01 6.475595280560388911e-01
-4.867638089564502168e-01 4.512343525439532765e-01
-5.183288765294158384e-01 4.446246540879455478e-01
-6.676470634389431716e-05 -2.059808233601272462e-05
-7.405177231168933449e-01 9.383332116489628838e-01
-4.773662705729753711e-05 -1.136542483451317548e-05
-5.254875369474154567e-01 3.775226982380642804e-01
-3.617949696795397241e-01 3.455678498664944698e-01
-7.283164883999396766e-01 7.243824347515401829e-01
-2.692754779514880958e-01 2.264443813161290675e-01
-7.223786440720264546e-01 8.519790400136169062e-01
-5.105071884551107830e-01 4.601311695683369396e-01
-5.947945809391568250e-01 6.806864769026507167e-01
-6.264358996630381426e-01 3.921038247560659218e-01
-7.534890459106540206e-01 9.085702328122571281e-01
4.273312726263167231e-05 4.811799719909331299e-05
-1.072949582328545759e+00 4.726119071780727765e-01
-2.759013861402295209e-01 5.315325785551374693e-01
-6.859193090034149121e-01 4.671054525396523549e-01
-8.913362005704614788e-01 7.826959472072240187e-01
-7.817962372910828295e-01 5.655985346446190665e-01
-2.190357220556690527e-05 -3.386679846779058788e-05
-3.446162341547596153e-01 4.758413299828933574e-01
-7.028368450672319856e-01 9.131343812362154866e-01
-7.980665105660565972e-01 7.951411569150069747e-01
1.039254172678356221e-05 4.662415563886839018e-05
-6.072526314015296300e-01 5.846963181699953438e-01
-4.054030513890493070e-01 3.354501782075333671e-01
-6.675326037635199716e-01 5.096110609478236020e-01
-3.865005158232643345e-01 5.601995233975544108e-01
-8.543446995559544422e-05 -3.045208698169314177e-05
-6.031476351013205228e-01 6.962069585723195120e-01
-6.012335375340052135e-01 7.446937431032689680e-01
-4.833120070198251295e-01 2.688960040158573372e-01
-6.227400375185939696e-01 5.897761541866022306e-01
-8.349728512342180498e-01 4.920229759809250925e-01
-2.732548552305465520e-02 3.159605546243955954e-01
-8.664423440724288161e-01 1.077363570940619519e+00
-3.416046818326991530e-01 7.727203167794192973e-02
-1.933334321586084191e-05 -4.142648868962565460e-06
-6.451902060802038319e-01 4.904189698110907325e-01
-7.788040220739425035e-01 8.763336406480071172e-01
-6.386937647170254362e-01 6.151997652285600138e-01
-5.287792714421322149e-01 5.877106289401382577e-01
-8.353114590713206500e-01 5.062283969126893934e-01
-1.444000546798713077e-05 5.199114561294091217e-06
-2.187052195668923171e-01 2.081213888524664490e-01
-5.105624180415317959e-01 5.674464980922889756e-01
-9.646624007817916624e-01 1.169776079991905693e+00
-6.823196311425799854e-01 6.929955276890419347e-01
-6.040582044736295675e-01 7.191042186365097511e-01
-8.457248544731987838e-01 4.354275533563902179e-01
-3.005112240255768807e-05 -1.812285069984457967e-05
2.232496550818885653e-05 8.821055294014566717e-05
-8.073852766308473594e-01 7.106277553436138872e-01
-4.616822770631418549e-01 3.652181916339601875e-01
-3.945678780680627051e-01 6.445844231737359875e-01
-4.607105133388633145e-01 5.326324361844617661e-01
-5.760256545492195013e-01 3.248518370548633127e-01
-5.026192168896679302e-01 6.595927446795482041e-01
-2.906305256157529771e-01 2.773558043694426822e-01
-6.898962859463736441e-01 3.850956483479184289e-01
-4.297502832802464659e-05 -2.126571447138509764e-05
-9.030390542778119478e-01 1.100845147446528394e+00
-5.927147151655302038e-01 6.600107105971610988e-01
-5.212830128443378674e-01 3.932771608395622120e-01
-5.193088315619257544e-01 5.888470610049088005e-01
-5.422750757079680684e-01 7.390003232105117892e-01
-7.551027116984760398e-05 -3.458789173641462194e-05
-9.855018310120612637e-06 1.378579210020602630e-05
-9.879678589245404208e-01 1.089990402036777439e+00
-5.603098878525299994e-05 -4.088182075144992787e-05
-4.595784214536517975e-01 4.651247127710430584e-01
-8.856958657759967934e-01 8.973688100270975632e-01
7.233943055532682405e-05 9.407908514502807745e-05
-9.341434831472356093e-02 -1.860966974328532794e-02
-1.359229865745854804e+00 1.228775108816277051e+00
-6.325328450268149008e-05 -6.539651718502151605e-05
1.185105854282711597e-02 6.909853399033931420e-02
-3.797616778246767910e-01 5.281328864846377424e-01
-4.358531262154770509e-05 -6.535559479632601284e-06
-7.346060394933027204e-01 4.749411429982960398e-01
2.177279147326662652e-05 6.595335958944706920e-05
-9.488627172187443781e-01 8.459048599564706894e-01
-4.567831263656742524e-01 4.850026800356293522e-01
-5.316603181109931292e-05 2.010929176492242320e-05
-4.420832691398414172e-01 4.229949988966259511e-01
-7.298525126828470100e-01 5.285451680467441182e-01
-4.074591840016167921e-01 5.177623405106666077e-01
-5.032780091106424658e-01 3.556645930478021800e-01
-4.796824499309974565e-01 5.701171969681593232e-01
-5.654963804386213821e-01 6.586126319632343851e-01
-4.788470174685992009e-01 3.525055534611085117e-01
-6.745277084948178015e-01 6.051216689845626551e-01
-8.776718774988101490e-01 8.513300786338443560e-01
-4.256337752645134032e-01 2.601032133728343743e-01
-3.045440076601155233e-01 5.462550094378969545e-01
-5.706345551225840973e-01 7.400787046692168802e-01
-4.939892668517903984e-01 1.936126639341808620e-01
-5.194914309932239238e-01 8.591935704936077833e-01
-5.634510629031421369e-05 2.412549505829480743e-05
-4.580131809390365204e-05 -2.324451587773303995e-06
-3.220142547448658782e-05 -2.462060204872291554e-05
-8.113906800862918933e-01 7.303772679005399171e-01
2.062707944011004250e-05 1.077832477200804998e-04
-7.219110141951720599e-06 6.485703070953194049e-06
-6.273604406265228528e-01 6.332718608184634279e-01
-5.318008781886082170e-01 2.630391149160867803e-01
-8.405100163104076705e-01 6.260348828090845918e-01
-7.953931302125257785e-01 6.034753026403366638e-01
2.995489610702188360e-05 3.285158441217528378e-05
-7.339018188036587897e-01 8.237562747064349766e-01
-6.166730684874434099e-01 7.161792499355799091e-01
-8.757916620087483615e-05 -3.150311288547929785e-05
-5.794885582331675833e-01 6.491162912633607895e-01
-5.138631158221749207e-01 6.521476526652407735e-01
-4.675753855756640265e-01 4.482754120128130126e-01
-9.703786009724432087e-05 -6.512082515808033259e-05
-6.459811062085354383e-01 7.764217276613398777e-01
-9.343821370484471956e-06 6.684057225294665224e-05
3.603968275623116164e-05 9.117955103609619001e-05
-3.757536681829053982e-01 3.443329182270188360e-01
-7.856125707399274072e-01 4.172339750923255708e-01
-6.577539626177453247e-01 4.550377389113690607e-01
-6.120692421343391088e-01 9.491283621999097031e-01
-7.366073474429231105e-01 7.634218665956896688e-01
-6.102957769061518878e-01 6.327750786163956198e-02
1.232354191881008755e-05 2.939294182068393413e-05
-5.920596312175849807e-01 5.489975598542229385e-01
-6.089749226969101148e-01 6.024951305757645370e-01
-6.226725627312948985e-01 6.789008045477858966e-01
-5.227385629716273518e-01 6.684993125889919785e-01
-2.482635321636809313e-05 -6.588747984148334647e-06
-7.149348784337204998e-01 4.628395478834377852e-01
-4.446039655094321530e-01 1.546486893035899923e-01
6.964705444697698929e-05 8.929885627391018676e-05
-6.583464184285665599e-01 5.209078736915548902e-01
-8.969849556392481826e-01 4.124884425850202097e-01
-8.223707707170594405e-01 1.176472469687846356e+00
-4.730174519543227651e-01 4.996009794117236558e-01
-3.087576771009984400e-01 6.037841716202713149e-01
-8.954169399884784886e-01 7.592335788649903217e-01
-5.223108768736545171e-01 4.493731865461693675e-01
-6.556969287186576606e-05 -1.943575572248841234e-05
-9.492379954519780672e-01 1.153133218956516881e+00
-7.885254159924379724e-01 5.131372301180640028e-01
-2.541183212905585020e-01 1.351212007613694921e-01
7.204170091799077775e-06 3.656849428053356236e-05
-2.989753191006410127e-01 2.980402818379668251e-01
-7.386921543744711105e-01 7.005565073800132936e-01
-1.008335115248090164e+00 1.047014760663203425e+00
-8.150013537424701156e-05 -3.379976412166389862e-05
-3.703776213092648141e-05 -1.200601901277882038e-05
4.494958653468505099e-05 6.988379010387301500e-05
