0.0 0.0 30.981425091689761331
0.0 1.0 30.797734133738025264
0.0 2.0 30.923973646403446480
0.0 3.0 31.039662535374347385
0.0 4.0 30.876786350238447199
1.0 0.0 30.948846496375008286
1.0 1.0 30.991820669748427974
1.0 2.0 30.992563348820091562
1.0 3.0 30.855208422155008918
1.0 4.0 30.972207395438484667
2.0 0.0 30.854860476509234246
2.0 1.0 30.874451802690792590
2.0 2.0 31.065048281340423841
2.0 3.0 31.070703696502640412
2.0 4.0 30.953703266225062407
3.0 0.0 30.965983893655771197
3.0 1.0 30.865113132331799761
3.0 2.0 31.052060499380690572
3.0 3.0 30.883688381063151951
3.0 4.0 30.935240411878172750
4.0 0.0 30.893072490122023055
4.0 1.0 30.948848243399329050
4.0 2.0 30.940736849411745624
4.0 3.0 30.997358596698003197
4.0 4.0 31.045035389728205644
5.0 0.0 30.972632947283567972
5.0 1.0 30.855799169302208895
5.0 2.0 31.081474086297944837
5.0 3.0 30.908560870015115540
5.0 4.0 31.112393842954290335
6.0 0.0 30.892631602679486491
6.0 1.0 30.924452579553697973
6.0 2.0 30.995327797399465197
6.0 3.0 30.911264396183490533
6.0 4.0 30.930546098244761311
7.0 0.0 30.930255465580593466
7.0 1.0 30.874411430023918967
7.0 2.0 31.004475986769531204
7.0 3.0 30.934916783824473185
7.0 4.0 30.919196931668693651
8.0 0.0 31.004673892973631411
8.0 1.0 30.919647987637343789
8.0 2.0 30.930222463886511974
8.0 3.0 30.981260849243799527
8.0 4.0 30.916673024754977916
9.0 0.0 30.962803054758641252
9.0 1.0 30.897693249399743820
9.0 2.0 30.919208082869317877
9.0 3.0 31.116604131479540740
9.0 4.0 30.907418059392703924
10.0 0.0 30.843279131474126586
10.0 1.0 30.874427676991800240
10.0 2.0 30.972081988770391092
10.0 3.0 31.162193359910794754
10.0 4.0 30.918992503017648232
11.0 0.0 30.925628667293757701
11.0 1.0 30.879712870001281289
11.0 2.0 31.018614068690002483
11.0 3.0 30.889804193016928480
11.0 4.0 30.953726791812322006
12.0 0.0 30.914064446096258365
12.0 1.0 30.930204747149101507
12.0 2.0 31.167599688057194385
12.0 3.0 30.889840663667140319
12.0 4.0 30.939857611990561281
13.0 0.0 30.823261190948272770
13.0 1.0 31.010273371704801804
13.0 2.0 30.998195336983975778
13.0 3.0 30.962806583913906167
13.0 4.0 31.037056202636794211
14.0 0.0 30.868107505260045542
14.0 1.0 30.910192000546320656
14.0 2.0 31.119349720362151857
14.0 3.0 30.928906018913203013
14.0 4.0 31.010236911374846613
15.0 0.0 31.031366745791586936
15.0 1.0 30.827892842634454951
15.0 2.0 31.006714675061516573
15.0 3.0 31.076788219784297951
15.0 4.0 30.962975763135560214
16.0 0.0 30.779853655033861060
16.0 1.0 30.846517458420844804
16.0 2.0 30.876459069755505027
16.0 3.0 31.089193275077903422
16.0 4.0 30.977255203602563682
17.0 0.0 30.958154245327996534
17.0 1.0 31.035285949465986732
17.0 2.0 30.939521833153456498
17.0 3.0 31.005746018982478063
17.0 4.0 31.131097750135971580
18.0 0.0 31.023269816571460211
18.0 1.0 30.928997233683649171
18.0 2.0 30.883715584762644113
18.0 3.0 30.925588390295761343
18.0 4.0 30.901751596327716953
19.0 0.0 30.916285666126064768
19.0 1.0 30.809717475891623906
19.0 2.0 30.939598510892032834
19.0 3.0 31.000007919366744602
19.0 4.0 30.921316612548011449
20.0 0.0 30.937549345398441147
20.0 1.0 30.867873948432446696
20.0 2.0 31.018621667576166345
20.0 3.0 30.868735069238546487
20.0 4.0 31.041734335002587386
21.0 0.0 30.929668803215079720
21.0 1.0 30.841884593341191589
21.0 2.0 31.032556161693619856
21.0 3.0 30.958160171084156076
21.0 4.0 31.010391285376595505
22.0 0.0 30.818607531130027155
22.0 1.0 30.883728178295928757
22.0 2.0 31.068194593870021691
22.0 3.0 31.069984107173205246
22.0 4.0 30.998149313341141209
23.0 0.0 30.985350498575236600
23.0 1.0 30.976188887983024500
23.0 2.0 30.893043388522610115
23.0 3.0 30.976769822942657129
23.0 4.0 30.943586757045039803
24.0 0.0 30.950787809312611643
24.0 1.0 30.869779552641634979
24.0 2.0 31.006804118521849034
24.0 3.0 30.939191453806071053
24.0 4.0 31.041781198215485205
25.0 0.0 30.949227913090535225
25.0 1.0 30.910613911617623728
25.0 2.0 31.001230936710516772
25.0 3.0 30.963193956560722597
25.0 4.0 30.932086667776278688
26.0 0.0 30.906973143714598251
26.0 1.0 30.879112903935844514
26.0 2.0 30.920938426168721236
26.0 3.0 30.906986055201972619
26.0 4.0 31.063983176461750446
27.0 0.0 30.917324274611850399
27.0 1.0 30.883738745827919558
27.0 2.0 30.990717497803291991
27.0 3.0 30.995064320879588848
27.0 4.0 30.789948618775497380
28.0 0.0 30.920948476195206922
28.0 1.0 30.920935903547345447
28.0 2.0 30.881139376620438952
28.0 3.0 30.969721843650699356
28.0 4.0 30.997566482514102404
29.0 0.0 30.923271328221648702
29.0 1.0 30.838177236294853856
29.0 2.0 30.967476537376569468
29.0 3.0 30.961189170311502750
29.0 4.0 30.992055174898855086
30.0 0.0 30.953598300780029717
30.0 1.0 30.865149034987190646
30.0 2.0 30.981370121910529747
30.0 3.0 30.980628670298056448
30.0 4.0 30.921526583586764758
31.0 0.0 30.889922055353302710
31.0 1.0 30.984965057169368663
31.0 2.0 30.940951929818798050
31.0 3.0 31.044545443500346948
31.0 4.0 30.918655058925327950
32.0 0.0 30.984647266789842490
32.0 1.0 30.922816537290156447
32.0 2.0 30.902243599728130619
32.0 3.0 30.975102257492522995
32.0 4.0 30.927892191519912757
33.0 0.0 30.911639535766241238
33.0 1.0 30.859327028573421359
33.0 2.0 31.010245015546967551
33.0 3.0 30.918100104095803005
33.0 4.0 30.995501792880922665
34.0 0.0 30.905689129022889006
34.0 1.0 30.959469474217431895
34.0 2.0 31.051945299407911705
34.0 3.0 30.906053358781946372
34.0 4.0 30.902808020135797307
35.0 0.0 30.934873019049586418
35.0 1.0 31.076619029979184461
35.0 2.0 30.920898834497403840
35.0 3.0 30.886621941567725003
35.0 4.0 31.085163619494821319
36.0 0.0 30.973551919495569962
36.0 1.0 30.860461358366066520
36.0 2.0 30.948843630110221881
36.0 3.0 30.985754065370926469
36.0 4.0 31.044145075363008601
37.0 0.0 31.009338995457643051
37.0 1.0 30.930237281554976647
37.0 2.0 30.936561637601020180
37.0 3.0 30.944159887796374164
37.0 4.0 30.858738563416462597
38.0 0.0 30.906979481584606617
38.0 1.0 30.934905579941329279
38.0 2.0 31.044054405536641639
38.0 3.0 30.944210941132613613
38.0 4.0 30.980370522928588173
39.0 0.0 30.907021071337130280
39.0 1.0 30.821740821762269036
39.0 2.0 30.936387482564100537
39.0 3.0 30.990682461533115344
39.0 4.0 30.906878263950847696
40.0 0.0 30.912253017504493613
40.0 1.0 31.007503077988406659
40.0 2.0 30.879120299868890953
40.0 3.0 30.930268123699910632
40.0 4.0 31.127270860828144095
41.0 0.0 30.897698790972334848
41.0 1.0 30.846816938581625323
41.0 2.0 30.958660983096969233
41.0 3.0 30.921604987439501144
41.0 4.0 31.083324945037212217
42.0 0.0 31.055598250396361237
42.0 1.0 30.759209241779927879
42.0 2.0 31.083419962066535902
42.0 3.0 30.916304289241956837
42.0 4.0 31.026813452372657309
43.0 0.0 30.980724647765278235
43.0 1.0 30.893053661927410758
43.0 2.0 30.859771061624527988
43.0 3.0 30.959300653303298390
43.0 4.0 30.960315229038418039
44.0 0.0 31.003882740059303558
44.0 1.0 30.883527400217513303
44.0 2.0 30.906970923946197161
44.0 3.0 30.992289841619438562
44.0 4.0 30.888938114756111730
45.0 0.0 30.939527890105445351
45.0 1.0 30.905783693900239939
45.0 2.0 31.041875185821755423
45.0 3.0 30.979266338410067050
45.0 4.0 30.893592772744046471
46.0 0.0 30.911609336366108636
46.0 1.0 30.871024292044808135
46.0 2.0 31.061547338166811016
46.0 3.0 30.920325744352226138
46.0 4.0 31.082376227145427805
47.0 0.0 30.962728422461282207
47.0 1.0 30.980964465946261299
47.0 2.0 30.952830804457562408
47.0 3.0 30.947302564132591840
47.0 4.0 30.989030707732652559
48.0 0.0 30.962807608016937877
48.0 1.0 30.952253595992502255
48.0 2.0 30.848069332068504877
48.0 3.0 31.164776222530694127
48.0 4.0 30.904751559059192800
49.0 0.0 31.015731499136606431
49.0 1.0 30.893031006698048913
49.0 2.0 31.086777527529612541
49.0 3.0 31.015002097963620287
49.0 4.0 30.884243969459980406
50.0 0.0 30.986046935558693605
50.0 1.0 30.835257506570862063
50.0 2.0 30.998914642133673425
50.0 3.0 30.937418818353833672
50.0 4.0 31.000019003020881314
51.0 0.0 30.917926203190873480
51.0 1.0 30.959318107215914040
51.0 2.0 30.971414798153858783
51.0 3.0 30.945269053473172249
51.0 4.0 31.131380034572142534
52.0 0.0 30.962812453206439045
52.0 1.0 30.864507688843076494
52.0 2.0 30.916270358236598526
52.0 3.0 30.991053502951363186
52.0 4.0 31.164162198113526614
53.0 0.0 30.890179982407548920
53.0 1.0 30.921692029253094347
53.0 2.0 30.986040928241401105
53.0 3.0 31.096353953932748482
53.0 4.0 30.903522747869779153
54.0 0.0 30.874437190690091626
54.0 1.0 30.832553720232308336
54.0 2.0 30.884008621598454170
54.0 3.0 31.136107486709637016
54.0 4.0 31.018780091107874597
55.0 0.0 31.062881350455985086
55.0 1.0 31.023168769147236645
55.0 2.0 30.897734044472912274
55.0 3.0 30.939564444556172162
55.0 4.0 30.902679786673811435
56.0 0.0 30.940785267278066328
56.0 1.0 30.886807906864451212
56.0 2.0 31.150604407614260083
56.0 3.0 31.027776724252088769
56.0 4.0 30.912057950539125528
57.0 0.0 30.912699442036501551
57.0 1.0 30.880023528068086591
57.0 2.0 31.004485124332536117
57.0 3.0 30.944217997545923282
57.0 4.0 30.972243279642956537
58.0 0.0 30.811785977439711814
58.0 1.0 30.888377477065059651
58.0 2.0 30.986088698649961515
58.0 3.0 30.958576641503899651
58.0 4.0 30.996533370029659693
59.0 0.0 30.716148192695992947
59.0 1.0 30.896800919499572302
59.0 2.0 30.894408524089612911
59.0 3.0 31.046491816166909672
59.0 4.0 31.016499315914170865
60.0 0.0 30.990067285264611741
60.0 1.0 30.902315840448768114
60.0 2.0 30.934866309675793872
60.0 3.0 30.990723976337356760
60.0 4.0 30.888049937544359125
61.0 0.0 30.839418779761498257
61.0 1.0 30.890811048052441379
61.0 2.0 30.976759367914606713
61.0 3.0 30.992274798591147089
61.0 4.0 30.885148213972275499
62.0 0.0 30.902310502021599348
62.0 1.0 30.855826862863978022
62.0 2.0 31.009854090276434135
62.0 3.0 30.986009002781191413
62.0 4.0 30.960965487742555524
63.0 0.0 30.925606227322553821
63.0 1.0 30.855568561468867728
63.0 2.0 30.916268357099671249
63.0 3.0 31.097030746918786548
63.0 4.0 30.962956059726366220
64.0 0.0 31.012455914986404082
64.0 1.0 30.921115808577336992
64.0 2.0 31.123396856225959084
64.0 3.0 30.953487559562187670
64.0 4.0 30.898183971134258741
65.0 0.0 30.888363156737856485
65.0 1.0 30.934316966304791663
65.0 2.0 30.906756144756659666
65.0 3.0 30.944171564475713154
65.0 4.0 30.978673098767657734
66.0 0.0 30.854719239121788377
66.0 1.0 30.955905678863882002
66.0 2.0 30.948869931872437178
66.0 3.0 31.009521107133050322
66.0 4.0 31.009274155799353423
67.0 0.0 31.104271393317709737
67.0 1.0 30.969184758858645523
67.0 2.0 30.869750641134871216
67.0 3.0 30.937766769119225074
67.0 4.0 30.994867833920121569
68.0 0.0 30.874402383123637605
68.0 1.0 31.062041137486595233
68.0 2.0 30.948834598634139326
68.0 3.0 30.897691841881012920
68.0 4.0 31.149074395417546413
69.0 0.0 31.018210625270484115
69.0 1.0 30.968563849160972268
69.0 2.0 30.925585718758540565
69.0 3.0 30.897949082396973353
69.0 4.0 30.944440363542152994
70.0 0.0 30.950761005538826254
70.0 1.0 30.901754098075848276
70.0 2.0 31.049891307158986820
70.0 3.0 30.989368096227309479
70.0 4.0 30.916668534528106704
71.0 0.0 30.930812840744479786
71.0 1.0 31.074473156917790106
71.0 2.0 30.965090891357604619
71.0 3.0 30.953709823619604435
71.0 4.0 30.963222452403524443
72.0 0.0 30.827148352673951592
72.0 1.0 30.920935317085945115
72.0 2.0 31.106116473165890568
72.0 3.0 31.018217262057227401
72.0 4.0 30.861127452362865142
73.0 0.0 30.869783648963156963
73.0 1.0 30.883711287218144292
73.0 2.0 30.867151539696184415
73.0 3.0 30.939524049376224468
73.0 4.0 30.991462552755077553
74.0 0.0 30.998486720056099841
74.0 1.0 30.875366839703509925
74.0 2.0 30.916269209067905877
74.0 3.0 30.972085962508732138
74.0 4.0 31.048007528875150030
75.0 0.0 31.030224207750201515
75.0 1.0 30.796155023389129468
75.0 2.0 30.916273893368074965
75.0 3.0 30.995381279691436305
75.0 4.0 30.996090293986977571
76.0 0.0 30.925618955659633258
76.0 1.0 30.883782196126450259
76.0 2.0 30.977674534031635289
76.0 3.0 30.880028523135791829
76.0 4.0 30.981495623573756859
77.0 0.0 30.839711374206068228
77.0 1.0 31.042896694582580608
77.0 2.0 31.013938429843918243
77.0 3.0 30.918249280717763128
77.0 4.0 30.875829237405515215
78.0 0.0 30.855833184973185723
78.0 1.0 30.901169834252826263
78.0 2.0 31.017165338454443457
78.0 3.0 31.000001097892333490
78.0 4.0 31.026577242022291614
79.0 0.0 30.860474402389321824
79.0 1.0 31.018757112357466355
79.0 2.0 31.022884294252762061
79.0 3.0 30.948870557828463745
79.0 4.0 31.005658728725457252
80.0 0.0 31.024930310628359820
80.0 1.0 30.920939162914361731
80.0 2.0 31.110258160978851549
80.0 3.0 31.121796890903610233
80.0 4.0 30.884261931890581110
81.0 0.0 30.937000409971165737
81.0 1.0 30.961178762865088743
81.0 2.0 30.925585661530860193
81.0 3.0 31.013977930708943376
81.0 4.0 30.852564826901815564
82.0 0.0 30.939522883901350525
82.0 1.0 30.860485515067029638
82.0 2.0 30.976795457703882875
82.0 3.0 30.973324980115190641
82.0 4.0 30.883495993311445460
83.0 0.0 31.072408908797488181
83.0 1.0 30.881369002584982297
83.0 2.0 30.959287390809553386
83.0 3.0 31.018632266480594240
83.0 4.0 30.986114129835637954
84.0 0.0 30.893962175641195955
84.0 1.0 30.849336512318945580
84.0 2.0 30.964105272518104073
84.0 3.0 31.009338121409172118
84.0 4.0 30.930560347564540535
85.0 0.0 30.925592663365563340
85.0 1.0 30.966972434126049052
85.0 2.0 30.972099721500775615
85.0 3.0 30.916298035118508380
85.0 4.0 30.961667460177462630
86.0 0.0 30.916256850710475135
86.0 1.0 30.888399239937601948
86.0 2.0 30.948862563136081860
86.0 3.0 30.994874812592730251
86.0 4.0 30.887339011366940156
87.0 0.0 30.903407889493259120
87.0 1.0 30.841361878348269698
87.0 2.0 30.958160006330921021
87.0 3.0 30.962815746998838762
87.0 4.0 31.049810379819135164
88.0 0.0 30.959963733533765406
88.0 1.0 30.897019152130145159
88.0 2.0 30.883825325015042296
88.0 3.0 30.998956217030478655
88.0 4.0 30.955329659791718910
89.0 0.0 31.030983136147494150
89.0 1.0 30.902331528978024267
89.0 2.0 30.902326144087851389
89.0 3.0 31.101481384902410099
89.0 4.0 30.965502621087527046
90.0 0.0 30.967444002221519384
90.0 1.0 30.874444895223458474
90.0 2.0 30.981333274036757075
90.0 3.0 30.967420132920480569
90.0 4.0 30.951024161625191766
91.0 0.0 30.868981431657847025
91.0 1.0 31.010807565532417129
91.0 2.0 30.981397424035186816
91.0 3.0 30.883699702097199946
91.0 4.0 31.107902984488358555
92.0 0.0 30.916271822290902094
92.0 1.0 31.080983647957328486
92.0 2.0 31.034784829567453102
92.0 3.0 30.986058086900587938
92.0 4.0 30.990734040364749546
93.0 0.0 30.879077628311730308
93.0 1.0 30.964930575356305553
93.0 2.0 31.070326103255723638
93.0 3.0 30.933080973346537945
93.0 4.0 30.930552785530348814
94.0 0.0 30.810036035290437439
94.0 1.0 30.897677337904056571
94.0 2.0 31.142685431140517238
94.0 3.0 30.977298869341503007
94.0 4.0 30.881977023823136363
95.0 0.0 30.925626422855817310
95.0 1.0 30.964852177946696088
95.0 2.0 30.888368188146269944
95.0 3.0 30.860513048839337102
95.0 4.0 31.041768160978609359
96.0 0.0 31.061275828585504399
96.0 1.0 30.964731645118728665
96.0 2.0 30.957084481388932318
96.0 3.0 30.906991156494182604
96.0 4.0 30.851853000289530371
97.0 0.0 30.923250307822446104
97.0 1.0 31.091503554076830085
97.0 2.0 30.851182099052088859
97.0 3.0 31.078012786545794910
97.0 4.0 30.941837892178572389
98.0 0.0 30.837055306013720468
98.0 1.0 30.933740708423119514
98.0 2.0 30.981371586181932543
98.0 3.0 30.874421549232728523
98.0 4.0 31.139425364550426423
99.0 0.0 30.874423951902961960
99.0 1.0 31.014318635389859224
99.0 2.0 31.004407084519911564
99.0 3.0 30.943508749938899882
99.0 4.0 30.935183672112643194
