0.0 0.0 0.062157556263916364
0.0 1.0 0.105614848902343128
0.0 2.0 0.029251668506173504
0.0 3.0 0.012140165016327711
0.0 4.0 0.011951039550634909
1.0 0.0 0.083866018355373120
1.0 1.0 0.086466762690521004
1.0 2.0 0.052860476935397749
1.0 3.0 0.035088859046812373
1.0 4.0 0.007548852337692931
2.0 0.0 0.067942567762507011
2.0 1.0 0.045435161737990101
2.0 2.0 0.047590409225141565
2.0 3.0 0.063381078785664333
2.0 4.0 0.062875861146548306
3.0 0.0 0.031627607552362116
3.0 1.0 0.025749363529494196
3.0 2.0 0.088786961317771612
3.0 3.0 0.111018417035776473
3.0 4.0 0.020663563136141601
4.0 0.0 0.044860094362911565
4.0 1.0 0.011900559187207421
4.0 2.0 0.057979042318713439
4.0 3.0 0.038080293226008644
4.0 4.0 0.036485232522594335
5.0 0.0 0.031908778046482698
5.0 1.0 0.046229068865681441
5.0 2.0 0.070649424346037770
5.0 3.0 0.041716270462063325
5.0 4.0 0.020155364221611696
6.0 0.0 0.072035250855921940
6.0 1.0 0.038662234783034592
6.0 2.0 0.045493185143395579
6.0 3.0 0.010654957400962676
6.0 4.0 0.037198914342437620
7.0 0.0 0.072669964547494290
7.0 1.0 0.035246759510074020
7.0 2.0 0.024354501182679508
7.0 3.0 0.020808271572053783
7.0 4.0 0.072213896812706790
8.0 0.0 0.033679973035264855
8.0 1.0 0.025462303648640251
8.0 2.0 0.077316484982313111
8.0 3.0 0.061600563923993726
8.0 4.0 0.026316478953782866
9.0 0.0 0.037398278692747547
9.0 1.0 0.065712576802591807
9.0 2.0 0.021186261668655903
9.0 3.0 0.004152834431365715
9.0 4.0 0.028661415245900865
10.0 0.0 0.048179382418714327
10.0 1.0 0.044438017748565622
10.0 2.0 0.053587519535950444
10.0 3.0 0.013712127598105223
10.0 4.0 0.075529096712696836
11.0 0.0 0.036764919577917901
11.0 1.0 0.027127050912914341
11.0 2.0 0.045627832463299350
11.0 3.0 0.044611116248398724
11.0 4.0 0.013906445306567171
12.0 0.0 0.010539078092066723
12.0 1.0 0.049204833550455268
12.0 2.0 0.015810755370311229
12.0 3.0 0.053411671023461393
12.0 4.0 0.051873099875888548
13.0 0.0 0.016793870632359431
13.0 1.0 0.041410446149935873
13.0 2.0 0.063689660941156634
13.0 3.0 0.101678179682513858
13.0 4.0 0.034753925522247368
14.0 0.0 0.029477752249260275
14.0 1.0 0.060005652849074796
14.0 2.0 0.025293852124184148
14.0 3.0 0.077841892838600962
14.0 4.0 0.095592970815148046
15.0 0.0 0.009189696397938710
15.0 1.0 0.030192750362336981
15.0 2.0 0.039325517229423068
15.0 3.0 0.042553137181259540
15.0 4.0 0.060514440724281610
16.0 0.0 0.061941690853642158
16.0 1.0 0.033864012993248586
16.0 2.0 0.012190886138950297
16.0 3.0 0.051886840171684323
16.0 4.0 0.024353050737510859
17.0 0.0 0.041996445219286006
17.0 1.0 0.035060862783900179
17.0 2.0 0.025456703006632685
17.0 3.0 0.029367251205646774
17.0 4.0 0.042269240122066815
18.0 0.0 0.054589547572675583
18.0 1.0 0.047516462418201531
18.0 2.0 0.035790618175859282
18.0 3.0 0.077427435785933654
18.0 4.0 0.022342950590266079
19.0 0.0 0.002844696535450348
19.0 1.0 0.096596797610317128
19.0 2.0 0.014418235522573099
19.0 3.0 0.072975281807412695
19.0 4.0 0.017521975296599528
20.0 0.0 0.062970489170930830
20.0 1.0 0.010394459230347798
20.0 2.0 0.023070959044052621
20.0 3.0 0.050584249845839029
20.0 4.0 0.024634604772486045
21.0 0.0 0.048793008860258474
21.0 1.0 0.022708287666169641
21.0 2.0 0.044233216886857017
21.0 3.0 0.069095544271818715
21.0 4.0 0.033225662106129379
22.0 0.0 0.049342855367221355
22.0 1.0 0.046015663899500729
22.0 2.0 0.053894945671317911
22.0 3.0 0.017442803087317139
22.0 4.0 0.042632503783566214
23.0 0.0 0.015977580909712037
23.0 1.0 0.023422369210819628
23.0 2.0 0.079584482098007461
23.0 3.0 0.025790643156128085
23.0 4.0 0.063029300904572136
24.0 0.0 0.018934892509226600
24.0 1.0 0.052711191243992553
24.0 2.0 0.050461140398929079
24.0 3.0 0.067739521723570992
24.0 4.0 0.009972270760361279
25.0 0.0 0.053591641230180759
25.0 1.0 0.052471544022005732
25.0 2.0 0.090916891992290277
25.0 3.0 0.053850810193703177
25.0 4.0 0.027455991197296470
26.0 0.0 0.042686457851856097
26.0 1.0 0.095181211726206083
26.0 2.0 0.022779984735746276
26.0 3.0 0.019141622923146966
26.0 4.0 0.051454309318038745
27.0 0.0 0.061683142306263213
27.0 1.0 0.011266331988744382
27.0 2.0 0.058361082569508414
27.0 3.0 0.041460829570676025
27.0 4.0 0.018800623679737664
28.0 0.0 0.015720319794167735
28.0 1.0 0.026180942605140790
28.0 2.0 0.066210874117814317
28.0 3.0 0.013875623796805334
28.0 4.0 0.048486476138758457
29.0 0.0 0.018092834917033472
29.0 1.0 0.086590001250587356
29.0 2.0 0.011265857426324574
29.0 3.0 0.053023751836223210
29.0 4.0 0.038660175522885191
30.0 0.0 0.017064947214269349
30.0 1.0 0.091529072084603438
30.0 2.0 0.039158458331303138
30.0 3.0 0.029440033102542632
30.0 4.0 0.025073938387575805
31.0 0.0 0.053108202417500222
31.0 1.0 0.010517334248950709
31.0 2.0 0.146729159514906338
31.0 3.0 0.005036475476597822
31.0 4.0 0.071269088246158060
32.0 0.0 0.032100427677668311
32.0 1.0 0.035169087879289122
32.0 2.0 0.061658545164660537
32.0 3.0 0.031222206216589072
32.0 4.0 0.027106698862702942
33.0 0.0 0.048706301616281276
33.0 1.0 0.075764898945379050
33.0 2.0 0.049364373962226690
33.0 3.0 0.049986219530961468
33.0 4.0 0.017796443922770844
34.0 0.0 0.068844742296667150
34.0 1.0 0.014808364159822680
34.0 2.0 0.040044438137470911
34.0 3.0 0.072679764131974606
34.0 4.0 0.096224620389286780
35.0 0.0 0.039027178539498414
35.0 1.0 0.021471991901124914
35.0 2.0 0.027230126453187911
35.0 3.0 0.075606875564226003
35.0 4.0 0.048394188891981868
36.0 0.0 0.069911636349471035
36.0 1.0 0.053535263382571807
36.0 2.0 0.046628793702872713
36.0 3.0 0.032305477503289839
36.0 4.0 0.030486128407260348
37.0 0.0 0.020606473501882709
37.0 1.0 0.060249582194642812
37.0 2.0 0.053733161297416260
37.0 3.0 0.055907583815062001
37.0 4.0 0.026174520023086803
38.0 0.0 0.033171607475513815
38.0 1.0 0.010452389345782288
38.0 2.0 0.045170442840405986
38.0 3.0 0.060260423683288392
38.0 4.0 0.052278391260965791
39.0 0.0 0.032649747519574286
39.0 1.0 0.046507750746083647
39.0 2.0 0.043178803112311120
39.0 3.0 0.072458229643573915
39.0 4.0 0.060312139157125841
40.0 0.0 0.027347916775121564
40.0 1.0 0.053154038901901492
40.0 2.0 0.035613711248836798
40.0 3.0 0.021256875105668864
40.0 4.0 0.073345767107331331
41.0 0.0 0.023823558046658130
41.0 1.0 0.024933975696562430
41.0 2.0 0.055578701442211415
41.0 3.0 0.021801724478686911
41.0 4.0 0.040717256055387181
42.0 0.0 0.069990491807142188
42.0 1.0 0.059017288331704019
42.0 2.0 0.044487312321529290
42.0 3.0 0.021943599658622647
42.0 4.0 0.066438509483684377
43.0 0.0 0.030015086014870410
43.0 1.0 0.020257851662911618
43.0 2.0 0.065759582263926364
43.0 3.0 0.033547563833963442
43.0 4.0 0.028305145458634950
44.0 0.0 0.017995311210634548
44.0 1.0 0.050728124771936375
44.0 2.0 0.037593160050281391
44.0 3.0 0.050574112619870042
44.0 4.0 0.029679831172829144
45.0 0.0 0.014403065284762298
45.0 1.0 0.014765058723207158
45.0 2.0 0.057396194858332826
45.0 3.0 0.027169865194520720
45.0 4.0 0.061761841057931123
46.0 0.0 0.080713216068669019
46.0 1.0 0.041991631682400249
46.0 2.0 0.063393852983757978
46.0 3.0 0.054550022984342472
46.0 4.0 0.025318009192442273
47.0 0.0 0.070454990720085930
47.0 1.0 0.061857018347780034
47.0 2.0 0.030775034770236284
47.0 3.0 0.105184947863403544
47.0 4.0 0.024078066031605581
48.0 0.0 0.080510401024746631
48.0 1.0 0.025662820902168513
48.0 2.0 0.039270270477035678
48.0 3.0 0.019048403140849164
48.0 4.0 0.022695730381947193
49.0 0.0 0.014442830923347791
49.0 1.0 0.057289630535277802
49.0 2.0 0.073348433533887591
49.0 3.0 0.050936261176952428
49.0 4.0 0.045263757771169408
50.0 0.0 0.040543150490610982
50.0 1.0 0.060481268661655624
50.0 2.0 0.015964078707473572
50.0 3.0 0.040576282048308709
50.0 4.0 0.037241625353556011
51.0 0.0 0.041017593509299267
51.0 1.0 0.048719194315907391
51.0 2.0 0.018009226312263621
51.0 3.0 0.035080584949335671
51.0 4.0 0.045641837612572608
52.0 0.0 0.014395017069981024
52.0 1.0 0.017173650796336863
52.0 2.0 0.080046704385866932
52.0 3.0 0.062837856462066355
52.0 4.0 0.007078006923334275
53.0 0.0 0.012528478336834646
53.0 1.0 0.053376790466918789
53.0 2.0 0.014847798597327794
53.0 3.0 0.062679479738444316
53.0 4.0 0.060415076464539072
54.0 0.0 0.086627174559223474
54.0 1.0 0.046090715443564974
54.0 2.0 0.020230601360338184
54.0 3.0 0.021039353750466484
54.0 4.0 0.031723087213376980
55.0 0.0 0.013668194829079614
55.0 1.0 0.055433223415709859
55.0 2.0 0.027897133002131327
55.0 3.0 0.057623674317452474
55.0 4.0 0.048876269786289818
56.0 0.0 0.042867060800310490
56.0 1.0 0.022097888781168591
56.0 2.0 0.014016521405210557
56.0 3.0 0.095641157069480703
56.0 4.0 0.080412705463402387
57.0 0.0 0.088608544426246313
57.0 1.0 0.031772363228498510
57.0 2.0 0.091251264065442483
57.0 3.0 0.034652496439687500
57.0 4.0 0.036937831756082465
58.0 0.0 0.036183696209416971
58.0 1.0 0.046436116773800246
58.0 2.0 0.066820915912719159
58.0 3.0 0.042188547286056151
58.0 4.0 0.043918723890684921
59.0 0.0 0.020944177080442050
59.0 1.0 0.007347061785434615
59.0 2.0 0.082026063646372813
59.0 3.0 0.053724566494856137
59.0 4.0 0.082361686454753835
60.0 0.0 0.049862058449110229
60.0 1.0 0.013300466122827079
60.0 2.0 0.034353359500424709
60.0 3.0 0.074676707038279166
60.0 4.0 0.026382519902496331
61.0 0.0 0.003917012301611802
61.0 1.0 0.059755799165539344
61.0 2.0 0.023905437437571384
61.0 3.0 0.030678813386953833
61.0 4.0 0.036988109003095120
62.0 0.0 0.025771156579842892
62.0 1.0 0.031135381481282861
62.0 2.0 0.034715056016385776
62.0 3.0 0.018735277733646166
62.0 4.0 0.074223008469546284
63.0 0.0 0.021045863360663386
63.0 1.0 0.033086572179287149
63.0 2.0 0.001899688499835317
63.0 3.0 0.036036368338161366
63.0 4.0 0.028451838055262357
64.0 0.0 0.072141632533043384
64.0 1.0 0.057898376786925693
64.0 2.0 0.023496582608227123
64.0 3.0 0.026157080195252206
64.0 4.0 0.049821754260211931
65.0 0.0 0.048135548437494888
65.0 1.0 0.057748583450028555
65.0 2.0 0.023472693885268729
65.0 3.0 0.029376567366623706
65.0 4.0 0.094846897263534749
66.0 0.0 0.030308654377025547
66.0 1.0 0.022527989732148965
66.0 2.0 0.074005237142910157
66.0 3.0 0.065684820255461920
66.0 4.0 0.046400737245863521
67.0 0.0 0.074141297742559883
67.0 1.0 0.038925229690523991
67.0 2.0 0.025396036734554844
67.0 3.0 0.009162763660346261
67.0 4.0 0.047917264172935473
68.0 0.0 0.049738809990096708
68.0 1.0 0.052696926570211924
68.0 2.0 0.036551692360435303
68.0 3.0 0.034513346699708160
68.0 4.0 0.024135749603627750
69.0 0.0 0.036514882641740312
69.0 1.0 0.040735829196406628
69.0 2.0 0.051099765757028466
69.0 3.0 0.040814196567919445
69.0 4.0 0.005869131472680235
70.0 0.0 0.029071349651071662
70.0 1.0 0.071106938776053646
70.0 2.0 0.080061478875515568
70.0 3.0 0.045686599994145219
70.0 4.0 0.047957005021319138
71.0 0.0 0.060059907372405408
71.0 1.0 0.023352530313213202
71.0 2.0 0.031139362975036868
71.0 3.0 0.026212001124880771
71.0 4.0 0.083015993200189403
72.0 0.0 0.033465362178717165
72.0 1.0 0.040950905289929826
72.0 2.0 0.018029422799886577
72.0 3.0 0.040800183070308860
72.0 4.0 0.060583524623806763
73.0 0.0 0.068432526583965786
73.0 1.0 0.034505267292873690
73.0 2.0 0.062656841750002218
73.0 3.0 0.042674826263122030
73.0 4.0 0.028849124214273526
74.0 0.0 0.065422778537375506
74.0 1.0 0.013900612942327438
74.0 2.0 0.005385896670506186
74.0 3.0 0.076373284302534400
74.0 4.0 0.071228298047254737
75.0 0.0 0.055158707815116205
75.0 1.0 0.043832598842429793
75.0 2.0 0.033145890045107748
75.0 3.0 0.018143862448802634
75.0 4.0 0.038094818621439680
76.0 0.0 0.086365244285788012
76.0 1.0 0.058886801060064269
76.0 2.0 0.063160253793788063
76.0 3.0 0.033466059384946310
76.0 4.0 0.027187145489140856
77.0 0.0 0.044241945504589486
77.0 1.0 0.048596144744204317
77.0 2.0 0.049441629629805514
77.0 3.0 0.058182609608445041
77.0 4.0 0.050846939418888820
78.0 0.0 0.032925635652594168
78.0 1.0 0.028953964981722681
78.0 2.0 0.091331157977440541
78.0 3.0 0.032878645047184810
78.0 4.0 0.040061832917219931
79.0 0.0 0.060738539396289357
79.0 1.0 0.070575885992969878
79.0 2.0 0.072911186126933300
79.0 3.0 0.038096694256040738
79.0 4.0 0.010830686539770927
80.0 0.0 0.031025518367118820
80.0 1.0 0.021271262247836140
80.0 2.0 0.055198660297345950
80.0 3.0 0.042596794649351503
80.0 4.0 0.056375738803596906
81.0 0.0 0.044713216479405356
81.0 1.0 0.056494763354628622
81.0 2.0 0.070686568347910816
81.0 3.0 0.015440871163297676
81.0 4.0 0.015609560006780446
82.0 0.0 0.006336057575211121
82.0 1.0 0.027264770710933580
82.0 2.0 0.084060686096316228
82.0 3.0 0.041503338120464542
82.0 4.0 0.039917715872315414
83.0 0.0 0.011396462932721892
83.0 1.0 0.050463113711332171
83.0 2.0 0.082375412875520942
83.0 3.0 0.041644269732368615
83.0 4.0 0.031500416623239963
84.0 0.0 0.098546960050731380
84.0 1.0 0.018028969275161746
84.0 2.0 0.083168627902659248
84.0 3.0 0.012994999763206658
84.0 4.0 0.036717378670100519
85.0 0.0 0.025317597603351401
85.0 1.0 0.045437513551124992
85.0 2.0 0.050128570100405313
85.0 3.0 0.095026616961626620
85.0 4.0 0.063065380199367221
86.0 0.0 0.040104829980775768
86.0 1.0 0.017348268831359537
86.0 2.0 0.035131704864463299
86.0 3.0 0.062273771852960819
86.0 4.0 0.043063870659599671
87.0 0.0 0.026946032072848704
87.0 1.0 0.056269961363406784
87.0 2.0 0.029984292043451908
87.0 3.0 0.032191622523466981
87.0 4.0 0.027972614222558756
88.0 0.0 0.036519289602245798
88.0 1.0 0.024622336842453352
88.0 2.0 0.033805453077932229
88.0 3.0 0.053838136422915128
88.0 4.0 0.129675700063916960
89.0 0.0 0.017002261646004636
89.0 1.0 0.057307679641005443
89.0 2.0 0.044701793577507969
89.0 3.0 0.043854460158173160
89.0 4.0 0.038094897339168828
90.0 0.0 0.056188442362306232
90.0 1.0 0.029033003913077012
90.0 2.0 0.040984826471717993
90.0 3.0 0.075636644977098308
90.0 4.0 0.026028641786594611
91.0 0.0 0.110204829572402241
91.0 1.0 0.045248079440965684
91.0 2.0 0.049731797781527559
91.0 3.0 0.022532911147386293
91.0 4.0 0.082737691362801458
92.0 0.0 0.109290453152459777
92.0 1.0 0.057564340730780199
92.0 2.0 0.055793093781915847
92.0 3.0 0.031067840210668302
92.0 4.0 0.051114965708640936
93.0 0.0 0.066654863180860363
93.0 1.0 0.024616507830222546
93.0 2.0 0.026330715393786654
93.0 3.0 0.060410494068239499
93.0 4.0 0.042070062437800509
94.0 0.0 0.105128143689015102
94.0 1.0 0.027533143243604018
94.0 2.0 0.022470923348888207
94.0 3.0 0.025698828646199611
94.0 4.0 0.045365306575780980
95.0 0.0 0.054521647217627825
95.0 1.0 0.023723027363943376
95.0 2.0 0.022699363659955032
95.0 3.0 0.046650993062550328
95.0 4.0 0.055069293746675053
96.0 0.0 0.020308855513604927
96.0 1.0 0.057956349308647903
96.0 2.0 0.032460408556137521
96.0 3.0 0.019870530893411838
96.0 4.0 0.057146759046347209
97.0 0.0 0.045707126006540241
97.0 1.0 0.055758509264867154
97.0 2.0 0.017200255215334099
97.0 3.0 0.047960884987531462
97.0 4.0 0.013393748593825840
98.0 0.0 0.067383964307894118
98.0 1.0 0.073116546263670312
98.0 2.0 0.036009361383549321
98.0 3.0 0.036096731839538689
98.0 4.0 0.030119963576202440
99.0 0.0 0.056000899483498366
99.0 1.0 0.029974089887533230
99.0 2.0 0.025274032195455012
99.0 3.0 0.051892298935046280
99.0 4.0 0.102858710639561535
