0.000000000000000000e+00 0.000000000000000000e+00 1.449577010903908281e-01
0.000000000000000000e+00 1.000000000000000000e+00 1.660118931668111975e-01
0.000000000000000000e+00 2.000000000000000000e+00 1.284604557335466135e-01
0.000000000000000000e+00 3.000000000000000000e+00 2.150597948756159117e-01
0.000000000000000000e+00 4.000000000000000000e+00 1.088813550132407826e-01
1.000000000000000000e+00 0.000000000000000000e+00 1.292321026660895877e-01
1.000000000000000000e+00 1.000000000000000000e+00 2.042215440021147022e-01
1.000000000000000000e+00 2.000000000000000000e+00 1.302560517734673573e-01
1.000000000000000000e+00 3.000000000000000000e+00 1.066770035785473691e-01
1.000000000000000000e+00 4.000000000000000000e+00 1.308232369584570731e-01
2.000000000000000000e+00 0.000000000000000000e+00 1.028677537531333258e-01
2.000000000000000000e+00 1.000000000000000000e+00 1.602169780491430884e-01
2.000000000000000000e+00 2.000000000000000000e+00 1.886238305977832319e-01
2.000000000000000000e+00 3.000000000000000000e+00 1.888702002503157285e-01
2.000000000000000000e+00 4.000000000000000000e+00 1.630249606244664196e-01
3.000000000000000000e+00 0.000000000000000000e+00 1.732826376384266065e-01
3.000000000000000000e+00 1.000000000000000000e+00 1.537118745311163437e-01
3.000000000000000000e+00 2.000000000000000000e+00 1.999697516188230495e-01
3.000000000000000000e+00 3.000000000000000000e+00 1.433421372559932350e-01
3.000000000000000000e+00 4.000000000000000000e+00 1.662219397507933016e-01
4.000000000000000000e+00 0.000000000000000000e+00 1.552075611789127396e-01
4.000000000000000000e+00 1.000000000000000000e+00 1.440992158204053852e-01
4.000000000000000000e+00 2.000000000000000000e+00 1.072756223251872393e-01
4.000000000000000000e+00 3.000000000000000000e+00 1.481822057487234279e-01
4.000000000000000000e+00 4.000000000000000000e+00 2.397906092384502752e-01
5.000000000000000000e+00 0.000000000000000000e+00 1.397883610662107590e-01
5.000000000000000000e+00 1.000000000000000000e+00 1.189024494055452158e-01
5.000000000000000000e+00 2.000000000000000000e+00 1.568258086653940564e-01
5.000000000000000000e+00 3.000000000000000000e+00 1.390580571159300560e-01
5.000000000000000000e+00 4.000000000000000000e+00 2.001560621650738947e-01
6.000000000000000000e+00 0.000000000000000000e+00 1.148699839759998870e-01
6.000000000000000000e+00 1.000000000000000000e+00 2.208276718522808046e-01
6.000000000000000000e+00 2.000000000000000000e+00 1.665091686675537197e-01
6.000000000000000000e+00 3.000000000000000000e+00 1.924646147257164097e-01
6.000000000000000000e+00 4.000000000000000000e+00 1.171844742715467541e-01
7.000000000000000000e+00 0.000000000000000000e+00 9.523983490321372147e-02
7.000000000000000000e+00 1.000000000000000000e+00 1.948978232028643343e-01
7.000000000000000000e+00 2.000000000000000000e+00 1.261716337344099548e-01
7.000000000000000000e+00 3.000000000000000000e+00 1.479442214878472495e-01
7.000000000000000000e+00 4.000000000000000000e+00 2.176838051776666949e-01
8.000000000000000000e+00 0.000000000000000000e+00 1.634531487791632542e-01
8.000000000000000000e+00 1.000000000000000000e+00 1.302047182586259233e-01
8.000000000000000000e+00 2.000000000000000000e+00 1.587540200301096327e-01
8.000000000000000000e+00 3.000000000000000000e+00 2.188583720332375471e-01
8.000000000000000000e+00 4.000000000000000000e+00 9.818427941290878980e-02
9.000000000000000000e+00 0.000000000000000000e+00 1.239566571853372434e-01
9.000000000000000000e+00 1.000000000000000000e+00 1.822082211033110022e-01
9.000000000000000000e+00 2.000000000000000000e+00 2.019450302120552043e-01
9.000000000000000000e+00 3.000000000000000000e+00 2.089447121890258829e-01
9.000000000000000000e+00 4.000000000000000000e+00 1.079303288527684312e-01
1.000000000000000000e+01 0.000000000000000000e+00 1.466502116570216063e-01
1.000000000000000000e+01 1.000000000000000000e+00 1.449227603126601038e-01
1.000000000000000000e+01 2.000000000000000000e+00 1.033477971607993234e-01
1.000000000000000000e+01 3.000000000000000000e+00 1.117325247107102265e-01
1.000000000000000000e+01 4.000000000000000000e+00 2.089568886483554322e-01
1.100000000000000000e+01 0.000000000000000000e+00 2.103146476299212475e-01
1.100000000000000000e+01 1.000000000000000000e+00 1.521129621147030708e-01
1.100000000000000000e+01 2.000000000000000000e+00 1.385006853012386574e-01
1.100000000000000000e+01 3.000000000000000000e+00 1.313337728904024337e-01
1.100000000000000000e+01 4.000000000000000000e+00 1.305132713518956100e-01
1.200000000000000000e+01 0.000000000000000000e+00 1.387767604945352451e-01
1.200000000000000000e+01 1.000000000000000000e+00 1.727987215308715019e-01
1.200000000000000000e+01 2.000000000000000000e+00 2.520481946513782323e-01
1.200000000000000000e+01 3.000000000000000000e+00 1.588135052030002770e-01
1.200000000000000000e+01 4.000000000000000000e+00 1.345768543379470272e-01
1.300000000000000000e+01 0.000000000000000000e+00 1.360927575739204753e-01
1.300000000000000000e+01 1.000000000000000000e+00 1.480547349587325312e-01
1.300000000000000000e+01 2.000000000000000000e+00 1.907317722029076568e-01
1.300000000000000000e+01 3.000000000000000000e+00 1.371796843166507851e-01
1.300000000000000000e+01 4.000000000000000000e+00 1.272118274206891220e-01
1.400000000000000000e+01 0.000000000000000000e+00 1.384938152462208971e-01
1.400000000000000000e+01 1.000000000000000000e+00 1.483132860017344345e-01
1.400000000000000000e+01 2.000000000000000000e+00 1.893409936545000227e-01
1.400000000000000000e+01 3.000000000000000000e+00 1.467242504378604984e-01
1.400000000000000000e+01 4.000000000000000000e+00 1.838108388400160054e-01
1.500000000000000000e+01 0.000000000000000000e+00 1.684894942051984035e-01
1.500000000000000000e+01 1.000000000000000000e+00 1.605952783453620802e-01
1.500000000000000000e+01 2.000000000000000000e+00 1.955488184796078666e-01
1.500000000000000000e+01 3.000000000000000000e+00 1.511785678993836091e-01
1.500000000000000000e+01 4.000000000000000000e+00 1.218698595757658903e-01
1.600000000000000000e+01 0.000000000000000000e+00 1.710868753221946315e-01
1.600000000000000000e+01 1.000000000000000000e+00 1.029386288254987153e-01
1.600000000000000000e+01 2.000000000000000000e+00 2.089972280779881508e-01
1.600000000000000000e+01 3.000000000000000000e+00 1.729827393143152647e-01
1.600000000000000000e+01 4.000000000000000000e+00 1.741971382895150522e-01
1.700000000000000000e+01 0.000000000000000000e+00 1.039515047851621576e-01
1.700000000000000000e+01 1.000000000000000000e+00 2.081237834159450351e-01
1.700000000000000000e+01 2.000000000000000000e+00 1.709579812989761305e-01
1.700000000000000000e+01 3.000000000000000000e+00 1.771148129931869042e-01
1.700000000000000000e+01 4.000000000000000000e+00 1.711609411024629934e-01
1.800000000000000000e+01 0.000000000000000000e+00 1.015887591135182233e-01
1.800000000000000000e+01 1.000000000000000000e+00 1.655099187398376137e-01
1.800000000000000000e+01 2.000000000000000000e+00 1.254958244750546126e-01
1.800000000000000000e+01 3.000000000000000000e+00 1.884477796667388128e-01
1.800000000000000000e+01 4.000000000000000000e+00 2.016075106940206640e-01
1.900000000000000000e+01 0.000000000000000000e+00 6.649209286395413310e-02
1.900000000000000000e+01 1.000000000000000000e+00 2.297878811257290099e-01
1.900000000000000000e+01 2.000000000000000000e+00 1.456400007595808344e-01
1.900000000000000000e+01 3.000000000000000000e+00 1.264560608994043656e-01
1.900000000000000000e+01 4.000000000000000000e+00 1.951534672023452488e-01
2.000000000000000000e+01 0.000000000000000000e+00 1.318479462018715131e-01
2.000000000000000000e+01 1.000000000000000000e+00 1.562023698028092156e-01
2.000000000000000000e+01 2.000000000000000000e+00 1.145961763362246255e-01
2.000000000000000000e+01 3.000000000000000000e+00 2.133365495659584055e-01
2.000000000000000000e+01 4.000000000000000000e+00 1.750168952727370886e-01
2.100000000000000000e+01 0.000000000000000000e+00 1.903691442496267539e-01
2.100000000000000000e+01 1.000000000000000000e+00 1.994167833630493825e-01
2.100000000000000000e+01 2.000000000000000000e+00 1.237740175513407370e-01
2.100000000000000000e+01 3.000000000000000000e+00 1.540135514644423997e-01
2.100000000000000000e+01 4.000000000000000000e+00 2.075032413664105180e-01
2.200000000000000000e+01 0.000000000000000000e+00 1.271558030919087701e-01
2.200000000000000000e+01 1.000000000000000000e+00 1.311459492223087386e-01
2.200000000000000000e+01 2.000000000000000000e+00 2.258500501394778981e-01
2.200000000000000000e+01 3.000000000000000000e+00 1.720460235653068493e-01
2.200000000000000000e+01 4.000000000000000000e+00 1.760443630842021545e-01
2.300000000000000000e+01 0.000000000000000000e+00 1.448971194349769342e-01
2.300000000000000000e+01 1.000000000000000000e+00 1.598677700552759984e-01
2.300000000000000000e+01 2.000000000000000000e+00 1.370816321146955674e-01
2.300000000000000000e+01 3.000000000000000000e+00 1.417691639286076666e-01
2.300000000000000000e+01 4.000000000000000000e+00 2.322348400983942074e-01
2.400000000000000000e+01 0.000000000000000000e+00 1.644827509676149713e-01
2.400000000000000000e+01 1.000000000000000000e+00 1.404474844307530279e-01
2.400000000000000000e+01 2.000000000000000000e+00 1.882490147901892674e-01
2.400000000000000000e+01 3.000000000000000000e+00 2.006215434194701941e-01
2.400000000000000000e+01 4.000000000000000000e+00 1.254196042655861820e-01
2.500000000000000000e+01 0.000000000000000000e+00 1.809430877373955637e-01
2.500000000000000000e+01 1.000000000000000000e+00 1.722534445599497310e-01
2.500000000000000000e+01 2.000000000000000000e+00 1.964187530399296167e-01
2.500000000000000000e+01 3.000000000000000000e+00 1.493545620464815649e-01
2.500000000000000000e+01 4.000000000000000000e+00 1.033208409088606089e-01
2.600000000000000000e+01 0.000000000000000000e+00 1.530479849194222031e-01
2.600000000000000000e+01 1.000000000000000000e+00 1.923292452131453167e-01
2.600000000000000000e+01 2.000000000000000000e+00 1.712706110988789221e-01
2.600000000000000000e+01 3.000000000000000000e+00 1.330652900127462235e-01
2.600000000000000000e+01 4.000000000000000000e+00 1.796492056565395512e-01
2.700000000000000000e+01 0.000000000000000000e+00 1.740719317426303037e-01
2.700000000000000000e+01 1.000000000000000000e+00 1.106494757172041404e-01
2.700000000000000000e+01 2.000000000000000000e+00 1.207107799729713327e-01
2.700000000000000000e+01 3.000000000000000000e+00 1.943898833108708424e-01
2.700000000000000000e+01 4.000000000000000000e+00 1.815422036626967162e-01
2.800000000000000000e+01 0.000000000000000000e+00 1.434003211341002559e-01
2.800000000000000000e+01 1.000000000000000000e+00 1.091637104971868444e-01
2.800000000000000000e+01 2.000000000000000000e+00 1.202296133074995110e-01
2.800000000000000000e+01 3.000000000000000000e+00 2.003376583213030138e-01
2.800000000000000000e+01 4.000000000000000000e+00 2.111380617885691424e-01
2.900000000000000000e+01 0.000000000000000000e+00 1.563913761601158636e-01
2.900000000000000000e+01 1.000000000000000000e+00 7.765251339661646823e-02
2.900000000000000000e+01 2.000000000000000000e+00 1.745744980484650044e-01
2.900000000000000000e+01 3.000000000000000000e+00 1.851547303780623488e-01
2.900000000000000000e+01 4.000000000000000000e+00 2.300322333432624489e-01
3.000000000000000000e+01 0.000000000000000000e+00 1.060872363475379859e-01
3.000000000000000000e+01 1.000000000000000000e+00 1.613254436112903090e-01
3.000000000000000000e+01 2.000000000000000000e+00 1.584167047464232481e-01
3.000000000000000000e+01 3.000000000000000000e+00 1.350734325637215905e-01
3.000000000000000000e+01 4.000000000000000000e+00 1.522576404650339554e-01
3.100000000000000000e+01 0.000000000000000000e+00 1.234986454688988128e-01
3.100000000000000000e+01 1.000000000000000000e+00 1.759677162774221648e-01
3.100000000000000000e+01 2.000000000000000000e+00 1.748332361199280427e-01
3.100000000000000000e+01 3.000000000000000000e+00 1.684744954696816566e-01
3.100000000000000000e+01 4.000000000000000000e+00 1.666902581760709712e-01
3.200000000000000000e+01 0.000000000000000000e+00 1.957814271977446063e-01
3.200000000000000000e+01 1.000000000000000000e+00 1.787108412150031356e-01
3.200000000000000000e+01 2.000000000000000000e+00 1.602849769680612102e-01
3.200000000000000000e+01 3.000000000000000000e+00 1.523844518364743383e-01
3.200000000000000000e+01 4.000000000000000000e+00 1.927134955783366133e-01
3.300000000000000000e+01 0.000000000000000000e+00 1.455629312457221158e-01
3.300000000000000000e+01 1.000000000000000000e+00 1.607589349859979977e-01
3.300000000000000000e+01 2.000000000000000000e+00 1.384118266706091671e-01
3.300000000000000000e+01 3.000000000000000000e+00 1.998642836578217452e-01
3.300000000000000000e+01 4.000000000000000000e+00 1.582238870067714798e-01
3.400000000000000000e+01 0.000000000000000000e+00 1.401505945168549649e-01
3.400000000000000000e+01 1.000000000000000000e+00 1.947070863559397791e-01
3.400000000000000000e+01 2.000000000000000000e+00 1.534503808977296657e-01
3.400000000000000000e+01 3.000000000000000000e+00 2.188648595053901413e-01
3.400000000000000000e+01 4.000000000000000000e+00 9.399683730989825958e-02
3.500000000000000000e+01 0.000000000000000000e+00 1.134054026011395155e-01
3.500000000000000000e+01 1.000000000000000000e+00 1.817909719013360570e-01
3.500000000000000000e+01 2.000000000000000000e+00 1.567467683037502002e-01
3.500000000000000000e+01 3.000000000000000000e+00 1.984822095809327946e-01
3.500000000000000000e+01 4.000000000000000000e+00 1.629393868157938685e-01
3.600000000000000000e+01 0.000000000000000000e+00 1.865384697712544892e-01
3.600000000000000000e+01 1.000000000000000000e+00 1.319918669092516317e-01
3.600000000000000000e+01 2.000000000000000000e+00 1.252757896899923118e-01
3.600000000000000000e+01 3.000000000000000000e+00 1.074174450476128168e-01
3.600000000000000000e+01 4.000000000000000000e+00 1.756898192842987205e-01
3.700000000000000000e+01 0.000000000000000000e+00 1.405712402171614139e-01
3.700000000000000000e+01 1.000000000000000000e+00 1.025646619029001311e-01
3.700000000000000000e+01 2.000000000000000000e+00 1.798000127079912858e-01
3.700000000000000000e+01 3.000000000000000000e+00 1.646069734926135508e-01
3.700000000000000000e+01 4.000000000000000000e+00 2.092684897732944027e-01
3.800000000000000000e+01 0.000000000000000000e+00 1.796770620469232138e-01
3.800000000000000000e+01 1.000000000000000000e+00 1.336850946751219349e-01
3.800000000000000000e+01 2.000000000000000000e+00 1.598867851979164922e-01
3.800000000000000000e+01 3.000000000000000000e+00 1.198584494263111450e-01
3.800000000000000000e+01 4.000000000000000000e+00 2.082231286327987096e-01
3.900000000000000000e+01 0.000000000000000000e+00 1.205752989930139879e-01
3.900000000000000000e+01 1.000000000000000000e+00 1.740015951162496854e-01
3.900000000000000000e+01 2.000000000000000000e+00 1.353311217781623110e-01
3.900000000000000000e+01 3.000000000000000000e+00 1.324265885942220722e-01
3.900000000000000000e+01 4.000000000000000000e+00 1.625372928085362378e-01
4.000000000000000000e+01 0.000000000000000000e+00 1.848378453360285945e-01
4.000000000000000000e+01 1.000000000000000000e+00 1.786909089896271674e-01
4.000000000000000000e+01 2.000000000000000000e+00 1.885239263733140269e-01
4.000000000000000000e+01 3.000000000000000000e+00 1.419620588723003451e-01
4.000000000000000000e+01 4.000000000000000000e+00 1.744980229170593478e-01
4.100000000000000000e+01 0.000000000000000000e+00 1.209511554502150227e-01
4.100000000000000000e+01 1.000000000000000000e+00 1.750761865629930358e-01
4.100000000000000000e+01 2.000000000000000000e+00 1.874807340111824261e-01
4.100000000000000000e+01 3.000000000000000000e+00 1.590643092308879625e-01
4.100000000000000000e+01 4.000000000000000000e+00 1.531984493074212417e-01
4.200000000000000000e+01 0.000000000000000000e+00 1.749406604470046533e-01
4.200000000000000000e+01 1.000000000000000000e+00 1.096305859344057498e-01
4.200000000000000000e+01 2.000000000000000000e+00 2.114562337120493851e-01
4.200000000000000000e+01 3.000000000000000000e+00 1.966539389717638919e-01
4.200000000000000000e+01 4.000000000000000000e+00 1.539381836802978520e-01
4.300000000000000000e+01 0.000000000000000000e+00 1.168159567976581881e-01
4.300000000000000000e+01 1.000000000000000000e+00 1.545751378476713789e-01
4.300000000000000000e+01 2.000000000000000000e+00 2.074118161266122473e-01
4.300000000000000000e+01 3.000000000000000000e+00 2.085894142768286996e-01
4.300000000000000000e+01 4.000000000000000000e+00 1.462124875162369164e-01
4.400000000000000000e+01 0.000000000000000000e+00 1.835247262875575047e-01
4.400000000000000000e+01 1.000000000000000000e+00 1.449738108973643858e-01
4.400000000000000000e+01 2.000000000000000000e+00 1.399847592675679819e-01
4.400000000000000000e+01 3.000000000000000000e+00 1.319656760858265998e-01
4.400000000000000000e+01 4.000000000000000000e+00 1.776253664501117602e-01
4.500000000000000000e+01 0.000000000000000000e+00 1.770009834874160248e-01
4.500000000000000000e+01 1.000000000000000000e+00 1.763108481379418169e-01
4.500000000000000000e+01 2.000000000000000000e+00 1.206710512694615378e-01
4.500000000000000000e+01 3.000000000000000000e+00 1.808954439946141857e-01
4.500000000000000000e+01 4.000000000000000000e+00 1.718879153803643534e-01
4.600000000000000000e+01 0.000000000000000000e+00 1.223348011268310526e-01
4.600000000000000000e+01 1.000000000000000000e+00 1.554869124794003299e-01
4.600000000000000000e+01 2.000000000000000000e+00 2.068417746803312696e-01
4.600000000000000000e+01 3.000000000000000000e+00 1.069761090542818843e-01
4.600000000000000000e+01 4.000000000000000000e+00 1.897733973347490721e-01
4.700000000000000000e+01 0.000000000000000000e+00 1.929399124615037153e-01
4.700000000000000000e+01 1.000000000000000000e+00 2.010557807878761982e-01
4.700000000000000000e+01 2.000000000000000000e+00 1.290160495546965602e-01
4.700000000000000000e+01 3.000000000000000000e+00 1.100352042402978209e-01
4.700000000000000000e+01 4.000000000000000000e+00 1.789962657889709874e-01
4.800000000000000000e+01 0.000000000000000000e+00 1.218512097749748918e-01
4.800000000000000000e+01 1.000000000000000000e+00 1.770917789527351738e-01
4.800000000000000000e+01 2.000000000000000000e+00 2.061034732417398874e-01
4.800000000000000000e+01 3.000000000000000000e+00 1.821941674486947660e-01
4.800000000000000000e+01 4.000000000000000000e+00 1.315037361538763938e-01
4.900000000000000000e+01 0.000000000000000000e+00 1.526779703654461418e-01
4.900000000000000000e+01 1.000000000000000000e+00 8.653931569253264788e-02
4.900000000000000000e+01 2.000000000000000000e+00 2.056184081629875149e-01
4.900000000000000000e+01 3.000000000000000000e+00 2.192596174367664741e-01
4.900000000000000000e+01 4.000000000000000000e+00 1.213073873984474721e-01
5.000000000000000000e+01 0.000000000000000000e+00 8.711063880857210229e-02
5.000000000000000000e+01 1.000000000000000000e+00 1.552830183314387602e-01
5.000000000000000000e+01 2.000000000000000000e+00 1.695020706152449153e-01
5.000000000000000000e+01 3.000000000000000000e+00 1.491662623391611098e-01
5.000000000000000000e+01 4.000000000000000000e+00 1.296531530311579861e-01
5.100000000000000000e+01 0.000000000000000000e+00 1.478038662729047881e-01
5.100000000000000000e+01 1.000000000000000000e+00 1.666225782287379942e-01
5.100000000000000000e+01 2.000000000000000000e+00 1.662148635729678026e-01
5.100000000000000000e+01 3.000000000000000000e+00 1.447134261070482375e-01
5.100000000000000000e+01 4.000000000000000000e+00 1.651056134727650893e-01
5.200000000000000000e+01 0.000000000000000000e+00 1.332786263271617533e-01
5.200000000000000000e+01 1.000000000000000000e+00 1.936326511159867092e-01
5.200000000000000000e+01 2.000000000000000000e+00 1.494036509193669704e-01
5.200000000000000000e+01 3.000000000000000000e+00 1.086077285355258881e-01
5.200000000000000000e+01 4.000000000000000000e+00 2.095202148137897957e-01
5.300000000000000000e+01 0.000000000000000000e+00 1.640020977459650253e-01
5.300000000000000000e+01 1.000000000000000000e+00 1.440774372462439168e-01
5.300000000000000000e+01 2.000000000000000000e+00 9.689132193538164961e-02
5.300000000000000000e+01 3.000000000000000000e+00 2.083398239555106224e-01
5.300000000000000000e+01 4.000000000000000000e+00 1.226729236634147985e-01
5.400000000000000000e+01 0.000000000000000000e+00 1.166158735917551259e-01
5.400000000000000000e+01 1.000000000000000000e+00 1.662044489974727757e-01
5.400000000000000000e+01 2.000000000000000000e+00 1.367250809157560254e-01
5.400000000000000000e+01 3.000000000000000000e+00 1.099565850747124124e-01
5.400000000000000000e+01 4.000000000000000000e+00 1.712222455106756913e-01
5.500000000000000000e+01 0.000000000000000000e+00 1.975645127369515530e-01
5.500000000000000000e+01 1.000000000000000000e+00 1.623737847390608335e-01
5.500000000000000000e+01 2.000000000000000000e+00 1.705535710087488777e-01
5.500000000000000000e+01 3.000000000000000000e+00 1.532322174792048741e-01
5.500000000000000000e+01 4.000000000000000000e+00 1.305289282119425909e-01
5.600000000000000000e+01 0.000000000000000000e+00 1.952907891769006810e-01
5.600000000000000000e+01 1.000000000000000000e+00 1.682376291638700283e-01
5.600000000000000000e+01 2.000000000000000000e+00 2.431876809817677676e-01
5.600000000000000000e+01 3.000000000000000000e+00 9.734964568679638219e-02
5.600000000000000000e+01 4.000000000000000000e+00 1.455301943126350583e-01
5.700000000000000000e+01 0.000000000000000000e+00 2.062097065778082661e-01
5.700000000000000000e+01 1.000000000000000000e+00 1.726935487851111450e-01
5.700000000000000000e+01 2.000000000000000000e+00 1.734657572047847152e-01
5.700000000000000000e+01 3.000000000000000000e+00 1.292425070861846770e-01
5.700000000000000000e+01 4.000000000000000000e+00 1.491753590354481240e-01
5.800000000000000000e+01 0.000000000000000000e+00 1.895310835582576514e-01
5.800000000000000000e+01 1.000000000000000000e+00 1.945154929912511210e-01
5.800000000000000000e+01 2.000000000000000000e+00 1.380327855087853384e-01
5.800000000000000000e+01 3.000000000000000000e+00 1.456032605820639647e-01
5.800000000000000000e+01 4.000000000000000000e+00 1.741671524516240632e-01
5.900000000000000000e+01 0.000000000000000000e+00 1.817379377421456388e-01
5.900000000000000000e+01 1.000000000000000000e+00 1.107617427287116013e-01
5.900000000000000000e+01 2.000000000000000000e+00 9.786042038654246822e-02
5.900000000000000000e+01 3.000000000000000000e+00 1.796249229676634973e-01
5.900000000000000000e+01 4.000000000000000000e+00 1.787650833031085296e-01
6.000000000000000000e+01 0.000000000000000000e+00 2.000300066238497321e-01
6.000000000000000000e+01 1.000000000000000000e+00 1.491599430109830648e-01
6.000000000000000000e+01 2.000000000000000000e+00 1.886269805088817142e-01
6.000000000000000000e+01 3.000000000000000000e+00 1.170690771077224496e-01
6.000000000000000000e+01 4.000000000000000000e+00 1.965560631316883855e-01
6.100000000000000000e+01 0.000000000000000000e+00 1.741847141914693864e-01
6.100000000000000000e+01 1.000000000000000000e+00 1.680562321881443610e-01
6.100000000000000000e+01 2.000000000000000000e+00 1.801296153346509110e-01
6.100000000000000000e+01 3.000000000000000000e+00 1.472813337874029904e-01
6.100000000000000000e+01 4.000000000000000000e+00 1.736091882391405938e-01
6.200000000000000000e+01 0.000000000000000000e+00 1.922189564831568165e-01
6.200000000000000000e+01 1.000000000000000000e+00 1.329835615084924982e-01
6.200000000000000000e+01 2.000000000000000000e+00 1.610388523007519890e-01
6.200000000000000000e+01 3.000000000000000000e+00 1.448964096555139802e-01
6.200000000000000000e+01 4.000000000000000000e+00 1.616255580889694732e-01
6.300000000000000000e+01 0.000000000000000000e+00 1.270690148480968507e-01
6.300000000000000000e+01 1.000000000000000000e+00 1.654430706366868675e-01
6.300000000000000000e+01 2.000000000000000000e+00 1.174438060247248172e-01
6.300000000000000000e+01 3.000000000000000000e+00 1.817936770339707575e-01
6.300000000000000000e+01 4.000000000000000000e+00 1.247694770849630264e-01
6.400000000000000000e+01 0.000000000000000000e+00 2.202357522763757625e-01
6.400000000000000000e+01 1.000000000000000000e+00 1.708817390765356714e-01
6.400000000000000000e+01 2.000000000000000000e+00 1.617587786397005623e-01
6.400000000000000000e+01 3.000000000000000000e+00 1.246876896846959570e-01
6.400000000000000000e+01 4.000000000000000000e+00 1.761603600240503331e-01
6.500000000000000000e+01 0.000000000000000000e+00 1.393985916847209627e-01
6.500000000000000000e+01 1.000000000000000000e+00 1.402932004298050039e-01
6.500000000000000000e+01 2.000000000000000000e+00 1.145638306721268179e-01
6.500000000000000000e+01 3.000000000000000000e+00 1.326208744372696369e-01
6.500000000000000000e+01 4.000000000000000000e+00 1.725061671640172045e-01
6.600000000000000000e+01 0.000000000000000000e+00 1.945246645080148662e-01
6.600000000000000000e+01 1.000000000000000000e+00 9.555821122750150776e-02
6.600000000000000000e+01 2.000000000000000000e+00 1.203684732133841889e-01
6.600000000000000000e+01 3.000000000000000000e+00 1.804252485813814810e-01
6.600000000000000000e+01 4.000000000000000000e+00 1.554026748201148278e-01
6.700000000000000000e+01 0.000000000000000000e+00 2.523052468135949522e-01
6.700000000000000000e+01 1.000000000000000000e+00 1.550050357824513392e-01
6.700000000000000000e+01 2.000000000000000000e+00 1.222276541455343257e-01
6.700000000000000000e+01 3.000000000000000000e+00 1.291840937767402275e-01
6.700000000000000000e+01 4.000000000000000000e+00 1.749281376739263427e-01
6.800000000000000000e+01 0.000000000000000000e+00 1.239017607315564956e-01
6.800000000000000000e+01 1.000000000000000000e+00 1.637179667812780626e-01
6.800000000000000000e+01 2.000000000000000000e+00 1.369610221219454416e-01
6.800000000000000000e+01 3.000000000000000000e+00 1.643972713306828259e-01
6.800000000000000000e+01 4.000000000000000000e+00 2.220637482740875635e-01
6.900000000000000000e+01 0.000000000000000000e+00 1.838829960959642296e-01
6.900000000000000000e+01 1.000000000000000000e+00 2.029103861073482395e-01
6.900000000000000000e+01 2.000000000000000000e+00 1.032652764519228494e-01
6.900000000000000000e+01 3.000000000000000000e+00 2.126742011637859364e-01
6.900000000000000000e+01 4.000000000000000000e+00 1.300439312896575772e-01
7.000000000000000000e+01 0.000000000000000000e+00 2.041585759087028995e-01
7.000000000000000000e+01 1.000000000000000000e+00 1.554132598240910434e-01
7.000000000000000000e+01 2.000000000000000000e+00 1.954952544911805756e-01
7.000000000000000000e+01 3.000000000000000000e+00 1.388473499274258394e-01
7.000000000000000000e+01 4.000000000000000000e+00 8.580758530324616995e-02
7.100000000000000000e+01 0.000000000000000000e+00 2.103253326249234501e-01
7.100000000000000000e+01 1.000000000000000000e+00 1.449887445626765470e-01
7.100000000000000000e+01 2.000000000000000000e+00 1.222942368182756978e-01
7.100000000000000000e+01 3.000000000000000000e+00 1.294117776585002322e-01
7.100000000000000000e+01 4.000000000000000000e+00 1.129633264191456377e-01
7.200000000000000000e+01 0.000000000000000000e+00 1.633657796235457593e-01
7.200000000000000000e+01 1.000000000000000000e+00 1.516498961692408776e-01
7.200000000000000000e+01 2.000000000000000000e+00 1.872379937413378437e-01
7.200000000000000000e+01 3.000000000000000000e+00 1.306291891324284915e-01
7.200000000000000000e+01 4.000000000000000000e+00 9.046185315907995239e-02
7.300000000000000000e+01 0.000000000000000000e+00 1.477161894642352591e-01
7.300000000000000000e+01 1.000000000000000000e+00 1.630482820017165047e-01
7.300000000000000000e+01 2.000000000000000000e+00 2.029154840538528459e-01
7.300000000000000000e+01 3.000000000000000000e+00 1.619511916719724165e-01
7.300000000000000000e+01 4.000000000000000000e+00 1.831010491310313404e-01
7.400000000000000000e+01 0.000000000000000000e+00 1.930539658304734341e-01
7.400000000000000000e+01 1.000000000000000000e+00 1.303040782544476750e-01
7.400000000000000000e+01 2.000000000000000000e+00 1.456926687695663247e-01
7.400000000000000000e+01 3.000000000000000000e+00 1.111342458671812361e-01
7.400000000000000000e+01 4.000000000000000000e+00 1.342447613078011359e-01
7.500000000000000000e+01 0.000000000000000000e+00 1.561530856986440563e-01
7.500000000000000000e+01 1.000000000000000000e+00 1.769275879875717716e-01
7.500000000000000000e+01 2.000000000000000000e+00 1.367745866336714800e-01
7.500000000000000000e+01 3.000000000000000000e+00 1.310688478945547519e-01
7.500000000000000000e+01 4.000000000000000000e+00 1.624601310240554874e-01
7.600000000000000000e+01 0.000000000000000000e+00 2.021600578972590490e-01
7.600000000000000000e+01 1.000000000000000000e+00 1.609493164742112625e-01
7.600000000000000000e+01 2.000000000000000000e+00 1.458639560445089411e-01
7.600000000000000000e+01 3.000000000000000000e+00 1.669110145122808808e-01
7.600000000000000000e+01 4.000000000000000000e+00 1.483729204589028516e-01
7.700000000000000000e+01 0.000000000000000000e+00 1.357789387166626616e-01
7.700000000000000000e+01 1.000000000000000000e+00 2.076267708780740739e-01
7.700000000000000000e+01 2.000000000000000000e+00 1.467328025632232968e-01
7.700000000000000000e+01 3.000000000000000000e+00 1.482955891698262418e-01
7.700000000000000000e+01 4.000000000000000000e+00 1.657059058389468986e-01
7.800000000000000000e+01 0.000000000000000000e+00 1.022623673004703498e-01
7.800000000000000000e+01 1.000000000000000000e+00 1.165238052823963644e-01
7.800000000000000000e+01 2.000000000000000000e+00 1.933111868761859808e-01
7.800000000000000000e+01 3.000000000000000000e+00 1.276810651907377414e-01
7.800000000000000000e+01 4.000000000000000000e+00 1.788155339561483814e-01
7.900000000000000000e+01 0.000000000000000000e+00 1.399445675388238941e-01
7.900000000000000000e+01 1.000000000000000000e+00 2.031041123272027682e-01
7.900000000000000000e+01 2.000000000000000000e+00 6.452070027904686922e-02
7.900000000000000000e+01 3.000000000000000000e+00 1.614617867808537111e-01
7.900000000000000000e+01 4.000000000000000000e+00 1.612172958114672372e-01
8.000000000000000000e+01 0.000000000000000000e+00 1.464122432729031142e-01
8.000000000000000000e+01 1.000000000000000000e+00 9.315110454282816976e-02
8.000000000000000000e+01 2.000000000000000000e+00 2.560827843704263085e-01
8.000000000000000000e+01 3.000000000000000000e+00 2.205639758458201594e-01
8.000000000000000000e+01 4.000000000000000000e+00 1.042286858968607954e-01
8.100000000000000000e+01 0.000000000000000000e+00 1.173809931938210455e-01
8.100000000000000000e+01 1.000000000000000000e+00 1.797007667450125912e-01
8.100000000000000000e+01 2.000000000000000000e+00 9.430305353202657337e-02
8.100000000000000000e+01 3.000000000000000000e+00 1.903339408486040552e-01
8.100000000000000000e+01 4.000000000000000000e+00 2.027779545310873233e-01
8.200000000000000000e+01 0.000000000000000000e+00 2.151582436461420555e-01
8.200000000000000000e+01 1.000000000000000000e+00 8.421302875787822773e-02
8.200000000000000000e+01 2.000000000000000000e+00 1.630115051089557066e-01
8.200000000000000000e+01 3.000000000000000000e+00 1.315120331921970365e-01
8.200000000000000000e+01 4.000000000000000000e+00 1.159607762415394289e-01
8.300000000000000000e+01 0.000000000000000000e+00 1.787068445156293206e-01
8.300000000000000000e+01 1.000000000000000000e+00 1.197315434605101120e-01
8.300000000000000000e+01 2.000000000000000000e+00 1.760580100526717706e-01
8.300000000000000000e+01 3.000000000000000000e+00 1.347347263639923076e-01
8.300000000000000000e+01 4.000000000000000000e+00 1.748058168252392963e-01
8.400000000000000000e+01 0.000000000000000000e+00 1.618560141034150468e-01
8.400000000000000000e+01 1.000000000000000000e+00 9.852884682173641828e-02
8.400000000000000000e+01 2.000000000000000000e+00 1.362892681376992321e-01
8.400000000000000000e+01 3.000000000000000000e+00 2.442993943973915116e-01
8.400000000000000000e+01 4.000000000000000000e+00 1.136938330505847389e-01
8.500000000000000000e+01 0.000000000000000000e+00 1.749819026057618798e-01
8.500000000000000000e+01 1.000000000000000000e+00 1.679886526510912803e-01
8.500000000000000000e+01 2.000000000000000000e+00 1.644853141005689912e-01
8.500000000000000000e+01 3.000000000000000000e+00 1.261238834179664592e-01
8.500000000000000000e+01 4.000000000000000000e+00 1.811843042090853506e-01
8.600000000000000000e+01 0.000000000000000000e+00 1.077694897380189754e-01
8.600000000000000000e+01 1.000000000000000000e+00 1.915042132528082530e-01
8.600000000000000000e+01 2.000000000000000000e+00 1.490661046528069245e-01
8.600000000000000000e+01 3.000000000000000000e+00 1.536313124075941727e-01
8.600000000000000000e+01 4.000000000000000000e+00 1.715549434265963846e-01
8.700000000000000000e+01 0.000000000000000000e+00 1.792268692283540688e-01
8.700000000000000000e+01 1.000000000000000000e+00 1.869381176743065698e-01
8.700000000000000000e+01 2.000000000000000000e+00 1.168808796442348391e-01
8.700000000000000000e+01 3.000000000000000000e+00 1.282709191598540022e-01
8.700000000000000000e+01 4.000000000000000000e+00 2.181911056222323453e-01
8.800000000000000000e+01 0.000000000000000000e+00 9.026049274592251592e-02
8.800000000000000000e+01 1.000000000000000000e+00 1.883539984127937106e-01
8.800000000000000000e+01 2.000000000000000000e+00 1.618916047040047657e-01
8.800000000000000000e+01 3.000000000000000000e+00 1.981540677698364894e-01
8.800000000000000000e+01 4.000000000000000000e+00 1.682403622197034265e-01
8.900000000000000000e+01 0.000000000000000000e+00 1.461972081099685572e-01
8.900000000000000000e+01 1.000000000000000000e+00 1.002853250516413663e-01
8.900000000000000000e+01 2.000000000000000000e+00 1.400460684694635471e-01
8.900000000000000000e+01 3.000000000000000000e+00 1.835628590390405157e-01
8.900000000000000000e+01 4.000000000000000000e+00 2.067498579714024121e-01
9.000000000000000000e+01 0.000000000000000000e+00 2.140372636467047784e-01
9.000000000000000000e+01 1.000000000000000000e+00 1.098936180181209338e-01
9.000000000000000000e+01 2.000000000000000000e+00 1.984812533955367941e-01
9.000000000000000000e+01 3.000000000000000000e+00 1.232695787717974362e-01
9.000000000000000000e+01 4.000000000000000000e+00 1.397139482964834811e-01
9.100000000000000000e+01 0.000000000000000000e+00 1.682730269130205125e-01
9.100000000000000000e+01 1.000000000000000000e+00 2.033143258243188811e-01
9.100000000000000000e+01 2.000000000000000000e+00 1.166995154736136797e-01
9.100000000000000000e+01 3.000000000000000000e+00 1.114748226393060954e-01
9.100000000000000000e+01 4.000000000000000000e+00 2.070318677510178396e-01
9.200000000000000000e+01 0.000000000000000000e+00 1.243807054763037406e-01
9.200000000000000000e+01 1.000000000000000000e+00 2.344168496221893105e-01
9.200000000000000000e+01 2.000000000000000000e+00 1.728413685166806657e-01
9.200000000000000000e+01 3.000000000000000000e+00 1.836320730257778588e-01
9.200000000000000000e+01 4.000000000000000000e+00 1.350606863054607532e-01
9.300000000000000000e+01 0.000000000000000000e+00 1.473893305011221844e-01
9.300000000000000000e+01 1.000000000000000000e+00 2.467907259854879853e-01
9.300000000000000000e+01 2.000000000000000000e+00 1.673198245427706121e-01
9.300000000000000000e+01 3.000000000000000000e+00 1.385991105781260724e-01
9.300000000000000000e+01 4.000000000000000000e+00 1.099082301509953508e-01
9.400000000000000000e+01 0.000000000000000000e+00 2.035983410688171902e-01
9.400000000000000000e+01 1.000000000000000000e+00 9.682422280379955615e-02
9.400000000000000000e+01 2.000000000000000000e+00 2.106668154712838248e-01
9.400000000000000000e+01 3.000000000000000000e+00 1.377832735769996542e-01
9.400000000000000000e+01 4.000000000000000000e+00 1.156209306765219325e-01
9.500000000000000000e+01 0.000000000000000000e+00 1.178768284840798208e-01
9.500000000000000000e+01 1.000000000000000000e+00 8.916125870188648661e-02
9.500000000000000000e+01 2.000000000000000000e+00 1.665634325110920966e-01
9.500000000000000000e+01 3.000000000000000000e+00 1.782251524831645062e-01
9.500000000000000000e+01 4.000000000000000000e+00 1.252409932683049010e-01
9.600000000000000000e+01 0.000000000000000000e+00 1.521968113106155762e-01
9.600000000000000000e+01 1.000000000000000000e+00 1.945959660538809921e-01
9.600000000000000000e+01 2.000000000000000000e+00 1.704921886104658058e-01
9.600000000000000000e+01 3.000000000000000000e+00 1.548014606908954260e-01
9.600000000000000000e+01 4.000000000000000000e+00 1.048673112463278934e-01
9.700000000000000000e+01 0.000000000000000000e+00 1.889556675230465166e-01
9.700000000000000000e+01 1.000000000000000000e+00 1.815959935154869975e-01
9.700000000000000000e+01 2.000000000000000000e+00 1.689003584447509032e-01
9.700000000000000000e+01 3.000000000000000000e+00 1.746995907159761274e-01
9.700000000000000000e+01 4.000000000000000000e+00 1.526403844921170594e-01
9.800000000000000000e+01 0.000000000000000000e+00 1.569050331046060454e-01
9.800000000000000000e+01 1.000000000000000000e+00 1.545675837159196098e-01
9.800000000000000000e+01 2.000000000000000000e+00 1.863989880081827200e-01
9.800000000000000000e+01 3.000000000000000000e+00 1.565849515829005334e-01
9.800000000000000000e+01 4.000000000000000000e+00 1.793186039013738020e-01
9.900000000000000000e+01 0.000000000000000000e+00 1.379547437742630334e-01
9.900000000000000000e+01 1.000000000000000000e+00 2.019016505980492648e-01
9.900000000000000000e+01 2.000000000000000000e+00 1.880555189402438043e-01
9.900000000000000000e+01 3.000000000000000000e+00 1.431519166494054363e-01
9.900000000000000000e+01 4.000000000000000000e+00 1.029905497139907977e-01
