6.098337455231382931e-01 -1.755476473660335435e+00
1.103245221862509673e-01 -6.228847268528706627e-01
-1.385826752804936277e-04 -1.924776327536696174e-04
-1.510529215445914131e-04 -2.506202821657222747e-04
-8.723217372739808923e-05 -2.207484231182396315e-04
4.544648693983142085e-01 -1.736428515641081693e+00
6.339383504740894182e-01 -1.189870502523224127e+00
-1.049391889600849442e-04 -1.533043482269575721e-04
3.485072878234927174e-01 -1.536447506956598374e+00
-7.566200718841603612e-02 -1.773715816095131625e-01
4.376361260919751639e-01 -1.400706711247226899e+00
6.597326765398286996e-01 -1.623417793148698385e+00
-1.970089944923343883e-01 -8.481267380503298980e-01
3.365248739100556441e-01 -1.343058189229672683e+00
-4.351539447627830043e-02 -1.393059187625592943e-01
-4.388582591732912569e-02 -1.670015975934805719e-01
4.009951624661511893e-02 -7.822574327470299682e-01
2.320393406391400570e-01 -1.576417639527639025e+00
-1.131743021142837016e-04 -1.638357546706115174e-04
3.176430361751927944e-01 -1.147237389493824589e+00
-1.018940589798970377e-02 -1.978888239137688992e-02
2.575970255931152031e-01 -1.049092993538882856e+00
2.430974684842695244e-01 -1.600668413368414811e+00
4.447465468199262029e-01 -1.299547036553558854e+00
3.380401105038259857e-01 -1.122164748543169388e+00
4.524714089826346597e-01 -1.072526347117961132e+00
5.218392084291318955e-01 -1.807363626397098022e+00
-1.106145913505865094e-02 -1.919371905628981800e-02
2.333158667499653782e-01 -1.282253277366318445e+00
-9.051501165111699998e-02 -5.839329495723394325e-01
-6.310711111656094354e-05 -1.752632551500264517e-04
-6.734834484147078637e-02 -1.565861004260848954e-01
2.448486670528119413e-01 -1.364856264079174153e+00
-1.492877631751382203e-04 -2.072772196647304304e-04
9.180126587812976746e-01 -1.992869235892625879e+00
-2.022334115073698702e-01 -6.617455596564074671e-01
-1.715734703154593534e-04 -2.336319730139336528e-04
4.122970827703366647e-01 -1.294595454168348647e+00
5.197579037218063025e-01 -1.323848470610585526e+00
8.777926076032210867e-01 -1.648272539795349934e+00
-7.851224314216692646e-02 -7.304492103556120552e-01
5.317400300484116382e-01 -1.591131154870148778e+00
-8.510320459263743392e-03 -5.244554134402181766e-01
3.654727065901854921e-01 -1.377890176416161738e+00
1.449042276790816208e-01 -1.018637832443231694e+00
3.736572974617016207e-01 -1.627551022402242253e+00
7.151832633337537048e-01 -1.267096603785163644e+00
-1.564395437479653523e-04 -2.294683578490252661e-04
5.088101917396887774e-01 -1.339605297471038847e+00
1.495942365419685935e-02 -9.395951580945650639e-01
1.031032997537621593e-01 -7.483304157470715978e-01
5.204318091748665331e-01 -1.299435474808438240e+00
9.230224030518767442e-02 -1.180311962883624499e+00
-6.924517929869956358e-05 -1.706845069407004307e-04
-1.248357365864538084e-02 -1.203775247229887935e+00
-1.393692750675513644e-04 -2.290406802949410017e-04
-5.382179968492834850e-05 -1.778951614635558402e-04
3.360806035301766581e-01 -1.704190103646874066e+00
-1.113446017889801895e-04 -1.752140704541552661e-04
3.487153612365776478e-01 -1.185336561227890328e+00
6.407557207297007729e-01 -1.601552512494173630e+00
3.200138495538246142e-01 -1.456330584120675731e+00
-9.189457690344667007e-05 -1.667108073724249189e-04
3.799153842243730983e-01 -1.235794900285878573e+00
-1.536531008111942376e-01 -6.555876704661042220e-01
-8.827771783238540226e-02 -1.532135068898475838e-01
-1.015237533701009581e-01 -1.893531446472445645e-01
3.979843564440214698e-01 -1.438186832280746952e+00
5.137718647353428127e-03 -6.862834676876639062e-01
6.617069960101936710e-01 -1.362742532422041908e+00
-1.319420522740272772e-01 -7.449367028070991159e-01
-8.597975522508179732e-05 -1.708446118582740544e-04
6.348346804066563598e-01 -1.706991191254755735e+00
3.957809008003644324e-01 -1.450741265722345075e+00
2.300884227806939686e-01 -9.702643631199350249e-01
5.965587045991803672e-01 -1.418050975997737106e+00
-1.374926195640416293e-01 -5.856256525618268594e-01
5.391872834816329174e-01 -1.472531693900147376e+00
-1.688630936045778369e-04 -2.461048765478361872e-04
-6.845985737636839374e-02 -1.803277936560559180e-01
-1.255630693101726925e-01 -1.105821793941546005e+00
7.648546477525725029e-01 -1.566548422114740324e+00
-9.807061874713158948e-05 -1.579730373252245898e-04
6.435811189255332687e-01 -1.552163734206398749e+00
3.601722557858266227e-01 -1.404471705834815953e+00
1.221271323154169419e+00 -2.024689761050936898e+00
-1.203288650828990836e-01 -6.617372634752293203e-01
-4.024461686958345774e-02 -1.669771730692393708e-01
-1.924203919984226584e-04 -2.393436550589261717e-04
-1.475135835239847482e-01 -5.836512538131866101e-01
5.093789178818056707e-01 -1.421504834968851938e+00
-6.386428260769110021e-02 -8.204049429199099519e-01
-1.591906111811020378e-04 -2.448022461024700730e-04
2.822978398834882219e-01 -1.229067340046606782e+00
3.715359065535686067e-01 -9.542919188825130794e-01
-1.630671294588300247e-04 -2.613950004162890061e-04
9.972650306747360416e-02 -1.270882255484133472e+00
8.037052013289680552e-02 -6.981237037229331976e-01
3.588960827860739333e-01 -1.005747990494889388e+00
4.798808437527765647e-01 -1.337628294871090917e+00
-8.874629718133517087e-02 -1.693802099656419036e-01
-6.258616941491058905e-02 -1.828120303943736036e-01
3.594605474875649936e-02 -6.453695469239284499e-01
2.608902863442620901e-01 -1.400708104771981377e+00
2.410480757903898097e-01 -1.080971234265512892e+00
-1.095519783830938877e-02 -2.136991711208105493e-02
-2.930984966676704329e-02 -7.075448502520950145e-01
-1.776305158526318984e-01 -6.493364307067183150e-01
4.024284185128960689e-01 -1.465822938839338230e+00
4.548243537394126013e-01 -1.125379251726851715e+00
-1.082104223149015498e-01 -1.843152580468413737e-01
-4.395249148054976990e-02 -5.981026974008121222e-01
4.469313107879581692e-01 -1.540785692085665515e+00
5.357651598973663942e-01 -1.274301465612541762e+00
-7.232645610273237546e-02 -1.863564739444821539e-01
2.025518446989599541e-01 -1.109792137084247843e+00
-1.405391999360734929e-04 -1.984225133835504254e-04
3.593090147598760331e-01 -1.549974836481452733e+00
5.221854484474969249e-01 -1.212335808411842519e+00
5.598484474595014776e-02 -8.288515128509810204e-01
2.125319753458981276e-01 -1.170901176042475456e+00
5.029219465197465322e-01 -1.366885182052853365e+00
-6.802860656258145954e-05 -1.762559186289217907e-04
2.537501547193785068e-01 -1.256803331671467072e+00
-1.343841469218008400e-01 -8.049386951776659194e-01
2.801504582265819665e-01 -1.338283218987992962e+00
4.775637758785983844e-01 -1.249117679965312311e+00
-1.358242945793869719e-04 -2.720297765355255727e-04
-7.946465335596472612e-02 -1.930566922603331459e-01
-8.733918253495995103e-05 -1.510279904357057291e-04
3.420048037976024524e-01 -1.441520349280936086e+00
4.327664752068018927e-01 -1.604132950996463247e+00
-1.028412030821160977e-02 -1.845963837974567284e-02
3.008602671792758379e-02 -5.904871479687794356e-01
-7.841622837363719511e-02 -1.417819727918377959e-01
-9.078134263320875030e-02 -2.206485810679616466e-01
-1.264411642083228336e-04 -2.162847144487875842e-04
7.395321922259954217e-01 -1.479800600698260693e+00
-2.655377081579536336e-01 -5.763722014521776016e-01
4.764424299236822979e-01 -1.262490601838521131e+00
-1.679690245870552601e-01 -5.668305815324714558e-01
2.910393230695710320e-01 -1.481460354905972165e+00
-8.065437280547278938e-05 -1.905251537667088481e-04
6.382151750706014370e-01 -1.571748708027352004e+00
2.599353844793418356e-01 -1.114827840004338322e+00
-1.520574946871114949e-03 -8.259440638718796857e-01
4.524427208069066175e-01 -1.081889609144066622e+00
-9.299670816515330507e-02 -1.718837796016808306e-01
-1.223287126943806689e-04 -2.515099130000167014e-04
1.287194394104052564e-01 -1.060424400304148307e+00
-1.355650161156177181e-04 -2.393659492830550587e-04
-6.485182797593491699e-02 -1.025654310164463734e+00
6.523653662131899678e-01 -1.511459864980112977e+00
7.624563607629751827e-01 -1.572677702848318093e+00
-1.213145943717461138e-04 -2.045356725944242672e-04
4.888597571126008789e-01 -1.219927105159627656e+00
-1.516646594391696961e-04 -2.397351473225440915e-04
-3.428550886241550633e-02 -6.246199283823791193e-01
-9.517363099151375083e-05 -1.728969280547409861e-04
-9.384874364673040370e-02 -2.565909726022537751e-01
3.683478904058306025e-01 -1.391914385832830892e+00
-1.263790414563142428e-04 -1.764262827160262433e-04
8.101016075978263453e-01 -1.800289352030776113e+00
3.718169489778568315e-01 -1.087127109175801243e+00
-1.159068943579507766e-01 -7.245278869241452702e-01
-1.512914148014519338e-04 -2.545722651018286200e-04
-1.529281437841136515e-01 -7.691427485314301649e-01
4.660849840846788550e-01 -1.352310602781592763e+00
7.243905015853628893e-01 -1.350451262260893737e+00
-1.043653584011029894e-01 -5.726934807935973870e-01
3.149446750695774622e-01 -1.309825323668180497e+00
-1.786810658513680317e-01 -5.114527881356357719e-01
-4.579992215761907043e-02 -6.729929701567086697e-01
-1.447446538754961626e-02 -1.318988859882654907e-01
-9.758983694773180895e-02 -9.350849711112984020e-01
-7.416254480711863273e-02 -1.630742007428122864e-01
-7.474999112845759353e-02 -1.827062912170036857e-01
7.316233996774788029e-01 -1.522355488401486046e+00
-1.396402556336032727e-04 -2.121169305634069166e-04
2.386557495057271827e-01 -1.295153164316527050e+00
4.439585780258791803e-01 -1.733790764960834174e+00
6.688058951254347191e-03 -8.977838910724831312e-01
2.008672182332455203e-01 -1.079204951341627305e+00
6.681545101573954648e-01 -1.234992814488871993e+00
3.421462654700713757e-01 -1.319163658687241503e+00
-6.510087187042738754e-02 -1.561564533020095846e-01
3.972214312846777395e-01 -1.349548870242014198e+00
9.255745185428800037e-02 -8.817708014624993096e-01
1.159490043573268986e-01 -9.030863382071053769e-01
-1.555824413599342794e-04 -2.470265363698700306e-04
4.669195490406354843e-01 -1.320982819538929265e+00
3.344703092490199370e-01 -1.145193233813096345e+00
-1.012541934681676081e-01 -1.875966751580045722e-01
3.180858388450019669e-02 -1.033675386946895980e+00
4.877502663075813372e-01 -1.363529489787637550e+00
-6.723271900313734784e-02 -6.762805643034889291e-01
-7.304614314706024680e-02 -1.640872862160569767e-01
1.886341179984027949e-01 -1.271549006858345265e+00
-4.579602533207357065e-03 -8.151869941384386475e-01
5.102061042655681167e-01 -1.265587803335075368e+00
1.851480983115392220e-01 -1.227248403708491864e+00
-9.545830636088853405e-03 -7.837638336433769837e-01
-4.684609023156553753e-02 -1.872319306302659137e-01
1.399724584187857501e-01 -1.038789493145299447e+00
-7.950930125898325596e-02 -1.488497385159898434e-01
-6.265822501949373791e-02 -1.536694981982571206e-01
3.533977499966825531e-01 -1.308418808014606860e+00
-1.982450626619184364e-01 -7.573814187859985170e-01
-7.399737015919745364e-02 -1.913916505562986148e-01
9.307375362439235245e-02 -6.413917533611926958e-01
-8.726700539089198017e-02 -7.662884045023804491e-01
-1.136840752001382678e-03 -2.233048859733681880e-03
2.880534631513593236e-01 -1.329938110531143414e+00
4.792366210335117227e-01 -1.290629952329186425e+00
1.098596688415946904e-01 -8.885552720271732152e-01
-1.562767709052078399e-04 -2.338551421300772554e-04
-5.461630766885050559e-03 -7.166776817239177699e-01
-6.061308294343337524e-03 -8.352142820709459459e-01
3.450244638361332772e-01 -1.357996758883584842e+00
5.418206451264644397e-01 -1.177806430961434669e+00
1.605359140805946438e-01 -1.175001183748908939e+00
-1.232865957148234295e-04 -1.827383678378006083e-04
6.562041499753228369e-01 -1.443589748794229077e+00
5.254325030546164177e-01 -1.539068801799140296e+00
-1.251811733581999263e-04 -2.446794172886693642e-04
-3.542265051315354046e-02 -7.084107484307642366e-01
-1.231903623126848364e-04 -1.895227856786466732e-04
2.200643320128096991e-02 -9.222076339869613726e-01
1.120230954546443947e-01 -1.057128278626146445e+00
-8.409846320843056288e-05 -1.848446160465143460e-04
9.182187333282292030e-03 -1.413434165801463971e+00
-6.945797376690269283e-05 -1.465678545698037094e-04
4.845718245132259461e-01 -1.403415932276448563e+00
3.108637841767088461e-01 -1.301086491439319870e+00
-7.411601254383609367e-05 -1.825792337736274512e-04
-4.519578439764435768e-02 -1.649794018032873233e-01
6.527835413467660830e-01 -1.361469009088897009e+00
-8.564697846580717009e-05 -1.978680604025696615e-04
-2.313813683253652291e-04 -3.076980320218423927e-04
-6.117093440618940475e-02 -6.652363658533407831e-01
-8.868347413564900417e-02 -1.737593847531975488e-01
2.519430048259046484e-01 -1.225848903601604922e+00
3.061890619873848807e-01 -9.460326700576761061e-01
1.642010635222819759e-01 -1.241043334276703103e+00
7.449695852677511443e-01 -1.696062482750179123e+00
-7.486809523469754868e-02 -7.531206542963853057e-01
3.571940562313870027e-01 -1.175206216165500583e+00
8.326971066594975879e-01 -1.513575695206497596e+00
1.054757639118339002e-01 -1.164619416902892279e+00
4.351875793321059727e-02 -1.048722206490974029e+00
-2.427428901520889970e-01 -6.961016722323500883e-01
8.110845141477011078e-01 -1.976748269862588225e+00
-1.024958938924409570e-04 -1.721358389349169694e-04
7.185401787782789151e-01 -1.276156034301386466e+00
-9.353588553976063813e-02 -1.778630120256735891e-01
9.271405341107577525e-02 -1.117343888495905491e+00
7.758997182152824745e-01 -1.505930145938880527e+00
-6.661167436276063669e-02 -1.678619646981344138e-01
3.129996233453620769e-01 -1.219793060710473886e+00
-1.529279493047424753e-04 -2.564886289783680070e-04
-1.393442667213036122e-04 -2.435881435946515091e-04
3.296452826211691001e-01 -1.135143784105538733e+00
-2.577647345597188222e-01 -5.160952400323137734e-01
7.460610776292747603e-01 -1.606728491862827735e+00
3.064967827801153843e-01 -1.252950543987032095e+00
-1.329697930057274161e-03 -2.290506281532091355e-03
-1.104459422881782750e-04 -1.906959728849187609e-04
-9.683201232375421297e-02 -1.817684124982998084e-01
7.273298494785318535e-02 -8.703832288446557985e-01
7.121920353053483310e-02 -7.054383687220400212e-01
4.870875891918841072e-01 -1.119310601972378194e+00
-1.503377448114306958e-02 -6.924797576139375410e-01
1.465054265639289255e-01 -1.289730425899676014e+00
1.191554011674056668e-01 -1.170968968788037134e+00
4.695318650007970773e-01 -1.276857671591723475e+00
5.604897307219588454e-01 -1.559710159304636967e+00
-5.463760540996656645e-02 -1.271731350122612125e-01
-1.322119423136110528e-01 -7.429453801385834666e-01
-1.392025132682084797e-04 -2.018427709994500576e-04
6.567072406546758945e-01 -1.605776043389492536e+00
-2.512098381656948168e-02 -7.592683460146211205e-01
4.204255443908079259e-01 -1.175267329455924825e+00
9.830195053721188514e-02 -1.138945096518020339e+00
1.849787475695545136e-01 -1.593077935700621728e+00
-4.320090517625090233e-05 -1.385558569349249066e-04
4.561789776468179736e-01 -1.403910324248403230e+00
-1.286936982514757459e-04 -2.216762680081033911e-04
-1.448184920151664103e-04 -1.974846363610548020e-04
4.514202539443812889e-01 -1.413445394781252640e+00
1.049474607695621842e-01 -8.101857150106848149e-01
2.473505517853862301e-01 -1.153940376515052657e+00
-7.833605747075799222e-03 -1.881068485678862728e-02
-1.223510507303728623e-01 -2.070689275851365363e-01
-8.676611220024982307e-02 -1.701079220944048953e-01
8.468759930114490020e-01 -1.705679590595374773e+00
-1.250556905955165648e-04 -2.620842968753778440e-04
-1.102474670839212328e-01 -4.926790354161312280e-01
-1.803761230923482117e-01 -7.555398370630387328e-01
6.797025565625975929e-01 -1.216671480113733272e+00
3.509687366444789736e-01 -1.464348701178925349e+00
7.109007255802397562e-01 -1.643522487617713912e+00
6.760266728889926524e-01 -1.581899175574483785e+00
5.456917599379008665e-01 -1.341423214064679126e+00
-1.618989756671530833e-01 -1.014002489304586918e+00
9.613638068687957450e-02 -9.728562076774128764e-01
8.556668626547158096e-01 -1.627019325979643494e+00
-7.780927762718822804e-02 -7.411476173696308622e-01
2.395697404048677537e-01 -1.382418952802599632e+00
1.656412361619609974e-01 -9.537860650872839186e-01
1.488994992609983803e-01 -1.054418013347467653e+00
5.898061227762033676e-01 -1.104380604538455435e+00
-2.511870690102633863e-01 -5.508604415714409841e-01
2.725464077723982470e-01 -9.961153864080460885e-01
-1.315738647890315506e-02 -8.188470139208913201e-01
4.271829619795739497e-01 -1.741073172944633818e+00
5.184399112099800921e-02 -6.980170357379475998e-01
7.546289608222596090e-01 -1.442327497834774652e+00
-5.524816201245405511e-02 -7.141415125880552495e-01
-1.874664639537743896e-04 -2.535488290326546245e-04
-7.965501330707833172e-02 -1.850430127559999915e-01
-2.090317136237378887e-02 -1.026009909563059930e+00
-1.096986189416345635e-04 -1.866626454317067880e-04
1.095338872644070240e-02 -8.791098131301479102e-01
-1.480398485740495595e-01 -6.488719239329320265e-01
-4.529913425599027126e-05 -1.175822887915389684e-04
-9.933663804798506525e-02 -1.454350881098173398e-01
4.339531755559669635e-01 -1.862360865800966048e+00
8.076201427263774990e-01 -1.537185628079656086e+00
8.777865841248486123e-02 -6.204129957785406990e-01
3.421692212282960444e-02 -9.743690957315785939e-01
-1.039939387387370101e-01 -2.016387169601129570e-01
3.184240527668324300e-02 -6.466167594621439196e-01
4.772790368394359550e-01 -1.267065393511757287e+00
5.521697071735047757e-01 -1.327320980469948619e+00
-1.656433894196986220e-04 -2.714368345976438785e-04
7.665395837213016816e-02 -9.358793046872728727e-01
-6.864026689452551455e-02 -9.679620668235772163e-01
-5.540929983374943317e-05 -2.085548191913692893e-04
-1.307645407863857617e-04 -1.605239729350899504e-04
7.531788672326690248e-01 -1.725341248342631140e+00
-1.247605637123619798e-01 -7.201051531281191798e-01
-6.752401069018670442e-05 -1.563477314287676362e-04
6.123965474719006430e-01 -1.605866606808794117e+00
-1.447375766991242443e-02 -8.479254562564725317e-01
-8.625719215707976228e-02 -1.567473367208072899e-01
8.300412706454123324e-01 -1.482033279871365350e+00
-1.061064208230943519e-04 -1.902521039326232166e-04
-8.662537273473006061e-02 -8.510648864426768601e-01
-1.556332366154526193e-04 -2.279707722919214682e-04
4.071677324593585556e-01 -1.399531007138007155e+00
7.336875575997306442e-02 -1.132363361638140553e+00
7.179582680928712213e-01 -1.405190918904615449e+00
-1.543216466197925294e-04 -2.371006314076856746e-04
3.161734765757125976e-01 -1.037953963232008725e+00
3.379070328511284416e-01 -1.450077208317989363e+00
-4.474932192537156572e-02 -1.283907742981602595e+00
-6.714831322406378256e-02 -1.406149687452867281e-01
4.234795197783347565e-01 -1.428330704589057421e+00
-6.658295133220190620e-02 -6.846415341104984398e-01
7.988881917272698807e-01 -1.367718694705619464e+00
6.069726595358149179e-01 -1.724953056458629064e+00
-6.841894841204150936e-05 -1.598765459839611794e-04
4.859151051236477725e-01 -1.083430792214534977e+00
-1.635145566769763187e-04 -2.575608676214403438e-04
9.847029628241883714e-02 -1.273658798696086114e+00
-2.751913540853540702e-02 -7.102512511302849774e-01
-1.260286151368353563e-04 -1.793270813423028878e-04
1.629734611207144246e-01 -7.091690505376819775e-01
3.304532303143736249e-01 -1.675270925554173340e+00
-3.380111796908388117e-02 -6.529877036421687375e-01
-1.197305705096793007e-04 -1.511644789885545402e-04
4.011755868732939101e-01 -1.318512367292469678e+00
-2.297795910063358052e-02 -7.437864001728564656e-01
5.370895063615765963e-01 -1.764241042860447140e+00
-1.538748560910304514e-02 -5.867524613692496338e-01
4.446843721617533274e-01 -1.376425766077049584e+00
-1.292509009384632257e-01 -6.551810420132532231e-01
1.840487584328709403e-01 -1.113430947966633333e+00
-1.281550786884606552e-01 -6.810887610180521579e-01
9.510599665521116131e-02 -6.929444174956373992e-01
7.683956653303930517e-01 -1.420187328376118829e+00
-1.496187320185625089e-04 -2.338350057932066532e-04
2.946466529769890541e-01 -1.183683397222293987e+00
5.820300243427852793e-01 -1.539398469178697049e+00
-1.749911161596611191e-04 -2.415875245030036408e-04
-3.604420598002076870e-02 -7.853755486091917870e-01
4.040116559551099606e-01 -9.790396457685408560e-01
3.262660688560245492e-02 -7.394029776734131199e-01
7.910996972563624219e-01 -1.425981299246342759e+00
-2.529704414086337508e-04 -2.960298911352953377e-04
-6.526298913807142277e-02 -1.402261121846712089e-01
-1.315265286700026057e-04 -2.485325869168180280e-04
2.643942982123566598e-01 -1.458955765820300954e+00
4.555605137927921100e-01 -1.283645232141262582e+00
-1.684512473473117125e-02 -6.348728303446610211e-01
4.442963951878726725e-01 -1.318164745191492626e+00
-9.520430122126682059e-05 -1.882671768439199791e-04
1.823179598930489047e-03 -1.151435093182359370e+00
6.933173055166372278e-02 -8.448315522075019457e-01
4.175059766207664946e-01 -1.238619396296807951e+00
-1.437862900880164017e-04 -2.561711639317282426e-04
1.269238814721116715e-01 -1.275025234771491656e+00
5.639111245476226275e-02 -5.571770615145853478e-01
-6.383003729831278339e-02 -6.633715663063349810e-01
6.604584078027228022e-01 -1.515667443461715225e+00
-1.582690598167149209e-04 -2.458323022281999593e-04
-7.287815629157098278e-05 -1.798542893863932287e-04
1.560076008673043635e-01 -1.548912682152491449e+00
3.947812551234362588e-01 -1.076627681093639488e+00
-8.926184288438405903e-05 -2.063073200809192095e-04
-1.021072539111832472e-04 -2.169973850503815766e-04
-1.040316855374916888e-02 -2.164795494717661195e-02
6.496129276175830469e-01 -1.955189408451196043e+00
-1.190308924795201683e-04 -1.807343153650516944e-04
2.573833139353027266e-01 -9.945516349393345168e-01
2.144583820440817967e-01 -1.012291680645803105e+00
4.955910530259944324e-01 -1.442048731426936348e+00
-1.212464784018508351e-01 -2.004836824309548238e-01
6.059349379525577062e-01 -1.365768621351166612e+00
-1.417021656374932992e-01 -5.716440713055805922e-01
-8.530796029421248983e-02 -8.527778303552469019e-01
-5.958939972393840351e-02 -1.578228668539147228e-01
9.638928575006266986e-01 -1.400620534232863257e+00
-1.157714843454489339e-04 -2.094295446202310918e-04
-2.114977349629617448e-04 -2.704494422544547632e-04
6.022318373878058351e-01 -1.734164514371554056e+00
-9.636491898977062043e-02 -2.101136459791269062e-01
-1.250984015610518418e-01 -6.354803784166649372e-01
-4.258076233479410333e-02 -1.792700748211613071e-01
-8.408723944520684972e-05 -1.309839258975522755e-04
3.606613040653710578e-01 -1.243791717573477174e+00
-9.980583007959414887e-02 -5.931097952449005950e-01
-4.077270363698986405e-02 -7.281822535446011990e-01
4.782296416844227793e-01 -1.342196248279567516e+00
3.841560716778027462e-01 -1.444228214818192191e+00
-7.619825684398864125e-05 -1.750300059596016371e-04
1.389194450915845758e-01 -1.249146761958161322e+00
-1.429440683490863654e-04 -1.951858268278749747e-04
4.000165431937567906e-01 -1.539171479223715888e+00
-3.043088491264004519e-02 -1.747343083377594919e-01
-1.965834251717448822e-04 -2.988204554427057271e-04
4.611891552232932345e-01 -1.536670783824853226e+00
2.875125532506350029e-02 -4.482588637493037376e-01
6.228211613578003014e-01 -1.211023499671065151e+00
3.018567668616595201e-01 -1.423377496174888623e+00
-5.055607321658584646e-02 -6.916882584725039251e-01
-1.423131852016123466e-01 -8.994284451803948865e-01
-6.749276831486251960e-02 -1.551656902518114833e-01
-1.407898817626070727e-04 -2.247385492757992035e-04
-4.351504615968462830e-05 -1.829990447453704006e-04
7.873876134992029152e-02 -8.305524231794716439e-01
3.902164392327540088e-01 -1.098288684426470097e+00
1.912291180476777541e-01 -1.325959394739451236e+00
2.375135496751445696e-01 -1.240384073594518854e+00
-1.111017981944131816e-01 -5.756702582770936161e-01
3.071210671775802953e-02 -5.959999886512855616e-01
3.326838418166936373e-01 -1.253209729876360257e+00
-6.442961884699809072e-02 -1.486521002711681527e-01
-1.355441679766816114e-04 -2.304113541073172264e-04
-1.518068534914123542e-04 -2.968299950277653964e-04
-3.744926353611101322e-02 -7.001672243944778717e-01
-4.017601243615415152e-02 -7.397508850691286719e-01
-1.138668006946188388e-01 -2.266800681254866889e-01
5.688962842322563551e-01 -1.269254073657768656e+00
-1.061950701711241016e-04 -1.741247091377296863e-04
-5.594281267492127313e-02 -1.682489994800815680e-01
-1.214300049062394388e-01 -1.609668081588127297e-01
4.907365906815721046e-01 -1.417016768602502141e+00
-6.459604400430097909e-05 -1.842902937103479391e-04
-1.526494086881792815e-04 -2.709326142274326834e-04
3.301937461090450471e-02 -1.377053037215710374e+00
-1.263711893151646870e-04 -1.788262262626010609e-04
-1.164621450023880928e-01 -7.313994718897482983e-01
7.755918264345315061e-01 -1.328406224109810241e+00
7.561759564065856365e-01 -1.650997399265575760e+00
-1.313370438856676216e-04 -1.629177152008344542e-04
3.604190616191684793e-01 -1.434094560410049235e+00
-7.122138652771876910e-02 -1.906958596651067706e-01
-7.055854981830012029e-02 -2.207988279613310179e-01
9.853260089683039610e-03 -5.753739237930440842e-01
3.133676618278550818e-01 -1.259854723158217560e+00
-5.305907562595629079e-05 -1.978974509994916784e-04
-1.862114813094911604e-04 -2.119360738344749906e-04
7.954101092097140557e-02 -7.316216519263298856e-01
2.788276588246553223e-01 -1.371799338415287561e+00
-3.626993080143885856e-02 -8.448149315887713007e-01
1.884940106879124874e-02 -6.684155840212203659e-01
-1.138812954851848935e-04 -2.130526069681746746e-04
7.264162253245586010e-02 -6.536353672814916305e-01
-1.088811881320827651e-01 -1.869501310069456579e-01
-7.215584460323061500e-02 -7.981571453764854107e-01
4.268750827735999231e-01 -1.362108504296472677e+00
4.610517294939932009e-01 -1.254847963334018157e+00
1.051263136464680586e-01 -1.046564996598650321e+00
3.664266556591039281e-01 -1.232289020097116383e+00
-8.924414825239449292e-05 -1.981572459948943699e-04
-8.815459709198443516e-02 -1.964774667923278040e-01
-1.636886377072292731e-01 -8.484436682258561513e-01
3.210788711700355291e-01 -1.492282443045456874e+00
5.540648084544819163e-01 -9.468516075553264910e-01
