0.000000000000000000e+00 0.000000000000000000e+00 8.557901451854368902e-02
0.000000000000000000e+00 1.000000000000000000e+00 5.132097425078810393e-02
0.000000000000000000e+00 2.000000000000000000e+00 7.764612245021346171e-02
0.000000000000000000e+00 3.000000000000000000e+00 1.940433951112001676e-01
0.000000000000000000e+00 4.000000000000000000e+00 1.681153668612082042e-01
1.000000000000000000e+00 0.000000000000000000e+00 8.722409689217934525e-02
1.000000000000000000e+00 1.000000000000000000e+00 1.178167392476149183e-01
1.000000000000000000e+00 2.000000000000000000e+00 1.346795467312391636e-01
1.000000000000000000e+00 3.000000000000000000e+00 7.662546971476182078e-02
1.000000000000000000e+00 4.000000000000000000e+00 1.559880969539068629e-01
2.000000000000000000e+00 0.000000000000000000e+00 1.261389434288494316e-01
2.000000000000000000e+00 1.000000000000000000e+00 1.586817457672417553e-01
2.000000000000000000e+00 2.000000000000000000e+00 7.044638891195163788e-02
2.000000000000000000e+00 3.000000000000000000e+00 9.440130456990938890e-02
2.000000000000000000e+00 4.000000000000000000e+00 1.436196594718794073e-01
3.000000000000000000e+00 0.000000000000000000e+00 1.006987467609955639e-01
3.000000000000000000e+00 1.000000000000000000e+00 1.379236878445496139e-01
3.000000000000000000e+00 2.000000000000000000e+00 1.364885316590672415e-01
3.000000000000000000e+00 3.000000000000000000e+00 8.975109922276534868e-02
3.000000000000000000e+00 4.000000000000000000e+00 1.514062496922092549e-01
4.000000000000000000e+00 0.000000000000000000e+00 1.052707861344232693e-01
4.000000000000000000e+00 1.000000000000000000e+00 1.268606083749014846e-01
4.000000000000000000e+00 2.000000000000000000e+00 1.203138689855498961e-01
4.000000000000000000e+00 3.000000000000000000e+00 8.254877807787797117e-02
4.000000000000000000e+00 4.000000000000000000e+00 1.416976955478009004e-01
5.000000000000000000e+00 0.000000000000000000e+00 1.183792757220954728e-01
5.000000000000000000e+00 1.000000000000000000e+00 1.576395267325291227e-01
5.000000000000000000e+00 2.000000000000000000e+00 1.135417651383677368e-01
5.000000000000000000e+00 3.000000000000000000e+00 9.886496209305750682e-02
5.000000000000000000e+00 4.000000000000000000e+00 6.925407531647399806e-02
6.000000000000000000e+00 0.000000000000000000e+00 1.185076651701865158e-01
6.000000000000000000e+00 1.000000000000000000e+00 9.591798891517958059e-02
6.000000000000000000e+00 2.000000000000000000e+00 6.727695420953680450e-02
6.000000000000000000e+00 3.000000000000000000e+00 7.763146989013107457e-02
6.000000000000000000e+00 4.000000000000000000e+00 1.545495892778893654e-01
7.000000000000000000e+00 0.000000000000000000e+00 9.987446771617944363e-02
7.000000000000000000e+00 1.000000000000000000e+00 1.013313140179203514e-01
7.000000000000000000e+00 2.000000000000000000e+00 1.027555757701825445e-01
7.000000000000000000e+00 3.000000000000000000e+00 1.052806242255181074e-01
7.000000000000000000e+00 4.000000000000000000e+00 1.044687434579910784e-01
8.000000000000000000e+00 0.000000000000000000e+00 1.194420324871017930e-01
8.000000000000000000e+00 1.000000000000000000e+00 6.057397334657063648e-02
8.000000000000000000e+00 2.000000000000000000e+00 1.329644177376972103e-01
8.000000000000000000e+00 3.000000000000000000e+00 1.408840921263337376e-01
8.000000000000000000e+00 4.000000000000000000e+00 1.218849519659303965e-01
9.000000000000000000e+00 0.000000000000000000e+00 8.775456064343026275e-02
9.000000000000000000e+00 1.000000000000000000e+00 1.145191997635018333e-01
9.000000000000000000e+00 2.000000000000000000e+00 2.048071088937965800e-01
9.000000000000000000e+00 3.000000000000000000e+00 9.039748990537539719e-02
9.000000000000000000e+00 4.000000000000000000e+00 1.035393057613774870e-01
1.000000000000000000e+01 0.000000000000000000e+00 1.737975105479177551e-01
1.000000000000000000e+01 1.000000000000000000e+00 1.303362005216861241e-01
1.000000000000000000e+01 2.000000000000000000e+00 1.172009560509210957e-01
1.000000000000000000e+01 3.000000000000000000e+00 8.203149028609385551e-02
1.000000000000000000e+01 4.000000000000000000e+00 1.045921505068613672e-01
1.100000000000000000e+01 0.000000000000000000e+00 7.213395776865957898e-02
1.100000000000000000e+01 1.000000000000000000e+00 8.774797570342074415e-02
1.100000000000000000e+01 2.000000000000000000e+00 1.074262818430611749e-01
1.100000000000000000e+01 3.000000000000000000e+00 1.305490207302364147e-01
1.100000000000000000e+01 4.000000000000000000e+00 1.541133409395931408e-01
1.200000000000000000e+01 0.000000000000000000e+00 1.908467677849866040e-01
1.200000000000000000e+01 1.000000000000000000e+00 5.816849280057947991e-02
1.200000000000000000e+01 2.000000000000000000e+00 1.206628108167527857e-01
1.200000000000000000e+01 3.000000000000000000e+00 1.678489601814312226e-01
1.200000000000000000e+01 4.000000000000000000e+00 7.386270257877354528e-02
1.300000000000000000e+01 0.000000000000000000e+00 1.467939408485950392e-01
1.300000000000000000e+01 1.000000000000000000e+00 1.196011022335952828e-01
1.300000000000000000e+01 2.000000000000000000e+00 8.103510543985498193e-02
1.300000000000000000e+01 3.000000000000000000e+00 5.537024936403654035e-02
1.300000000000000000e+01 4.000000000000000000e+00 1.181743265379113922e-01
1.400000000000000000e+01 0.000000000000000000e+00 8.602702806423528914e-02
1.400000000000000000e+01 1.000000000000000000e+00 1.013883540844804226e-01
1.400000000000000000e+01 2.000000000000000000e+00 1.320161572259994920e-01
1.400000000000000000e+01 3.000000000000000000e+00 1.424918137649067440e-01
1.400000000000000000e+01 4.000000000000000000e+00 1.464085878132333762e-01
1.500000000000000000e+01 0.000000000000000000e+00 9.515564903412200570e-02
1.500000000000000000e+01 1.000000000000000000e+00 1.428456644802630349e-01
1.500000000000000000e+01 2.000000000000000000e+00 1.140296982722590058e-01
1.500000000000000000e+01 3.000000000000000000e+00 1.055110139148818515e-01
1.500000000000000000e+01 4.000000000000000000e+00 8.511114858401047645e-02
1.600000000000000000e+01 0.000000000000000000e+00 7.993314404132392803e-02
1.600000000000000000e+01 1.000000000000000000e+00 1.625391767545719401e-01
1.600000000000000000e+01 2.000000000000000000e+00 1.317759919716474104e-01
1.600000000000000000e+01 3.000000000000000000e+00 8.804063648266682862e-02
1.600000000000000000e+01 4.000000000000000000e+00 1.397219863036436027e-01
1.700000000000000000e+01 0.000000000000000000e+00 9.593530808970314461e-02
1.700000000000000000e+01 1.000000000000000000e+00 1.073944481406355067e-01
1.700000000000000000e+01 2.000000000000000000e+00 1.681866458393133090e-01
1.700000000000000000e+01 3.000000000000000000e+00 9.558337976393088686e-02
1.700000000000000000e+01 4.000000000000000000e+00 1.292784701751329424e-01
1.800000000000000000e+01 0.000000000000000000e+00 9.074560032406760179e-02
1.800000000000000000e+01 1.000000000000000000e+00 1.138766278762850109e-01
1.800000000000000000e+01 2.000000000000000000e+00 9.699894178524660904e-02
1.800000000000000000e+01 3.000000000000000000e+00 9.942784387502107135e-02
1.800000000000000000e+01 4.000000000000000000e+00 1.645637567113397981e-01
1.900000000000000000e+01 0.000000000000000000e+00 1.888272153239662077e-01
1.900000000000000000e+01 1.000000000000000000e+00 1.265149026199061666e-01
1.900000000000000000e+01 2.000000000000000000e+00 1.149442795988897259e-01
1.900000000000000000e+01 3.000000000000000000e+00 6.221321888648315146e-02
1.900000000000000000e+01 4.000000000000000000e+00 9.000159831543574906e-02
2.000000000000000000e+01 0.000000000000000000e+00 1.120862605817700836e-01
2.000000000000000000e+01 1.000000000000000000e+00 1.046022170473041163e-01
2.000000000000000000e+01 2.000000000000000000e+00 1.073056361227585909e-01
2.000000000000000000e+01 3.000000000000000000e+00 1.390759998092207239e-01
2.000000000000000000e+01 4.000000000000000000e+00 1.262172265001847149e-01
2.100000000000000000e+01 0.000000000000000000e+00 1.214343389138501372e-01
2.100000000000000000e+01 1.000000000000000000e+00 9.276727841899021221e-02
2.100000000000000000e+01 2.000000000000000000e+00 1.614259780582678050e-01
2.100000000000000000e+01 3.000000000000000000e+00 9.053212899768163513e-02
2.100000000000000000e+01 4.000000000000000000e+00 1.270820393377790347e-01
2.200000000000000000e+01 0.000000000000000000e+00 1.112355597950562408e-01
2.200000000000000000e+01 1.000000000000000000e+00 1.208659671575953720e-01
2.200000000000000000e+01 2.000000000000000000e+00 1.141698504419374760e-01
2.200000000000000000e+01 3.000000000000000000e+00 1.063560760968049884e-01
2.200000000000000000e+01 4.000000000000000000e+00 1.079083977827938745e-01
2.300000000000000000e+01 0.000000000000000000e+00 8.361319082484990062e-02
2.300000000000000000e+01 1.000000000000000000e+00 1.684503713773581601e-01
2.300000000000000000e+01 2.000000000000000000e+00 6.624704477161577620e-02
2.300000000000000000e+01 3.000000000000000000e+00 6.213119815637024174e-02
2.300000000000000000e+01 4.000000000000000000e+00 1.386998733923059390e-01
2.400000000000000000e+01 0.000000000000000000e+00 1.556897149734709496e-01
2.400000000000000000e+01 1.000000000000000000e+00 1.170233018461406677e-01
2.400000000000000000e+01 2.000000000000000000e+00 1.286825746454142994e-01
2.400000000000000000e+01 3.000000000000000000e+00 1.065723147833068374e-01
2.400000000000000000e+01 4.000000000000000000e+00 8.961637625770851878e-02
2.500000000000000000e+01 0.000000000000000000e+00 1.747610449047148351e-01
2.500000000000000000e+01 1.000000000000000000e+00 6.632210868796471759e-02
2.500000000000000000e+01 2.000000000000000000e+00 9.055977066348429305e-02
2.500000000000000000e+01 3.000000000000000000e+00 1.620451581671337460e-01
2.500000000000000000e+01 4.000000000000000000e+00 9.571543570531479417e-02
2.600000000000000000e+01 0.000000000000000000e+00 1.362132218793789540e-01
2.600000000000000000e+01 1.000000000000000000e+00 1.046981848903411894e-01
2.600000000000000000e+01 2.000000000000000000e+00 1.225753434829171540e-01
2.600000000000000000e+01 3.000000000000000000e+00 9.565805332348610579e-02
2.600000000000000000e+01 4.000000000000000000e+00 1.264011447032890034e-01
2.700000000000000000e+01 0.000000000000000000e+00 8.598611301598602097e-02
2.700000000000000000e+01 1.000000000000000000e+00 1.307115710861068147e-01
2.700000000000000000e+01 2.000000000000000000e+00 1.238617153104932672e-01
2.700000000000000000e+01 3.000000000000000000e+00 7.623983415817198184e-02
2.700000000000000000e+01 4.000000000000000000e+00 1.580400047757916371e-01
2.800000000000000000e+01 0.000000000000000000e+00 1.484981594270117777e-01
2.800000000000000000e+01 1.000000000000000000e+00 8.187384149410387169e-02
2.800000000000000000e+01 2.000000000000000000e+00 8.083710383197653671e-02
2.800000000000000000e+01 3.000000000000000000e+00 1.308443523081796178e-01
2.800000000000000000e+01 4.000000000000000000e+00 1.516805079610383244e-01
2.900000000000000000e+01 0.000000000000000000e+00 1.809002551137144643e-01
2.900000000000000000e+01 1.000000000000000000e+00 1.037876500432328708e-01
2.900000000000000000e+01 2.000000000000000000e+00 1.291317945858019012e-01
2.900000000000000000e+01 3.000000000000000000e+00 8.907825072650847609e-02
2.900000000000000000e+01 4.000000000000000000e+00 5.541706742132042340e-02
3.000000000000000000e+01 0.000000000000000000e+00 1.083495231969773820e-01
3.000000000000000000e+01 1.000000000000000000e+00 1.367112824658588410e-01
3.000000000000000000e+01 2.000000000000000000e+00 6.001314625069722325e-02
3.000000000000000000e+01 3.000000000000000000e+00 1.404444315345018401e-01
3.000000000000000000e+01 4.000000000000000000e+00 6.698071207936590055e-02
3.100000000000000000e+01 0.000000000000000000e+00 1.072649333013909329e-01
3.100000000000000000e+01 1.000000000000000000e+00 1.473658483470453029e-01
3.100000000000000000e+01 2.000000000000000000e+00 4.772350787818128298e-02
3.100000000000000000e+01 3.000000000000000000e+00 1.883743182173986119e-01
3.100000000000000000e+01 4.000000000000000000e+00 1.216308244028339591e-01
3.200000000000000000e+01 0.000000000000000000e+00 8.635090969957048834e-02
3.200000000000000000e+01 1.000000000000000000e+00 7.842168786571421246e-02
3.200000000000000000e+01 2.000000000000000000e+00 1.099084051207063206e-01
3.200000000000000000e+01 3.000000000000000000e+00 1.485252349754726253e-01
3.200000000000000000e+01 4.000000000000000000e+00 1.295312882562102974e-01
3.300000000000000000e+01 0.000000000000000000e+00 7.790398388742385272e-02
3.300000000000000000e+01 1.000000000000000000e+00 7.027453914917297650e-02
3.300000000000000000e+01 2.000000000000000000e+00 1.453558358908496884e-01
3.300000000000000000e+01 3.000000000000000000e+00 1.390531962345134265e-01
3.300000000000000000e+01 4.000000000000000000e+00 1.148638542578891142e-01
3.400000000000000000e+01 0.000000000000000000e+00 1.158684547833004619e-01
3.400000000000000000e+01 1.000000000000000000e+00 9.857396674477320042e-02
3.400000000000000000e+01 2.000000000000000000e+00 1.042078463121823839e-01
3.400000000000000000e+01 3.000000000000000000e+00 1.175085850077143973e-01
3.400000000000000000e+01 4.000000000000000000e+00 1.469420189792874365e-01
3.500000000000000000e+01 0.000000000000000000e+00 1.386631330837026777e-01
3.500000000000000000e+01 1.000000000000000000e+00 1.160898464953154657e-01
3.500000000000000000e+01 2.000000000000000000e+00 1.302531662860843542e-01
3.500000000000000000e+01 3.000000000000000000e+00 7.048416311081977248e-02
3.500000000000000000e+01 4.000000000000000000e+00 6.296773909197810049e-02
3.600000000000000000e+01 0.000000000000000000e+00 1.198060497394808910e-01
3.600000000000000000e+01 1.000000000000000000e+00 1.331775440711426284e-01
3.600000000000000000e+01 2.000000000000000000e+00 1.412504886363873946e-01
3.600000000000000000e+01 3.000000000000000000e+00 1.587707519873021167e-01
3.600000000000000000e+01 4.000000000000000000e+00 9.718265649624474589e-02
3.700000000000000000e+01 0.000000000000000000e+00 9.805722873492261904e-02
3.700000000000000000e+01 1.000000000000000000e+00 8.506929913639835195e-02
3.700000000000000000e+01 2.000000000000000000e+00 1.455116193526417023e-01
3.700000000000000000e+01 3.000000000000000000e+00 1.670158525574347019e-01
3.700000000000000000e+01 4.000000000000000000e+00 1.333902225838229649e-01
3.800000000000000000e+01 0.000000000000000000e+00 1.225985103075512561e-01
3.800000000000000000e+01 1.000000000000000000e+00 7.451417591516057426e-02
3.800000000000000000e+01 2.000000000000000000e+00 1.095525026366678811e-01
3.800000000000000000e+01 3.000000000000000000e+00 1.246820925833063837e-01
3.800000000000000000e+01 4.000000000000000000e+00 1.133931526931301198e-01
3.900000000000000000e+01 0.000000000000000000e+00 1.010334910310385775e-01
3.900000000000000000e+01 1.000000000000000000e+00 1.166944556410419859e-01
3.900000000000000000e+01 2.000000000000000000e+00 7.377964672879200325e-02
3.900000000000000000e+01 3.000000000000000000e+00 1.612026266359972426e-01
3.900000000000000000e+01 4.000000000000000000e+00 9.226533155444087420e-02
4.000000000000000000e+01 0.000000000000000000e+00 1.517347872983464685e-01
4.000000000000000000e+01 1.000000000000000000e+00 7.233174613188836366e-02
4.000000000000000000e+01 2.000000000000000000e+00 9.858157102865930388e-02
4.000000000000000000e+01 3.000000000000000000e+00 1.325041005839429631e-01
4.000000000000000000e+01 4.000000000000000000e+00 1.063884486929061041e-01
4.100000000000000000e+01 0.000000000000000000e+00 1.433164054775016294e-01
4.100000000000000000e+01 1.000000000000000000e+00 8.916915122774325686e-02
4.100000000000000000e+01 2.000000000000000000e+00 1.067294808037862891e-01
4.100000000000000000e+01 3.000000000000000000e+00 1.006069655724357581e-01
4.100000000000000000e+01 4.000000000000000000e+00 6.245718092823748790e-02
4.200000000000000000e+01 0.000000000000000000e+00 9.015731876179372550e-02
4.200000000000000000e+01 1.000000000000000000e+00 9.139583374907919722e-02
4.200000000000000000e+01 2.000000000000000000e+00 1.142200532290440357e-01
4.200000000000000000e+01 3.000000000000000000e+00 1.068679138634780618e-01
4.200000000000000000e+01 4.000000000000000000e+00 1.808079859287201052e-01
4.300000000000000000e+01 0.000000000000000000e+00 1.173804778462110010e-01
4.300000000000000000e+01 1.000000000000000000e+00 9.202632976579060153e-02
4.300000000000000000e+01 2.000000000000000000e+00 1.256770837769316529e-01
4.300000000000000000e+01 3.000000000000000000e+00 1.507182042104421305e-01
4.300000000000000000e+01 4.000000000000000000e+00 6.984858722961963251e-02
4.400000000000000000e+01 0.000000000000000000e+00 9.456098012076138981e-02
4.400000000000000000e+01 1.000000000000000000e+00 1.581122947208624951e-01
4.400000000000000000e+01 2.000000000000000000e+00 1.058279173752047497e-01
4.400000000000000000e+01 3.000000000000000000e+00 4.974224258059394693e-02
4.400000000000000000e+01 4.000000000000000000e+00 1.573631335248073526e-01
4.500000000000000000e+01 0.000000000000000000e+00 7.940632630879770892e-02
4.500000000000000000e+01 1.000000000000000000e+00 1.450965942259749564e-01
4.500000000000000000e+01 2.000000000000000000e+00 1.327340745502326169e-01
4.500000000000000000e+01 3.000000000000000000e+00 9.061656777172523436e-02
4.500000000000000000e+01 4.000000000000000000e+00 9.923461781699378925e-02
4.600000000000000000e+01 0.000000000000000000e+00 9.467634778703945542e-02
4.600000000000000000e+01 1.000000000000000000e+00 6.518451718474409240e-02
4.600000000000000000e+01 2.000000000000000000e+00 1.660747872969969841e-01
4.600000000000000000e+01 3.000000000000000000e+00 1.149283808420543951e-01
4.600000000000000000e+01 4.000000000000000000e+00 1.006425331674931367e-01
4.700000000000000000e+01 0.000000000000000000e+00 1.349985534806086851e-01
4.700000000000000000e+01 1.000000000000000000e+00 1.148178498903752592e-01
4.700000000000000000e+01 2.000000000000000000e+00 8.145767085493227366e-02
4.700000000000000000e+01 3.000000000000000000e+00 9.215452820410773016e-02
4.700000000000000000e+01 4.000000000000000000e+00 1.466886346881879633e-01
4.800000000000000000e+01 0.000000000000000000e+00 1.034558153300473154e-01
4.800000000000000000e+01 1.000000000000000000e+00 1.295143727847455073e-01
4.800000000000000000e+01 2.000000000000000000e+00 8.640201758369937812e-02
4.800000000000000000e+01 3.000000000000000000e+00 9.864701073399538556e-02
4.800000000000000000e+01 4.000000000000000000e+00 1.676042686086477440e-01
4.900000000000000000e+01 0.000000000000000000e+00 1.070121441378217714e-01
4.900000000000000000e+01 1.000000000000000000e+00 1.112500227544942488e-01
4.900000000000000000e+01 2.000000000000000000e+00 1.116830483587701317e-01
4.900000000000000000e+01 3.000000000000000000e+00 1.257045967120289931e-01
4.900000000000000000e+01 4.000000000000000000e+00 8.541464356319829199e-02
5.000000000000000000e+01 0.000000000000000000e+00 9.148746691045053780e-02
5.000000000000000000e+01 1.000000000000000000e+00 1.223750849856186373e-01
5.000000000000000000e+01 2.000000000000000000e+00 7.715774731480892767e-02
5.000000000000000000e+01 3.000000000000000000e+00 1.051446595658211414e-01
5.000000000000000000e+01 4.000000000000000000e+00 1.599015228002915456e-01
5.100000000000000000e+01 0.000000000000000000e+00 6.904844234750087684e-02
5.100000000000000000e+01 1.000000000000000000e+00 9.997647450823669846e-02
5.100000000000000000e+01 2.000000000000000000e+00 8.457806381479983371e-02
5.100000000000000000e+01 3.000000000000000000e+00 1.887264802612938774e-01
5.100000000000000000e+01 4.000000000000000000e+00 1.528573934241716503e-01
5.200000000000000000e+01 0.000000000000000000e+00 1.308339873901443740e-01
5.200000000000000000e+01 1.000000000000000000e+00 8.960207317522358994e-02
5.200000000000000000e+01 2.000000000000000000e+00 1.667836890176440656e-01
5.200000000000000000e+01 3.000000000000000000e+00 9.094729318433927845e-02
5.200000000000000000e+01 4.000000000000000000e+00 1.111603595229644775e-01
5.300000000000000000e+01 0.000000000000000000e+00 1.007720671075905267e-01
5.300000000000000000e+01 1.000000000000000000e+00 8.797049468065194777e-02
5.300000000000000000e+01 2.000000000000000000e+00 9.454952874626272596e-02
5.300000000000000000e+01 3.000000000000000000e+00 1.074333612656776515e-01
5.300000000000000000e+01 4.000000000000000000e+00 1.218532171849964346e-01
5.400000000000000000e+01 0.000000000000000000e+00 1.046564513653527456e-01
5.400000000000000000e+01 1.000000000000000000e+00 1.010256973482257375e-01
5.400000000000000000e+01 2.000000000000000000e+00 1.271155381329023004e-01
5.400000000000000000e+01 3.000000000000000000e+00 9.260324329439896529e-02
5.400000000000000000e+01 4.000000000000000000e+00 1.456096960566384269e-01
5.500000000000000000e+01 0.000000000000000000e+00 9.359006707620498577e-02
5.500000000000000000e+01 1.000000000000000000e+00 1.509471437149638162e-01
5.500000000000000000e+01 2.000000000000000000e+00 1.295006383184126864e-01
5.500000000000000000e+01 3.000000000000000000e+00 4.680727355616461083e-02
5.500000000000000000e+01 4.000000000000000000e+00 1.653033214213603108e-01
5.600000000000000000e+01 0.000000000000000000e+00 1.396404280467879455e-01
5.600000000000000000e+01 1.000000000000000000e+00 1.003659667391209737e-01
5.600000000000000000e+01 2.000000000000000000e+00 5.805334924782058759e-02
5.600000000000000000e+01 3.000000000000000000e+00 9.670985902471714024e-02
5.600000000000000000e+01 4.000000000000000000e+00 1.771868953898664278e-01
5.700000000000000000e+01 0.000000000000000000e+00 9.383939466418773911e-02
5.700000000000000000e+01 1.000000000000000000e+00 1.154318292626895504e-01
5.700000000000000000e+01 2.000000000000000000e+00 5.337870361231650262e-02
5.700000000000000000e+01 3.000000000000000000e+00 1.200933707028098707e-01
5.700000000000000000e+01 4.000000000000000000e+00 1.406742807296933462e-01
5.800000000000000000e+01 0.000000000000000000e+00 1.236253478070858947e-01
5.800000000000000000e+01 1.000000000000000000e+00 7.309344358418179421e-02
5.800000000000000000e+01 2.000000000000000000e+00 8.836795561290712586e-02
5.800000000000000000e+01 3.000000000000000000e+00 7.322882746310127589e-02
5.800000000000000000e+01 4.000000000000000000e+00 1.374688857209376835e-01
5.900000000000000000e+01 0.000000000000000000e+00 1.111235678648920255e-01
5.900000000000000000e+01 1.000000000000000000e+00 3.791215771173551963e-02
5.900000000000000000e+01 2.000000000000000000e+00 1.624273425146726679e-01
5.900000000000000000e+01 3.000000000000000000e+00 1.363752724330172250e-01
5.900000000000000000e+01 4.000000000000000000e+00 1.274604388701033597e-01
6.000000000000000000e+01 0.000000000000000000e+00 1.539717352277379103e-01
6.000000000000000000e+01 1.000000000000000000e+00 1.423968827277281302e-01
6.000000000000000000e+01 2.000000000000000000e+00 1.311281905909824075e-01
6.000000000000000000e+01 3.000000000000000000e+00 8.857829968883702831e-02
6.000000000000000000e+01 4.000000000000000000e+00 1.083334192794696837e-01
6.100000000000000000e+01 0.000000000000000000e+00 1.040806832821940392e-01
6.100000000000000000e+01 1.000000000000000000e+00 1.209275668813470372e-01
6.100000000000000000e+01 2.000000000000000000e+00 1.252866614966410830e-01
6.100000000000000000e+01 3.000000000000000000e+00 9.696622000694810062e-02
6.100000000000000000e+01 4.000000000000000000e+00 8.401316260659415225e-02
6.200000000000000000e+01 0.000000000000000000e+00 8.730009468367234959e-02
6.200000000000000000e+01 1.000000000000000000e+00 9.672114779938287277e-02
6.200000000000000000e+01 2.000000000000000000e+00 1.118576062545850042e-01
6.200000000000000000e+01 3.000000000000000000e+00 1.334483773321803735e-01
6.200000000000000000e+01 4.000000000000000000e+00 1.002834126022157935e-01
6.300000000000000000e+01 0.000000000000000000e+00 9.710608498452735771e-02
6.300000000000000000e+01 1.000000000000000000e+00 1.394420181528180369e-01
6.300000000000000000e+01 2.000000000000000000e+00 7.044906469640478675e-02
6.300000000000000000e+01 3.000000000000000000e+00 1.229873876115540332e-01
6.300000000000000000e+01 4.000000000000000000e+00 1.313184853353673853e-01
6.400000000000000000e+01 0.000000000000000000e+00 1.071049220470083607e-01
6.400000000000000000e+01 1.000000000000000000e+00 1.369436034601081986e-01
6.400000000000000000e+01 2.000000000000000000e+00 7.431339613466475535e-02
6.400000000000000000e+01 3.000000000000000000e+00 7.469233300882413551e-02
6.400000000000000000e+01 4.000000000000000000e+00 1.230491245369999542e-01
6.500000000000000000e+01 0.000000000000000000e+00 9.002536783264157572e-02
6.500000000000000000e+01 1.000000000000000000e+00 1.141724105169195924e-01
6.500000000000000000e+01 2.000000000000000000e+00 1.524103332130430088e-01
6.500000000000000000e+01 3.000000000000000000e+00 1.115826604450284726e-01
6.500000000000000000e+01 4.000000000000000000e+00 1.051209866517760910e-01
6.600000000000000000e+01 0.000000000000000000e+00 1.762233261117068794e-01
6.600000000000000000e+01 1.000000000000000000e+00 8.600713033201133617e-02
6.600000000000000000e+01 2.000000000000000000e+00 1.172456221708432222e-01
6.600000000000000000e+01 3.000000000000000000e+00 8.989431332457162305e-02
6.600000000000000000e+01 4.000000000000000000e+00 9.791341520370153151e-02
6.700000000000000000e+01 0.000000000000000000e+00 1.495251272809199616e-01
6.700000000000000000e+01 1.000000000000000000e+00 8.057613211995713620e-02
6.700000000000000000e+01 2.000000000000000000e+00 1.332185095012059783e-01
6.700000000000000000e+01 3.000000000000000000e+00 1.078834847336995473e-01
6.700000000000000000e+01 4.000000000000000000e+00 9.329601029507927912e-02
6.800000000000000000e+01 0.000000000000000000e+00 9.686345643814102402e-02
6.800000000000000000e+01 1.000000000000000000e+00 1.457370315602894706e-01
6.800000000000000000e+01 2.000000000000000000e+00 1.298470299264960492e-01
6.800000000000000000e+01 3.000000000000000000e+00 7.026151171075360746e-02
6.800000000000000000e+01 4.000000000000000000e+00 1.345183265490947355e-01
6.900000000000000000e+01 0.000000000000000000e+00 1.208768464696130390e-01
6.900000000000000000e+01 1.000000000000000000e+00 9.987005427876530228e-02
6.900000000000000000e+01 2.000000000000000000e+00 1.324142269321360865e-01
6.900000000000000000e+01 3.000000000000000000e+00 1.003550952453517719e-01
6.900000000000000000e+01 4.000000000000000000e+00 9.426842794267120684e-02
7.000000000000000000e+01 0.000000000000000000e+00 1.446707053430991152e-01
7.000000000000000000e+01 1.000000000000000000e+00 6.437850108299129903e-02
7.000000000000000000e+01 2.000000000000000000e+00 9.367451631091365527e-02
7.000000000000000000e+01 3.000000000000000000e+00 1.477760171530603794e-01
7.000000000000000000e+01 4.000000000000000000e+00 1.067064637038050573e-01
7.100000000000000000e+01 0.000000000000000000e+00 9.539402752917160166e-02
7.100000000000000000e+01 1.000000000000000000e+00 1.717472572163726285e-01
7.100000000000000000e+01 2.000000000000000000e+00 1.468584052567657450e-01
7.100000000000000000e+01 3.000000000000000000e+00 9.247895231068324617e-02
7.100000000000000000e+01 4.000000000000000000e+00 9.204435108140646138e-02
7.200000000000000000e+01 0.000000000000000000e+00 1.331737196114328170e-01
7.200000000000000000e+01 1.000000000000000000e+00 7.280821206034893134e-02
7.200000000000000000e+01 2.000000000000000000e+00 1.665051875463889053e-01
7.200000000000000000e+01 3.000000000000000000e+00 1.168896652122207308e-01
7.200000000000000000e+01 4.000000000000000000e+00 1.152168810002069527e-01
7.300000000000000000e+01 0.000000000000000000e+00 1.290515249418197619e-01
7.300000000000000000e+01 1.000000000000000000e+00 9.281209171889222287e-02
7.300000000000000000e+01 2.000000000000000000e+00 1.149478293081262759e-01
7.300000000000000000e+01 3.000000000000000000e+00 8.553066988699890849e-02
7.300000000000000000e+01 4.000000000000000000e+00 1.090575391216891399e-01
7.400000000000000000e+01 0.000000000000000000e+00 1.222909840859289360e-01
7.400000000000000000e+01 1.000000000000000000e+00 1.336955424865323983e-01
7.400000000000000000e+01 2.000000000000000000e+00 9.815356090258786637e-02
7.400000000000000000e+01 3.000000000000000000e+00 1.297751085675128147e-01
7.400000000000000000e+01 4.000000000000000000e+00 1.178997055854057452e-01
7.500000000000000000e+01 0.000000000000000000e+00 1.196476431252797290e-01
7.500000000000000000e+01 1.000000000000000000e+00 1.115414098150431382e-01
7.500000000000000000e+01 2.000000000000000000e+00 1.196223223569568284e-01
7.500000000000000000e+01 3.000000000000000000e+00 1.057141988976172259e-01
7.500000000000000000e+01 4.000000000000000000e+00 1.314631399464421257e-01
7.600000000000000000e+01 0.000000000000000000e+00 1.140257870447417415e-01
7.600000000000000000e+01 1.000000000000000000e+00 1.310864721704614877e-01
7.600000000000000000e+01 2.000000000000000000e+00 8.606775830208335254e-02
7.600000000000000000e+01 3.000000000000000000e+00 1.482187358637818142e-01
7.600000000000000000e+01 4.000000000000000000e+00 1.206973593218729074e-01
7.700000000000000000e+01 0.000000000000000000e+00 7.040894290973367942e-02
7.700000000000000000e+01 1.000000000000000000e+00 1.352565121388542291e-01
7.700000000000000000e+01 2.000000000000000000e+00 1.475525844179833845e-01
7.700000000000000000e+01 3.000000000000000000e+00 1.069791113846214059e-01
7.700000000000000000e+01 4.000000000000000000e+00 1.153474358445591569e-01
7.800000000000000000e+01 0.000000000000000000e+00 1.296140485664585285e-01
7.800000000000000000e+01 1.000000000000000000e+00 9.980008978826018784e-02
7.800000000000000000e+01 2.000000000000000000e+00 8.389626084519040405e-02
7.800000000000000000e+01 3.000000000000000000e+00 7.811154980018977789e-02
7.800000000000000000e+01 4.000000000000000000e+00 1.733013572848344508e-01
7.900000000000000000e+01 0.000000000000000000e+00 1.251116690479572580e-01
7.900000000000000000e+01 1.000000000000000000e+00 7.711144264880799570e-02
7.900000000000000000e+01 2.000000000000000000e+00 1.463328880585673397e-01
7.900000000000000000e+01 3.000000000000000000e+00 6.661928672067121693e-02
7.900000000000000000e+01 4.000000000000000000e+00 1.269548831863290816e-01
8.000000000000000000e+01 0.000000000000000000e+00 1.395804377037163646e-01
8.000000000000000000e+01 1.000000000000000000e+00 7.942367318758004890e-02
8.000000000000000000e+01 2.000000000000000000e+00 7.684004650878839549e-02
8.000000000000000000e+01 3.000000000000000000e+00 1.404598947570219469e-01
8.000000000000000000e+01 4.000000000000000000e+00 9.499095784230766892e-02
8.100000000000000000e+01 0.000000000000000000e+00 1.253340414188713337e-01
8.100000000000000000e+01 1.000000000000000000e+00 8.658155577471807196e-02
8.100000000000000000e+01 2.000000000000000000e+00 8.718764324699525281e-02
8.100000000000000000e+01 3.000000000000000000e+00 1.425198866358293459e-01
8.100000000000000000e+01 4.000000000000000000e+00 1.620983932343950107e-01
8.200000000000000000e+01 0.000000000000000000e+00 1.218953511320219479e-01
8.200000000000000000e+01 1.000000000000000000e+00 9.983288608045667867e-02
8.200000000000000000e+01 2.000000000000000000e+00 1.170465683905887871e-01
8.200000000000000000e+01 3.000000000000000000e+00 7.553097134997992235e-02
8.200000000000000000e+01 4.000000000000000000e+00 1.018853943010300800e-01
8.300000000000000000e+01 0.000000000000000000e+00 1.142890146517894778e-01
8.300000000000000000e+01 1.000000000000000000e+00 1.421868734035847126e-01
8.300000000000000000e+01 2.000000000000000000e+00 8.011631920644561589e-02
8.300000000000000000e+01 3.000000000000000000e+00 1.053002974082571791e-01
8.300000000000000000e+01 4.000000000000000000e+00 1.481168763822210965e-01
8.400000000000000000e+01 0.000000000000000000e+00 1.044646661024101475e-01
8.400000000000000000e+01 1.000000000000000000e+00 1.349567153677475873e-01
8.400000000000000000e+01 2.000000000000000000e+00 1.860598240695265360e-01
8.400000000000000000e+01 3.000000000000000000e+00 9.967135682548283748e-02
8.400000000000000000e+01 4.000000000000000000e+00 1.210350027645607229e-01
8.500000000000000000e+01 0.000000000000000000e+00 1.036363172775957853e-01
8.500000000000000000e+01 1.000000000000000000e+00 5.435534268089620841e-02
8.500000000000000000e+01 2.000000000000000000e+00 1.096451658014752223e-01
8.500000000000000000e+01 3.000000000000000000e+00 1.208461584617817886e-01
8.500000000000000000e+01 4.000000000000000000e+00 1.795184078210494416e-01
8.600000000000000000e+01 0.000000000000000000e+00 1.351626197837634547e-01
8.600000000000000000e+01 1.000000000000000000e+00 1.118404763770825538e-01
8.600000000000000000e+01 2.000000000000000000e+00 5.481462765056659137e-02
8.600000000000000000e+01 3.000000000000000000e+00 1.083400997691238155e-01
8.600000000000000000e+01 4.000000000000000000e+00 1.082349348089415991e-01
8.700000000000000000e+01 0.000000000000000000e+00 7.535105676101860883e-02
8.700000000000000000e+01 1.000000000000000000e+00 8.331058937217167282e-02
8.700000000000000000e+01 2.000000000000000000e+00 1.525409612470676191e-01
8.700000000000000000e+01 3.000000000000000000e+00 1.305050212285252809e-01
8.700000000000000000e+01 4.000000000000000000e+00 1.091163980791531873e-01
8.800000000000000000e+01 0.000000000000000000e+00 1.836897166611402565e-01
8.800000000000000000e+01 1.000000000000000000e+00 1.083551640434117641e-01
8.800000000000000000e+01 2.000000000000000000e+00 9.780583871813443297e-02
8.800000000000000000e+01 3.000000000000000000e+00 1.004328802778853419e-01
8.800000000000000000e+01 4.000000000000000000e+00 8.253634081420643809e-02
8.900000000000000000e+01 0.000000000000000000e+00 9.887122477240439800e-02
8.900000000000000000e+01 1.000000000000000000e+00 9.786397317079353897e-02
8.900000000000000000e+01 2.000000000000000000e+00 6.358966474871091679e-02
8.900000000000000000e+01 3.000000000000000000e+00 5.886343350644267919e-02
8.900000000000000000e+01 4.000000000000000000e+00 1.681520904224752533e-01
9.000000000000000000e+01 0.000000000000000000e+00 8.104713465626202373e-02
9.000000000000000000e+01 1.000000000000000000e+00 8.947949980592447006e-02
9.000000000000000000e+01 2.000000000000000000e+00 1.248267844124846815e-01
9.000000000000000000e+01 3.000000000000000000e+00 1.317393290021139363e-01
9.000000000000000000e+01 4.000000000000000000e+00 1.486848142413894625e-01
9.100000000000000000e+01 0.000000000000000000e+00 1.513988252474798291e-01
9.100000000000000000e+01 1.000000000000000000e+00 5.879976759698471445e-02
9.100000000000000000e+01 2.000000000000000000e+00 1.266910526056827524e-01
9.100000000000000000e+01 3.000000000000000000e+00 1.260134669641921057e-01
9.100000000000000000e+01 4.000000000000000000e+00 1.100855496548918261e-01
9.200000000000000000e+01 0.000000000000000000e+00 1.366241682857537998e-01
9.200000000000000000e+01 1.000000000000000000e+00 9.769136715260488824e-02
9.200000000000000000e+01 2.000000000000000000e+00 1.357054699461185121e-01
9.200000000000000000e+01 3.000000000000000000e+00 7.670718098657436368e-02
9.200000000000000000e+01 4.000000000000000000e+00 9.317692507102676158e-02
9.300000000000000000e+01 0.000000000000000000e+00 9.928526155358959049e-02
9.300000000000000000e+01 1.000000000000000000e+00 1.117234137279742023e-01
9.300000000000000000e+01 2.000000000000000000e+00 1.039600639273030730e-01
9.300000000000000000e+01 3.000000000000000000e+00 1.483244723882695404e-01
9.300000000000000000e+01 4.000000000000000000e+00 1.087749888602885101e-01
9.400000000000000000e+01 0.000000000000000000e+00 1.349795773664757559e-01
9.400000000000000000e+01 1.000000000000000000e+00 1.208144326862005125e-01
9.400000000000000000e+01 2.000000000000000000e+00 1.017600336408374107e-01
9.400000000000000000e+01 3.000000000000000000e+00 6.215989925643559261e-02
9.400000000000000000e+01 4.000000000000000000e+00 1.425503475042849411e-01
9.500000000000000000e+01 0.000000000000000000e+00 1.142818864136556922e-01
9.500000000000000000e+01 1.000000000000000000e+00 1.060427596042928106e-01
9.500000000000000000e+01 2.000000000000000000e+00 8.287447429744425331e-02
9.500000000000000000e+01 3.000000000000000000e+00 4.443466423925755693e-02
9.500000000000000000e+01 4.000000000000000000e+00 1.222460486685212622e-01
9.600000000000000000e+01 0.000000000000000000e+00 8.329696219386321931e-02
9.600000000000000000e+01 1.000000000000000000e+00 1.589389191623170883e-01
9.600000000000000000e+01 2.000000000000000000e+00 1.320213302539759714e-01
9.600000000000000000e+01 3.000000000000000000e+00 1.498266495074337401e-01
9.600000000000000000e+01 4.000000000000000000e+00 1.472073211972337314e-01
9.700000000000000000e+01 0.000000000000000000e+00 8.588610243251180998e-02
9.700000000000000000e+01 1.000000000000000000e+00 1.348647302434338446e-01
9.700000000000000000e+01 2.000000000000000000e+00 1.433934069084270568e-01
9.700000000000000000e+01 3.000000000000000000e+00 9.056847327828237981e-02
9.700000000000000000e+01 4.000000000000000000e+00 1.525574020724312641e-01
9.800000000000000000e+01 0.000000000000000000e+00 1.479886087265585848e-01
9.800000000000000000e+01 1.000000000000000000e+00 1.223681834634021692e-01
9.800000000000000000e+01 2.000000000000000000e+00 1.210406878459052149e-01
9.800000000000000000e+01 3.000000000000000000e+00 8.239191205865918632e-02
9.800000000000000000e+01 4.000000000000000000e+00 1.029576036361008196e-01
9.900000000000000000e+01 0.000000000000000000e+00 1.217934235457544256e-01
9.900000000000000000e+01 1.000000000000000000e+00 1.829083811307354590e-01
9.900000000000000000e+01 2.000000000000000000e+00 1.491567711908671767e-01
9.900000000000000000e+01 3.000000000000000000e+00 4.636463249483729898e-02
9.900000000000000000e+01 4.000000000000000000e+00 9.025461204461940334e-02
