0.0 0.0 0.070701764056916624
0.0 1.0 0.066348422017197872
0.0 2.0 0.055732793820985491
0.0 3.0 0.023047114603397659
0.0 4.0 0.053107583959884214
1.0 0.0 0.121911569582836360
1.0 1.0 0.013985273707456780
1.0 2.0 0.077109553192994229
1.0 3.0 0.043774145767635227
1.0 4.0 0.039356535638004855
2.0 0.0 0.050818427370317013
2.0 1.0 0.051081215070420918
2.0 2.0 0.058429166566727642
2.0 3.0 0.020798959345080532
2.0 4.0 0.088362023785796384
3.0 0.0 0.053631697656232498
3.0 1.0 0.123898291318493226
3.0 2.0 0.014900033542439935
3.0 3.0 0.042665024164000219
3.0 4.0 0.037606060047934833
4.0 0.0 0.056809989230378610
4.0 1.0 0.043510859416022736
4.0 2.0 0.107641386013097362
4.0 3.0 0.068718017123254288
4.0 4.0 0.033886080627711340
5.0 0.0 0.029420485250569502
5.0 1.0 0.057699252024757050
5.0 2.0 0.061275453842812466
5.0 3.0 0.077832758044739020
5.0 4.0 0.072200221769521553
6.0 0.0 0.039839261098681300
6.0 1.0 0.047494326156769420
6.0 2.0 0.076026702358708731
6.0 3.0 0.075575191887338536
6.0 4.0 0.082900078136908056
7.0 0.0 0.068529537976879648
7.0 1.0 0.085861430773886832
7.0 2.0 0.036230492867832240
7.0 3.0 0.008830583067410264
7.0 4.0 0.075972649359284716
8.0 0.0 0.066311385635603209
8.0 1.0 0.087205760859568521
8.0 2.0 0.037525840239020482
8.0 3.0 0.030216953176272380
8.0 4.0 0.081103594564992415
9.0 0.0 0.028309474103700882
9.0 1.0 0.076677760924557636
9.0 2.0 0.087907878552192620
9.0 3.0 0.001700316547278609
9.0 4.0 0.065601478060784188
10.0 0.0 0.073508261059966939
10.0 1.0 0.057605430327632337
10.0 2.0 0.052378811320711927
10.0 3.0 0.063883993493459273
10.0 4.0 0.022239209229236803
11.0 0.0 0.046286285618683656
11.0 1.0 0.030370660750342615
11.0 2.0 0.130549983520070523
11.0 3.0 0.006594121728010750
11.0 4.0 0.068280460087364811
12.0 0.0 0.048061469818197977
12.0 1.0 0.100629825214028315
12.0 2.0 0.019172881299613458
12.0 3.0 0.056578249525743432
12.0 4.0 0.046159270504436051
13.0 0.0 0.080058518782544622
13.0 1.0 0.026876067109509641
13.0 2.0 0.064914225670311992
13.0 3.0 0.086830376014164587
13.0 4.0 0.074717095766905120
14.0 0.0 0.024518383630534050
14.0 1.0 0.015304986638677848
14.0 2.0 0.063380656417572817
14.0 3.0 0.057113002761592868
14.0 4.0 0.103609160992994151
15.0 0.0 0.084674882373868054
15.0 1.0 0.039298609752974008
15.0 2.0 0.022820818692977876
15.0 3.0 0.028440146552312785
15.0 4.0 0.092546338285017168
16.0 0.0 0.086172411369342755
16.0 1.0 0.029004879113112652
16.0 2.0 0.078881017534626285
16.0 3.0 0.071013079513837188
16.0 4.0 0.081235577392018171
17.0 0.0 0.038962218161892589
17.0 1.0 0.042705816603601759
17.0 2.0 0.077577355737570117
17.0 3.0 0.052918363576020505
17.0 4.0 0.051859283222976574
18.0 0.0 0.089177601519248167
18.0 1.0 0.043087878041709236
18.0 2.0 0.058293639884111272
18.0 3.0 0.045771639682847143
18.0 4.0 0.094967329259742356
19.0 0.0 0.078118450771536396
19.0 1.0 0.050463921343081294
19.0 2.0 0.033048817854697585
19.0 3.0 0.074462777246155895
19.0 4.0 0.094485229313202607
20.0 0.0 0.041078555381428447
20.0 1.0 0.095506277740992712
20.0 2.0 0.060621592163765198
20.0 3.0 0.084867531468904397
20.0 4.0 0.054120317997436232
21.0 0.0 0.015976472599063568
21.0 1.0 0.094941471133068556
21.0 2.0 0.035663217039629491
21.0 3.0 0.061205601896145170
21.0 4.0 0.067062787368569965
22.0 0.0 0.103518162117243323
22.0 1.0 0.091279551386674068
22.0 2.0 0.046123410291292084
22.0 3.0 0.019323715337319563
22.0 4.0 0.023358221776190374
23.0 0.0 0.014705626156432922
23.0 1.0 0.069043673502946767
23.0 2.0 0.045340240511999669
23.0 3.0 0.074947492205764590
23.0 4.0 0.133660329958373764
24.0 0.0 0.085161467842074137
24.0 1.0 0.025925685454021886
24.0 2.0 0.036843252235055808
24.0 3.0 0.029328044878888213
24.0 4.0 0.087930399354037320
25.0 0.0 0.062737631322531601
25.0 1.0 0.071985487977743651
25.0 2.0 0.047054498792488103
25.0 3.0 0.044227977720784517
25.0 4.0 0.061742000580471690
26.0 0.0 0.095887243380731485
26.0 1.0 0.059361407040091518
26.0 2.0 0.088889582983392390
26.0 3.0 0.091039620502073565
26.0 4.0 0.033679681368875170
27.0 0.0 0.107573520565845127
27.0 1.0 0.040742785212407234
27.0 2.0 0.074481253814484172
27.0 3.0 0.056424138940048600
27.0 4.0 0.020964111599563379
28.0 0.0 0.036941766640871995
28.0 1.0 0.072244136845734386
28.0 2.0 0.091760258457053628
28.0 3.0 0.030635694403159847
28.0 4.0 0.039181381654870416
29.0 0.0 0.055920217628522173
29.0 1.0 0.045575785085255102
29.0 2.0 0.068438830001699841
29.0 3.0 0.042560702014062014
29.0 4.0 0.052865008710704563
30.0 0.0 0.092876382594552165
30.0 1.0 0.038946261843794044
30.0 2.0 0.086051717330615882
30.0 3.0 0.057633406800145635
30.0 4.0 0.032175830174010066
31.0 0.0 0.021991071792554624
31.0 1.0 0.051616382383820748
31.0 2.0 0.065331021192799849
31.0 3.0 0.107217186547872600
31.0 4.0 0.031350841001469738
32.0 0.0 0.042624592777698096
32.0 1.0 0.022025402845398889
32.0 2.0 0.036053286104021011
32.0 3.0 0.054026289861731476
32.0 4.0 0.150819255866041224
33.0 0.0 0.069001283589082224
33.0 1.0 0.072164609655966383
33.0 2.0 0.088696267370710083
33.0 3.0 0.030760298602757287
33.0 4.0 0.070337938602048067
34.0 0.0 0.092989785780724463
34.0 1.0 0.044746152843472942
34.0 2.0 0.078047206545865055
34.0 3.0 0.024878822382629961
34.0 4.0 0.051660989492319856
35.0 0.0 0.043364364228686864
35.0 1.0 0.077244151200463212
35.0 2.0 0.047948205909401728
35.0 3.0 0.056336476084166323
35.0 4.0 0.031016391036998034
36.0 0.0 0.050457135861854033
36.0 1.0 0.119791475019790358
36.0 2.0 0.017973453885354110
36.0 3.0 0.081224946197361439
36.0 4.0 0.032318433466815955
37.0 0.0 0.094237653021337395
37.0 1.0 0.086929731955899578
37.0 2.0 0.051128054056309886
37.0 3.0 0.055084678483789229
37.0 4.0 0.083336079000284141
38.0 0.0 0.091935007545281111
38.0 1.0 0.024499136766948884
38.0 2.0 0.068686274828513597
38.0 3.0 0.053941368105000234
38.0 4.0 0.027860970984386568
39.0 0.0 0.042933422720914945
39.0 1.0 0.043447892769716362
39.0 2.0 0.042399398643050520
39.0 3.0 0.063205890985420968
39.0 4.0 0.071032979140894556
40.0 0.0 0.069462118766725034
40.0 1.0 0.057751621640666287
40.0 2.0 0.070202939627081087
40.0 3.0 0.036287001024353976
40.0 4.0 0.037879167354818860
41.0 0.0 0.071147084453730386
41.0 1.0 0.012431671652242755
41.0 2.0 0.087654964007914407
41.0 3.0 0.048539984232569479
41.0 4.0 0.095738101785390495
42.0 0.0 0.033079856607406040
42.0 1.0 0.053025986845296399
42.0 2.0 0.065964393505485719
42.0 3.0 0.065177011965357481
42.0 4.0 0.082273300059830273
43.0 0.0 0.078106826828826137
43.0 1.0 0.056125055451121481
43.0 2.0 0.041843057329038383
43.0 3.0 0.050294814723379322
43.0 4.0 0.049561348400244849
44.0 0.0 0.074910657169132699
44.0 1.0 0.102914281089854218
44.0 2.0 0.028440472642100142
44.0 3.0 0.024842094491109426
44.0 4.0 0.071852911212932968
45.0 0.0 0.015538543279931556
45.0 1.0 0.057100854006920984
45.0 2.0 0.057424232295521987
45.0 3.0 0.056359819918082310
45.0 4.0 0.116311205837766246
46.0 0.0 0.040598216668997301
46.0 1.0 0.077501398904309890
46.0 2.0 0.051425787341097387
46.0 3.0 0.048695063491605267
46.0 4.0 0.049419946685084482
47.0 0.0 0.070906687252383346
47.0 1.0 0.032990806324412064
47.0 2.0 0.060277398434887386
47.0 3.0 0.081901380179455321
47.0 4.0 0.019220223890870157
48.0 0.0 0.067425760909805538
48.0 1.0 0.039253208597526658
48.0 2.0 0.078031457023840844
48.0 3.0 0.047928564847470580
48.0 4.0 0.079041527077404014
49.0 0.0 0.074996522536277144
49.0 1.0 0.033195399584538043
49.0 2.0 0.028218478122656900
49.0 3.0 0.031892149238274096
49.0 4.0 0.092266269054950154
50.0 0.0 0.010494528154701154
50.0 1.0 0.050142596798892491
50.0 2.0 0.065826145916019915
50.0 3.0 0.086128841577450599
50.0 4.0 0.098959679489092345
51.0 0.0 0.037002491140867302
51.0 1.0 0.038491105678961225
51.0 2.0 0.058651264153104968
51.0 3.0 0.063141102185515982
51.0 4.0 0.099408490867201715
52.0 0.0 0.052168477160266111
52.0 1.0 0.096269371414803129
52.0 2.0 0.063105226995666369
52.0 3.0 0.054826272334608586
52.0 4.0 0.044966783458567458
53.0 0.0 0.087415848368000731
53.0 1.0 0.022183510583969269
53.0 2.0 0.060225852228583163
53.0 3.0 0.084679376531984304
53.0 4.0 0.067787126818306023
54.0 0.0 0.094908451072201472
54.0 1.0 0.039626175798989284
54.0 2.0 0.039507740709918852
54.0 3.0 0.113080967622690765
54.0 4.0 0.053519820620371250
55.0 0.0 0.048183421238118640
55.0 1.0 0.071298490192230585
55.0 2.0 0.075664341752231440
55.0 3.0 0.050473398574584064
55.0 4.0 0.114833533718919106
56.0 0.0 0.026937508746752513
56.0 1.0 0.040015762309163733
56.0 2.0 0.029098108743639599
56.0 3.0 0.104502321339623866
56.0 4.0 0.096003541150076435
57.0 0.0 0.014630968438034464
57.0 1.0 0.055660200273977542
57.0 2.0 0.060757235046836153
57.0 3.0 0.072821433185087714
57.0 4.0 0.049001915635864736
58.0 0.0 0.065388134108957871
58.0 1.0 0.078671461543285734
58.0 2.0 0.077826501121685834
58.0 3.0 0.030590158639085117
58.0 4.0 0.062173675627105629
59.0 0.0 0.033541915624641060
59.0 1.0 0.042829645517662662
59.0 2.0 0.046545553455603211
59.0 3.0 0.072359453452129602
59.0 4.0 0.073207507299564073
60.0 0.0 0.010730505291187077
60.0 1.0 0.035364850723179034
60.0 2.0 0.074725169714708856
60.0 3.0 0.099730260664014109
60.0 4.0 0.040757726119843574
61.0 0.0 0.026097564342362604
61.0 1.0 0.060835933588101861
61.0 2.0 0.086681677557411130
61.0 3.0 0.075372240909281407
61.0 4.0 0.046323917798432923
62.0 0.0 0.051827381319755984
62.0 1.0 0.093521513197829073
62.0 2.0 0.072582883119578487
62.0 3.0 0.044446570821191869
62.0 4.0 0.082738090379255794
63.0 0.0 0.074402613687716640
63.0 1.0 0.082205325997347284
63.0 2.0 0.020150251964345337
63.0 3.0 0.097077392658702660
63.0 4.0 0.022174970654614760
64.0 0.0 0.105875513630392465
64.0 1.0 0.062281969250804772
64.0 2.0 0.054279095798302514
64.0 3.0 0.068909584594588652
64.0 4.0 0.062077965015521652
65.0 0.0 0.088722887135676443
65.0 1.0 0.038942678988190163
65.0 2.0 0.083347215574077316
65.0 3.0 0.015036566831002180
65.0 4.0 0.049272459004437108
66.0 0.0 0.048047431837119237
66.0 1.0 0.115353299990572131
66.0 2.0 0.034580099910508602
66.0 3.0 0.055731520754783700
66.0 4.0 0.021505879440480748
67.0 0.0 0.032511251368425073
67.0 1.0 0.051382548655582547
67.0 2.0 0.085978772366706563
67.0 3.0 0.076242998681353147
67.0 4.0 0.095106699270330802
68.0 0.0 0.018210079779701727
68.0 1.0 0.085435943426963146
68.0 2.0 0.061463435966648716
68.0 3.0 0.092608997543818489
68.0 4.0 0.044642291726816025
69.0 0.0 0.086325650978509291
69.0 1.0 0.041012323655766694
69.0 2.0 0.020961506580971373
69.0 3.0 0.044986283470313138
69.0 4.0 0.071825046216496879
70.0 0.0 0.021865209369745769
70.0 1.0 0.044796277896939345
70.0 2.0 0.055856470337648803
70.0 3.0 0.041885725234165727
70.0 4.0 0.108434677711698943
71.0 0.0 0.079940416768177536
71.0 1.0 0.041266430620104801
71.0 2.0 0.066762855451778597
71.0 3.0 0.069928594601210287
71.0 4.0 0.070468014540618240
72.0 0.0 0.020331561958864187
72.0 1.0 0.043421568229896346
72.0 2.0 0.088954979757172342
72.0 3.0 0.074415950977930911
72.0 4.0 0.073075198540955316
73.0 0.0 0.050131733392727709
73.0 1.0 0.034209528550704887
73.0 2.0 0.096709103529627347
73.0 3.0 0.017901680737880444
73.0 4.0 0.079954413648041650
74.0 0.0 0.028824561892050054
74.0 1.0 0.092549841676069514
74.0 2.0 0.095424468001325730
74.0 3.0 0.066582031777365630
74.0 4.0 0.045486792677160874
75.0 0.0 0.060933485455208443
75.0 1.0 0.097690612026183385
75.0 2.0 0.041359846104144615
75.0 3.0 0.041021801226939242
75.0 4.0 0.096788981612202035
76.0 0.0 0.012854452078028152
76.0 1.0 0.057818952904924725
76.0 2.0 0.086745496448570505
76.0 3.0 0.025096680651833493
76.0 4.0 0.084384610967545279
77.0 0.0 0.049048461761203893
77.0 1.0 0.072363968067457596
77.0 2.0 0.030817230518918319
77.0 3.0 0.080588022633649670
77.0 4.0 0.075725050458445312
78.0 0.0 0.083628269739871627
78.0 1.0 0.062866981053098542
78.0 2.0 0.094207472967244854
78.0 3.0 0.036433033901726433
78.0 4.0 0.073673986889117027
79.0 0.0 0.032434244823327046
79.0 1.0 0.068358427643735065
79.0 2.0 0.096154302408535425
79.0 3.0 0.069801762211220725
79.0 4.0 0.003018425028604398
80.0 0.0 0.028300107732530562
80.0 1.0 0.123680189960390222
80.0 2.0 0.037025662345861785
80.0 3.0 0.026204133180329117
80.0 4.0 0.087193498777399708
81.0 0.0 0.001318505238819566
81.0 1.0 0.008720013292850711
81.0 2.0 0.109534899529139779
81.0 3.0 0.045594050913110584
81.0 4.0 0.106319267702582196
82.0 0.0 0.037959556259209284
82.0 1.0 0.049085736092940577
82.0 2.0 0.060529955014976607
82.0 3.0 0.094564231977701405
82.0 4.0 0.072358838568554906
83.0 0.0 0.058148940860418427
83.0 1.0 0.106964419116183457
83.0 2.0 0.044270854766892534
83.0 3.0 0.026293307574919281
83.0 4.0 0.060261127759733572
84.0 0.0 0.047172919387423483
84.0 1.0 0.048999878513825333
84.0 2.0 0.069490978576593018
84.0 3.0 0.052085329272893229
84.0 4.0 0.044040495527161161
85.0 0.0 0.072397769316622451
85.0 1.0 0.091264434711506595
85.0 2.0 0.022372467105524735
85.0 3.0 0.061284197887768579
85.0 4.0 0.066094518400026225
86.0 0.0 0.074021914112175485
86.0 1.0 0.081649269658373394
86.0 2.0 0.033337113829290624
86.0 3.0 0.038147189413010041
86.0 4.0 0.031717638086044483
87.0 0.0 0.107132263190408542
87.0 1.0 0.049036731808500544
87.0 2.0 0.082424342761382052
87.0 3.0 0.041089209941385783
87.0 4.0 0.019315322404022204
88.0 0.0 0.050780657521893882
88.0 1.0 0.060941791512702043
88.0 2.0 0.062112776844703135
88.0 3.0 0.016761921096120378
88.0 4.0 0.080970615564529502
89.0 0.0 0.042860503173177841
89.0 1.0 0.006079685227525138
89.0 2.0 0.066931938361374496
89.0 3.0 0.073467648640135053
89.0 4.0 0.101257180743375655
90.0 0.0 0.034246775989529937
90.0 1.0 0.070414617274815253
90.0 2.0 0.092782931055592099
90.0 3.0 0.090321276752125063
90.0 4.0 0.026956555262482161
91.0 0.0 0.028568797173300374
91.0 1.0 0.074374125676208297
91.0 2.0 0.033434647655887939
91.0 3.0 0.092277272046043551
91.0 4.0 0.039848480710963544
92.0 0.0 0.036694186484003383
92.0 1.0 0.053174696055788881
92.0 2.0 0.029700414692004552
92.0 3.0 0.058553298541447134
92.0 4.0 0.086229772417519404
93.0 0.0 0.039585387542248683
93.0 1.0 0.073304626213897175
93.0 2.0 0.039728470763520762
93.0 3.0 0.060785782219577408
93.0 4.0 0.059631943013605804
94.0 0.0 0.049365239693679897
94.0 1.0 0.076865082091630857
94.0 2.0 0.021685064619154253
94.0 3.0 0.077367208615996177
94.0 4.0 0.064371834416587309
95.0 0.0 0.068217820060439083
95.0 1.0 0.036363779767938816
95.0 2.0 0.131795565440289059
95.0 3.0 0.019186015743636538
95.0 4.0 0.059101589953209285
96.0 0.0 0.040817883358424505
96.0 1.0 0.107980224458121138
96.0 2.0 0.026104087615736769
96.0 3.0 0.041578814974658172
96.0 4.0 0.047772948395533199
97.0 0.0 0.059581585733633993
97.0 1.0 0.058881066281570943
97.0 2.0 0.033506760755303483
97.0 3.0 0.013892375194125759
97.0 4.0 0.106025789881978166
98.0 0.0 0.068125372420877156
98.0 1.0 0.060992399022455020
98.0 2.0 0.036988250314150990
98.0 3.0 0.021336503517659398
98.0 4.0 0.079645326902498259
99.0 0.0 0.054023047005576363
99.0 1.0 0.125456208415340414
99.0 2.0 0.027973142623453930
99.0 3.0 0.078459093182021530
99.0 4.0 0.040859606250872732
