0.000000000000000000e+00 0.000000000000000000e+00 9.772384667889943977e-02
0.000000000000000000e+00 1.000000000000000000e+00 6.546893218246167823e-02
0.000000000000000000e+00 2.000000000000000000e+00 7.334344447991433813e-02
0.000000000000000000e+00 3.000000000000000000e+00 1.231190602628210728e-01
0.000000000000000000e+00 4.000000000000000000e+00 7.363185437562751179e-02
1.000000000000000000e+00 0.000000000000000000e+00 4.422411892987812565e-02
1.000000000000000000e+00 1.000000000000000000e+00 9.690255421409357806e-02
1.000000000000000000e+00 2.000000000000000000e+00 7.518794916020291041e-02
1.000000000000000000e+00 3.000000000000000000e+00 5.540283899919186406e-02
1.000000000000000000e+00 4.000000000000000000e+00 9.070977342095698503e-02
2.000000000000000000e+00 0.000000000000000000e+00 7.193912727758725034e-02
2.000000000000000000e+00 1.000000000000000000e+00 1.030864089838460645e-01
2.000000000000000000e+00 2.000000000000000000e+00 9.113418248253107867e-02
2.000000000000000000e+00 3.000000000000000000e+00 7.072845356347348678e-02
2.000000000000000000e+00 4.000000000000000000e+00 5.229327727887440186e-02
3.000000000000000000e+00 0.000000000000000000e+00 6.760031739339446288e-02
3.000000000000000000e+00 1.000000000000000000e+00 9.369484297880899260e-02
3.000000000000000000e+00 2.000000000000000000e+00 8.704505484619447231e-02
3.000000000000000000e+00 3.000000000000000000e+00 1.268140280512680962e-01
3.000000000000000000e+00 4.000000000000000000e+00 5.357021994416923116e-02
4.000000000000000000e+00 0.000000000000000000e+00 8.342529572737444887e-02
4.000000000000000000e+00 1.000000000000000000e+00 7.814624575559735165e-02
4.000000000000000000e+00 2.000000000000000000e+00 3.661811002642782059e-02
4.000000000000000000e+00 3.000000000000000000e+00 8.674939538291721874e-02
4.000000000000000000e+00 4.000000000000000000e+00 1.392450798602528905e-01
5.000000000000000000e+00 0.000000000000000000e+00 5.356843205674109015e-02
5.000000000000000000e+00 1.000000000000000000e+00 6.013380918970774591e-02
5.000000000000000000e+00 2.000000000000000000e+00 8.250347176777575453e-02
5.000000000000000000e+00 3.000000000000000000e+00 1.313684663792749618e-01
5.000000000000000000e+00 4.000000000000000000e+00 7.330710565319532857e-02
6.000000000000000000e+00 0.000000000000000000e+00 5.648907944171017298e-02
6.000000000000000000e+00 1.000000000000000000e+00 1.195366737578831412e-01
6.000000000000000000e+00 2.000000000000000000e+00 5.427165329447768832e-02
6.000000000000000000e+00 3.000000000000000000e+00 5.517040186183103101e-02
6.000000000000000000e+00 4.000000000000000000e+00 8.360202183936510378e-02
7.000000000000000000e+00 0.000000000000000000e+00 7.787629109296954899e-02
7.000000000000000000e+00 1.000000000000000000e+00 7.143030372017039609e-02
7.000000000000000000e+00 2.000000000000000000e+00 8.815064855647361530e-02
7.000000000000000000e+00 3.000000000000000000e+00 9.433801111236464476e-02
7.000000000000000000e+00 4.000000000000000000e+00 6.829663565831479988e-02
8.000000000000000000e+00 0.000000000000000000e+00 4.038165056059112024e-02
8.000000000000000000e+00 1.000000000000000000e+00 7.471594394231741154e-02
8.000000000000000000e+00 2.000000000000000000e+00 1.144170319087492033e-01
8.000000000000000000e+00 3.000000000000000000e+00 7.158107368518898395e-02
8.000000000000000000e+00 4.000000000000000000e+00 6.393150714146478286e-02
9.000000000000000000e+00 0.000000000000000000e+00 7.762802077374046650e-02
9.000000000000000000e+00 1.000000000000000000e+00 1.532326653033567743e-01
9.000000000000000000e+00 2.000000000000000000e+00 9.100986455031034872e-02
9.000000000000000000e+00 3.000000000000000000e+00 5.526728270449995928e-02
9.000000000000000000e+00 4.000000000000000000e+00 7.182669352439126353e-02
1.000000000000000000e+01 0.000000000000000000e+00 7.851115450461403078e-02
1.000000000000000000e+01 1.000000000000000000e+00 5.690314541920025310e-02
1.000000000000000000e+01 2.000000000000000000e+00 9.356437192428491978e-02
1.000000000000000000e+01 3.000000000000000000e+00 6.077189424051754330e-02
1.000000000000000000e+01 4.000000000000000000e+00 1.214367708212004959e-01
1.100000000000000000e+01 0.000000000000000000e+00 1.105040684749074853e-01
1.100000000000000000e+01 1.000000000000000000e+00 3.907044131849868318e-02
1.100000000000000000e+01 2.000000000000000000e+00 7.429762947916830618e-02
1.100000000000000000e+01 3.000000000000000000e+00 9.132947849892254777e-02
1.100000000000000000e+01 4.000000000000000000e+00 1.023252929224088559e-01
1.200000000000000000e+01 0.000000000000000000e+00 8.605385914876942377e-02
1.200000000000000000e+01 1.000000000000000000e+00 6.008466050363189120e-02
1.200000000000000000e+01 2.000000000000000000e+00 7.178783458055076894e-02
1.200000000000000000e+01 3.000000000000000000e+00 1.065310226181068465e-01
1.200000000000000000e+01 4.000000000000000000e+00 8.892267484423167778e-02
1.300000000000000000e+01 0.000000000000000000e+00 8.735426162621473534e-02
1.300000000000000000e+01 1.000000000000000000e+00 6.245542749314532405e-02
1.300000000000000000e+01 2.000000000000000000e+00 5.743282944923751299e-02
1.300000000000000000e+01 3.000000000000000000e+00 7.717155656941467046e-02
1.300000000000000000e+01 4.000000000000000000e+00 7.676674717045754714e-02
1.400000000000000000e+01 0.000000000000000000e+00 9.028586715317447886e-02
1.400000000000000000e+01 1.000000000000000000e+00 5.471187517951439649e-02
1.400000000000000000e+01 2.000000000000000000e+00 9.332062783555619689e-02
1.400000000000000000e+01 3.000000000000000000e+00 7.465831915549969722e-02
1.400000000000000000e+01 4.000000000000000000e+00 7.705204078553620772e-02
1.500000000000000000e+01 0.000000000000000000e+00 4.273191323155043492e-02
1.500000000000000000e+01 1.000000000000000000e+00 1.266012328145002530e-01
1.500000000000000000e+01 2.000000000000000000e+00 1.183535565831308062e-01
1.500000000000000000e+01 3.000000000000000000e+00 6.983860286986121046e-02
1.500000000000000000e+01 4.000000000000000000e+00 5.730301954967137457e-02
1.600000000000000000e+01 0.000000000000000000e+00 1.007762916471183628e-01
1.600000000000000000e+01 1.000000000000000000e+00 6.884091260948223268e-02
1.600000000000000000e+01 2.000000000000000000e+00 1.112197045000975631e-01
1.600000000000000000e+01 3.000000000000000000e+00 6.590920659970522788e-02
1.600000000000000000e+01 4.000000000000000000e+00 5.364779981120641750e-02
1.700000000000000000e+01 0.000000000000000000e+00 8.637842852156946138e-02
1.700000000000000000e+01 1.000000000000000000e+00 1.040779557699804958e-01
1.700000000000000000e+01 2.000000000000000000e+00 1.236449474664199633e-01
1.700000000000000000e+01 3.000000000000000000e+00 3.996320396941770159e-02
1.700000000000000000e+01 4.000000000000000000e+00 8.945736712271913638e-02
1.800000000000000000e+01 0.000000000000000000e+00 9.040719639565739096e-02
1.800000000000000000e+01 1.000000000000000000e+00 5.125702086808287677e-02
1.800000000000000000e+01 2.000000000000000000e+00 8.830520832070487547e-02
1.800000000000000000e+01 3.000000000000000000e+00 8.510770830724123659e-02
1.800000000000000000e+01 4.000000000000000000e+00 9.341130784808519827e-02
1.900000000000000000e+01 0.000000000000000000e+00 9.858514892775850635e-02
1.900000000000000000e+01 1.000000000000000000e+00 9.656886669911424192e-02
1.900000000000000000e+01 2.000000000000000000e+00 9.035550862893972079e-02
1.900000000000000000e+01 3.000000000000000000e+00 7.055800447926918739e-02
1.900000000000000000e+01 4.000000000000000000e+00 1.130474254449502086e-01
2.000000000000000000e+01 0.000000000000000000e+00 7.493343491708820414e-02
2.000000000000000000e+01 1.000000000000000000e+00 9.130262035191764880e-02
2.000000000000000000e+01 2.000000000000000000e+00 7.533775267324294145e-02
2.000000000000000000e+01 3.000000000000000000e+00 9.639033522209372595e-02
2.000000000000000000e+01 4.000000000000000000e+00 6.417908280098344465e-02
2.100000000000000000e+01 0.000000000000000000e+00 3.408614545423799963e-02
2.100000000000000000e+01 1.000000000000000000e+00 7.495917940375275423e-02
2.100000000000000000e+01 2.000000000000000000e+00 8.949500144686217684e-02
2.100000000000000000e+01 3.000000000000000000e+00 1.138925240944711065e-01
2.100000000000000000e+01 4.000000000000000000e+00 1.397251328160200035e-01
2.200000000000000000e+01 0.000000000000000000e+00 9.688536273205475280e-02
2.200000000000000000e+01 1.000000000000000000e+00 1.219087615685585935e-01
2.200000000000000000e+01 2.000000000000000000e+00 7.685862517710159714e-02
2.200000000000000000e+01 3.000000000000000000e+00 8.014093043773702629e-02
2.200000000000000000e+01 4.000000000000000000e+00 8.039403815246148888e-02
2.300000000000000000e+01 0.000000000000000000e+00 4.641699044861558043e-02
2.300000000000000000e+01 1.000000000000000000e+00 3.458237579213670199e-02
2.300000000000000000e+01 2.000000000000000000e+00 1.077923494606555926e-01
2.300000000000000000e+01 3.000000000000000000e+00 1.022360110995586269e-01
2.300000000000000000e+01 4.000000000000000000e+00 9.867937944961367724e-02
2.400000000000000000e+01 0.000000000000000000e+00 1.298158410964815046e-01
2.400000000000000000e+01 1.000000000000000000e+00 3.843735086479548729e-02
2.400000000000000000e+01 2.000000000000000000e+00 9.604637241606714393e-02
2.400000000000000000e+01 3.000000000000000000e+00 9.043844167593331762e-02
2.400000000000000000e+01 4.000000000000000000e+00 1.006301352211592774e-02
2.500000000000000000e+01 0.000000000000000000e+00 9.650855788513917899e-02
2.500000000000000000e+01 1.000000000000000000e+00 1.202484193009684954e-01
2.500000000000000000e+01 2.000000000000000000e+00 6.105342449388541370e-02
2.500000000000000000e+01 3.000000000000000000e+00 6.243439938038589793e-02
2.500000000000000000e+01 4.000000000000000000e+00 8.758808448235769206e-02
2.600000000000000000e+01 0.000000000000000000e+00 1.117420582245752247e-01
2.600000000000000000e+01 1.000000000000000000e+00 1.005601661316309903e-01
2.600000000000000000e+01 2.000000000000000000e+00 1.902122636990606630e-02
2.600000000000000000e+01 3.000000000000000000e+00 6.431356194320422826e-02
2.600000000000000000e+01 4.000000000000000000e+00 1.306100165991625206e-01
2.700000000000000000e+01 0.000000000000000000e+00 9.557237499781821854e-02
2.700000000000000000e+01 1.000000000000000000e+00 7.242779265231805153e-02
2.700000000000000000e+01 2.000000000000000000e+00 5.273326230744099230e-02
2.700000000000000000e+01 3.000000000000000000e+00 1.214581970229385993e-01
2.700000000000000000e+01 4.000000000000000000e+00 1.094788683645418204e-01
2.800000000000000000e+01 0.000000000000000000e+00 1.072815226743816519e-01
2.800000000000000000e+01 1.000000000000000000e+00 8.510528129695085764e-02
2.800000000000000000e+01 2.000000000000000000e+00 9.663216927465173578e-02
2.800000000000000000e+01 3.000000000000000000e+00 6.516766637127326123e-02
2.800000000000000000e+01 4.000000000000000000e+00 8.877986245751394445e-02
2.900000000000000000e+01 0.000000000000000000e+00 5.955278917043566739e-02
2.900000000000000000e+01 1.000000000000000000e+00 6.231042199530827802e-02
2.900000000000000000e+01 2.000000000000000000e+00 1.189105283860244361e-01
2.900000000000000000e+01 3.000000000000000000e+00 7.216225551268709570e-02
2.900000000000000000e+01 4.000000000000000000e+00 4.093544182236519280e-02
3.000000000000000000e+01 0.000000000000000000e+00 7.747707036752457532e-02
3.000000000000000000e+01 1.000000000000000000e+00 1.147856998742513013e-01
3.000000000000000000e+01 2.000000000000000000e+00 4.929374863549185887e-02
3.000000000000000000e+01 3.000000000000000000e+00 7.093433205261805152e-02
3.000000000000000000e+01 4.000000000000000000e+00 7.956007266482743867e-02
3.100000000000000000e+01 0.000000000000000000e+00 8.615606540856493578e-02
3.100000000000000000e+01 1.000000000000000000e+00 7.061140842297553011e-02
3.100000000000000000e+01 2.000000000000000000e+00 1.140436428813841607e-01
3.100000000000000000e+01 3.000000000000000000e+00 9.693498146228385348e-02
3.100000000000000000e+01 4.000000000000000000e+00 7.039810409734388597e-02
3.200000000000000000e+01 0.000000000000000000e+00 8.955263422433820675e-02
3.200000000000000000e+01 1.000000000000000000e+00 8.759787140969831076e-02
3.200000000000000000e+01 2.000000000000000000e+00 1.330870313691648321e-01
3.200000000000000000e+01 3.000000000000000000e+00 7.070773456655901623e-02
3.200000000000000000e+01 4.000000000000000000e+00 6.890173172616194386e-02
3.300000000000000000e+01 0.000000000000000000e+00 7.807450119598491334e-02
3.300000000000000000e+01 1.000000000000000000e+00 1.106169883154124733e-01
3.300000000000000000e+01 2.000000000000000000e+00 1.073189703535133155e-01
3.300000000000000000e+01 3.000000000000000000e+00 5.371314998273643559e-02
3.300000000000000000e+01 4.000000000000000000e+00 5.583183637392734322e-02
3.400000000000000000e+01 0.000000000000000000e+00 4.814399448895922279e-02
3.400000000000000000e+01 1.000000000000000000e+00 6.262258039755948247e-02
3.400000000000000000e+01 2.000000000000000000e+00 7.279052446253708730e-02
3.400000000000000000e+01 3.000000000000000000e+00 1.191087816602153654e-01
3.400000000000000000e+01 4.000000000000000000e+00 9.443095670499905558e-02
3.500000000000000000e+01 0.000000000000000000e+00 7.709131008985677103e-02
3.500000000000000000e+01 1.000000000000000000e+00 3.381502749744508263e-02
3.500000000000000000e+01 2.000000000000000000e+00 9.493028060115242528e-02
3.500000000000000000e+01 3.000000000000000000e+00 9.394435301919365489e-02
3.500000000000000000e+01 4.000000000000000000e+00 1.150257006063757081e-01
3.600000000000000000e+01 0.000000000000000000e+00 1.189760475762493275e-01
3.600000000000000000e+01 1.000000000000000000e+00 1.015401042927925046e-01
3.600000000000000000e+01 2.000000000000000000e+00 9.248151159508109787e-02
3.600000000000000000e+01 3.000000000000000000e+00 5.628825474501690518e-02
3.600000000000000000e+01 4.000000000000000000e+00 6.189719649116996736e-02
3.700000000000000000e+01 0.000000000000000000e+00 9.835551685178653414e-02
3.700000000000000000e+01 1.000000000000000000e+00 6.501442107240142099e-02
3.700000000000000000e+01 2.000000000000000000e+00 7.719215257501968463e-02
3.700000000000000000e+01 3.000000000000000000e+00 7.887458252971590866e-02
3.700000000000000000e+01 4.000000000000000000e+00 7.615357837868673430e-02
3.800000000000000000e+01 0.000000000000000000e+00 5.438491395986307098e-02
3.800000000000000000e+01 1.000000000000000000e+00 7.652101840666376831e-02
3.800000000000000000e+01 2.000000000000000000e+00 6.188693476188861231e-02
3.800000000000000000e+01 3.000000000000000000e+00 9.168757715620393101e-02
3.800000000000000000e+01 4.000000000000000000e+00 8.624547080743509564e-02
3.900000000000000000e+01 0.000000000000000000e+00 8.130641924202250403e-02
3.900000000000000000e+01 1.000000000000000000e+00 1.061779410786685279e-01
3.900000000000000000e+01 2.000000000000000000e+00 4.708968655866433567e-02
3.900000000000000000e+01 3.000000000000000000e+00 8.227099832349728248e-02
3.900000000000000000e+01 4.000000000000000000e+00 5.284002715640413739e-02
4.000000000000000000e+01 0.000000000000000000e+00 5.446296750981726581e-02
4.000000000000000000e+01 1.000000000000000000e+00 8.007349449209449910e-02
4.000000000000000000e+01 2.000000000000000000e+00 1.291161060112094028e-01
4.000000000000000000e+01 3.000000000000000000e+00 1.086758880552901319e-01
4.000000000000000000e+01 4.000000000000000000e+00 2.768458428971887209e-02
4.100000000000000000e+01 0.000000000000000000e+00 8.313804922519171803e-02
4.100000000000000000e+01 1.000000000000000000e+00 1.117097403041632936e-01
4.100000000000000000e+01 2.000000000000000000e+00 6.495021890246491236e-02
4.100000000000000000e+01 3.000000000000000000e+00 6.501749252632918474e-02
4.100000000000000000e+01 4.000000000000000000e+00 9.246517770457776675e-02
4.200000000000000000e+01 0.000000000000000000e+00 8.423152367134087437e-02
4.200000000000000000e+01 1.000000000000000000e+00 8.882524555617771211e-02
4.200000000000000000e+01 2.000000000000000000e+00 3.841470597667830111e-02
4.200000000000000000e+01 3.000000000000000000e+00 1.330109116950246306e-01
4.200000000000000000e+01 4.000000000000000000e+00 8.560006770307497515e-02
4.300000000000000000e+01 0.000000000000000000e+00 5.462412804119787246e-02
4.300000000000000000e+01 1.000000000000000000e+00 1.387437139580257051e-01
4.300000000000000000e+01 2.000000000000000000e+00 6.548135747226804804e-02
4.300000000000000000e+01 3.000000000000000000e+00 4.914795635505524174e-02
4.300000000000000000e+01 4.000000000000000000e+00 1.212563652210602166e-01
4.400000000000000000e+01 0.000000000000000000e+00 5.294472922352543715e-02
4.400000000000000000e+01 1.000000000000000000e+00 9.269494396385670465e-02
4.400000000000000000e+01 2.000000000000000000e+00 8.626098902592378714e-02
4.400000000000000000e+01 3.000000000000000000e+00 9.817582811419595101e-02
4.400000000000000000e+01 4.000000000000000000e+00 9.937330691414796024e-02
4.500000000000000000e+01 0.000000000000000000e+00 3.679031658596557813e-02
4.500000000000000000e+01 1.000000000000000000e+00 7.622334762676115372e-02
4.500000000000000000e+01 2.000000000000000000e+00 7.675183416842479289e-02
4.500000000000000000e+01 3.000000000000000000e+00 8.071409836972734397e-02
4.500000000000000000e+01 4.000000000000000000e+00 1.288178124288038295e-01
4.600000000000000000e+01 0.000000000000000000e+00 1.080158915494824623e-01
4.600000000000000000e+01 1.000000000000000000e+00 6.123879568828951431e-02
4.600000000000000000e+01 2.000000000000000000e+00 4.098965734011973672e-02
4.600000000000000000e+01 3.000000000000000000e+00 8.376214780938312510e-02
4.600000000000000000e+01 4.000000000000000000e+00 1.046384843391664349e-01
4.700000000000000000e+01 0.000000000000000000e+00 1.337989502556361232e-01
4.700000000000000000e+01 1.000000000000000000e+00 7.091840682758442094e-02
4.700000000000000000e+01 2.000000000000000000e+00 4.417897258744237637e-02
4.700000000000000000e+01 3.000000000000000000e+00 4.809931131184030234e-02
4.700000000000000000e+01 4.000000000000000000e+00 7.435478912921297812e-02
4.800000000000000000e+01 0.000000000000000000e+00 8.723374724157616222e-02
4.800000000000000000e+01 1.000000000000000000e+00 1.065134988000036448e-01
4.800000000000000000e+01 2.000000000000000000e+00 1.089021792119430482e-01
4.800000000000000000e+01 3.000000000000000000e+00 6.048302018151369835e-02
4.800000000000000000e+01 4.000000000000000000e+00 7.171247907625979967e-02
4.900000000000000000e+01 0.000000000000000000e+00 8.053899740770818771e-02
4.900000000000000000e+01 1.000000000000000000e+00 6.786379598099732957e-02
4.900000000000000000e+01 2.000000000000000000e+00 9.587076933669919088e-02
4.900000000000000000e+01 3.000000000000000000e+00 1.122429145409180734e-01
4.900000000000000000e+01 4.000000000000000000e+00 4.846620171657502890e-02
5.000000000000000000e+01 0.000000000000000000e+00 6.222154634500810799e-02
5.000000000000000000e+01 1.000000000000000000e+00 9.147465482999320163e-02
5.000000000000000000e+01 2.000000000000000000e+00 1.064819327435964080e-01
5.000000000000000000e+01 3.000000000000000000e+00 7.354380310311323110e-02
5.000000000000000000e+01 4.000000000000000000e+00 5.881990286799333723e-02
5.100000000000000000e+01 0.000000000000000000e+00 6.200915164052046846e-02
5.100000000000000000e+01 1.000000000000000000e+00 1.224898563399349632e-01
5.100000000000000000e+01 2.000000000000000000e+00 7.209205287932754502e-02
5.100000000000000000e+01 3.000000000000000000e+00 8.044664919680279136e-02
5.100000000000000000e+01 4.000000000000000000e+00 8.102844958733328162e-02
5.200000000000000000e+01 0.000000000000000000e+00 9.926159742782326989e-02
5.200000000000000000e+01 1.000000000000000000e+00 8.519786333048535998e-02
5.200000000000000000e+01 2.000000000000000000e+00 7.221550749572359928e-02
5.200000000000000000e+01 3.000000000000000000e+00 8.016698847649633697e-02
5.200000000000000000e+01 4.000000000000000000e+00 9.056719325748560645e-02
5.300000000000000000e+01 0.000000000000000000e+00 1.019873908448184902e-01
5.300000000000000000e+01 1.000000000000000000e+00 9.290071819623473004e-02
5.300000000000000000e+01 2.000000000000000000e+00 7.072744512699548347e-02
5.300000000000000000e+01 3.000000000000000000e+00 3.014976562913746980e-02
5.300000000000000000e+01 4.000000000000000000e+00 8.121154203292151041e-02
5.400000000000000000e+01 0.000000000000000000e+00 5.305942063410564596e-02
5.400000000000000000e+01 1.000000000000000000e+00 1.137355555924125239e-01
5.400000000000000000e+01 2.000000000000000000e+00 6.521276021460861716e-02
5.400000000000000000e+01 3.000000000000000000e+00 6.683683234832644982e-02
5.400000000000000000e+01 4.000000000000000000e+00 7.081809352767079457e-02
5.500000000000000000e+01 0.000000000000000000e+00 6.249761684268047984e-02
5.500000000000000000e+01 1.000000000000000000e+00 8.370077958715141375e-02
5.500000000000000000e+01 2.000000000000000000e+00 1.334452087669810716e-01
5.500000000000000000e+01 3.000000000000000000e+00 1.056430433412319514e-01
5.500000000000000000e+01 4.000000000000000000e+00 8.513421904178292143e-02
5.600000000000000000e+01 0.000000000000000000e+00 8.777535524932807143e-02
5.600000000000000000e+01 1.000000000000000000e+00 5.258182206936985736e-02
5.600000000000000000e+01 2.000000000000000000e+00 1.412688149042921060e-01
5.600000000000000000e+01 3.000000000000000000e+00 6.748956772112746361e-02
5.600000000000000000e+01 4.000000000000000000e+00 1.101139655574831094e-01
5.700000000000000000e+01 0.000000000000000000e+00 6.160719893425543187e-02
5.700000000000000000e+01 1.000000000000000000e+00 9.430829435267062966e-02
5.700000000000000000e+01 2.000000000000000000e+00 3.016123050195643890e-02
5.700000000000000000e+01 3.000000000000000000e+00 1.125799091444047023e-01
5.700000000000000000e+01 4.000000000000000000e+00 9.891622465385714602e-02
5.800000000000000000e+01 0.000000000000000000e+00 1.475373602411200746e-01
5.800000000000000000e+01 1.000000000000000000e+00 8.497781596218144384e-02
5.800000000000000000e+01 2.000000000000000000e+00 6.047293082712983103e-02
5.800000000000000000e+01 3.000000000000000000e+00 6.497804560097716897e-02
5.800000000000000000e+01 4.000000000000000000e+00 8.292004612581797829e-02
5.900000000000000000e+01 0.000000000000000000e+00 7.926105965480559346e-02
5.900000000000000000e+01 1.000000000000000000e+00 6.928149046831695579e-02
5.900000000000000000e+01 2.000000000000000000e+00 5.487162865937413730e-02
5.900000000000000000e+01 3.000000000000000000e+00 5.929455585596465905e-02
5.900000000000000000e+01 4.000000000000000000e+00 1.147786736863509460e-01
6.000000000000000000e+01 0.000000000000000000e+00 5.368327051159148267e-02
6.000000000000000000e+01 1.000000000000000000e+00 1.349312227301652511e-01
6.000000000000000000e+01 2.000000000000000000e+00 1.063899501443561907e-01
6.000000000000000000e+01 3.000000000000000000e+00 6.836160709832284077e-02
6.000000000000000000e+01 4.000000000000000000e+00 2.390521205628687654e-02
6.100000000000000000e+01 0.000000000000000000e+00 3.278722830004736355e-02
6.100000000000000000e+01 1.000000000000000000e+00 1.185167597631956171e-01
6.100000000000000000e+01 2.000000000000000000e+00 1.185790976879840947e-01
6.100000000000000000e+01 3.000000000000000000e+00 9.032175386263530115e-02
6.100000000000000000e+01 4.000000000000000000e+00 9.171721623009765345e-02
6.200000000000000000e+01 0.000000000000000000e+00 8.800988267212500604e-02
6.200000000000000000e+01 1.000000000000000000e+00 2.891926420858784846e-02
6.200000000000000000e+01 2.000000000000000000e+00 1.005157084514263083e-01
6.200000000000000000e+01 3.000000000000000000e+00 1.232112748889585413e-01
6.200000000000000000e+01 4.000000000000000000e+00 7.072334774309599337e-02
6.300000000000000000e+01 0.000000000000000000e+00 7.351402934637857323e-02
6.300000000000000000e+01 1.000000000000000000e+00 9.113997166933039684e-02
6.300000000000000000e+01 2.000000000000000000e+00 6.560442347205257263e-02
6.300000000000000000e+01 3.000000000000000000e+00 6.357096030122857955e-02
6.300000000000000000e+01 4.000000000000000000e+00 6.135394400621114325e-02
6.400000000000000000e+01 0.000000000000000000e+00 1.287043976396756995e-01
6.400000000000000000e+01 1.000000000000000000e+00 7.424801962769669861e-02
6.400000000000000000e+01 2.000000000000000000e+00 4.657693713611658903e-02
6.400000000000000000e+01 3.000000000000000000e+00 5.129403558707727739e-02
6.400000000000000000e+01 4.000000000000000000e+00 1.277826920563737978e-01
6.500000000000000000e+01 0.000000000000000000e+00 7.396914374521380842e-02
6.500000000000000000e+01 1.000000000000000000e+00 6.828655494392379954e-02
6.500000000000000000e+01 2.000000000000000000e+00 9.771831311219049410e-02
6.500000000000000000e+01 3.000000000000000000e+00 7.453040362168017463e-02
6.500000000000000000e+01 4.000000000000000000e+00 5.288434037451673897e-02
6.600000000000000000e+01 0.000000000000000000e+00 4.506907107641713872e-02
6.600000000000000000e+01 1.000000000000000000e+00 5.919454183490095722e-02
6.600000000000000000e+01 2.000000000000000000e+00 9.885954389450729574e-02
6.600000000000000000e+01 3.000000000000000000e+00 7.947768926078682683e-02
6.600000000000000000e+01 4.000000000000000000e+00 8.739711337648717326e-02
6.700000000000000000e+01 0.000000000000000000e+00 6.723439487130494774e-02
6.700000000000000000e+01 1.000000000000000000e+00 7.910801279158041766e-02
6.700000000000000000e+01 2.000000000000000000e+00 4.766725829716007140e-02
6.700000000000000000e+01 3.000000000000000000e+00 1.075084657296729307e-01
6.700000000000000000e+01 4.000000000000000000e+00 4.916490670099334104e-02
6.800000000000000000e+01 0.000000000000000000e+00 6.492075000684589814e-02
6.800000000000000000e+01 1.000000000000000000e+00 8.898196214941221649e-02
6.800000000000000000e+01 2.000000000000000000e+00 5.359844102146272410e-02
6.800000000000000000e+01 3.000000000000000000e+00 1.237783041739606849e-01
6.800000000000000000e+01 4.000000000000000000e+00 8.428510487473660218e-02
6.900000000000000000e+01 0.000000000000000000e+00 9.840824103045642257e-02
6.900000000000000000e+01 1.000000000000000000e+00 8.320367314435338224e-02
6.900000000000000000e+01 2.000000000000000000e+00 5.271195874734890818e-02
6.900000000000000000e+01 3.000000000000000000e+00 1.022372662581015612e-01
6.900000000000000000e+01 4.000000000000000000e+00 1.092917340328201370e-01
7.000000000000000000e+01 0.000000000000000000e+00 7.329579532952046339e-02
7.000000000000000000e+01 1.000000000000000000e+00 5.608493846515807957e-02
7.000000000000000000e+01 2.000000000000000000e+00 1.372309857999458038e-01
7.000000000000000000e+01 3.000000000000000000e+00 1.158927730861929462e-01
7.000000000000000000e+01 4.000000000000000000e+00 7.604825573577309039e-02
7.100000000000000000e+01 0.000000000000000000e+00 6.831750847231221613e-02
7.100000000000000000e+01 1.000000000000000000e+00 1.081984174189085934e-01
7.100000000000000000e+01 2.000000000000000000e+00 6.750578737889104119e-02
7.100000000000000000e+01 3.000000000000000000e+00 8.980535149885497670e-02
7.100000000000000000e+01 4.000000000000000000e+00 6.263527806987119473e-02
7.200000000000000000e+01 0.000000000000000000e+00 1.050538516980679127e-01
7.200000000000000000e+01 1.000000000000000000e+00 7.571451554436729736e-02
7.200000000000000000e+01 2.000000000000000000e+00 8.323320292305336210e-02
7.200000000000000000e+01 3.000000000000000000e+00 7.998915918360051391e-02
7.200000000000000000e+01 4.000000000000000000e+00 7.309647875572722331e-02
7.300000000000000000e+01 0.000000000000000000e+00 1.158005533393292180e-01
7.300000000000000000e+01 1.000000000000000000e+00 1.227984353449739774e-01
7.300000000000000000e+01 2.000000000000000000e+00 5.277455447585963771e-02
7.300000000000000000e+01 3.000000000000000000e+00 5.590373272680065897e-02
7.300000000000000000e+01 4.000000000000000000e+00 5.559608430665529538e-02
7.400000000000000000e+01 0.000000000000000000e+00 9.056914456632440824e-02
7.400000000000000000e+01 1.000000000000000000e+00 8.883145788827712108e-02
7.400000000000000000e+01 2.000000000000000000e+00 5.835527755543831741e-02
7.400000000000000000e+01 3.000000000000000000e+00 1.109993934649114583e-01
7.400000000000000000e+01 4.000000000000000000e+00 9.453066335894975969e-02
7.500000000000000000e+01 0.000000000000000000e+00 7.627346680481035535e-02
7.500000000000000000e+01 1.000000000000000000e+00 9.587896102477432014e-02
7.500000000000000000e+01 2.000000000000000000e+00 7.933942422599958577e-02
7.500000000000000000e+01 3.000000000000000000e+00 6.966213609389085293e-02
7.500000000000000000e+01 4.000000000000000000e+00 1.244478903078848897e-01
7.600000000000000000e+01 0.000000000000000000e+00 1.123606200145750578e-01
7.600000000000000000e+01 1.000000000000000000e+00 1.118493850138535806e-01
7.600000000000000000e+01 2.000000000000000000e+00 4.950647026460706229e-02
7.600000000000000000e+01 3.000000000000000000e+00 4.005962549802428996e-02
7.600000000000000000e+01 4.000000000000000000e+00 9.181241940238885069e-02
7.700000000000000000e+01 0.000000000000000000e+00 8.866180011478685952e-02
7.700000000000000000e+01 1.000000000000000000e+00 7.466238749048935419e-02
7.700000000000000000e+01 2.000000000000000000e+00 9.525579057937400007e-02
7.700000000000000000e+01 3.000000000000000000e+00 6.647260598749428484e-02
7.700000000000000000e+01 4.000000000000000000e+00 1.021563207628748693e-01
7.800000000000000000e+01 0.000000000000000000e+00 7.622616230098887280e-02
7.800000000000000000e+01 1.000000000000000000e+00 7.703892177169750777e-02
7.800000000000000000e+01 2.000000000000000000e+00 5.600026077007831671e-02
7.800000000000000000e+01 3.000000000000000000e+00 1.074096050006052433e-01
7.800000000000000000e+01 4.000000000000000000e+00 9.098291908024239150e-02
7.900000000000000000e+01 0.000000000000000000e+00 8.047944148706084877e-02
7.900000000000000000e+01 1.000000000000000000e+00 3.856791900669227086e-02
7.900000000000000000e+01 2.000000000000000000e+00 3.552472693380928637e-02
7.900000000000000000e+01 3.000000000000000000e+00 1.210710391052233631e-01
7.900000000000000000e+01 4.000000000000000000e+00 1.203730730432632096e-01
8.000000000000000000e+01 0.000000000000000000e+00 6.499075998809979160e-02
8.000000000000000000e+01 1.000000000000000000e+00 4.527686215229854289e-02
8.000000000000000000e+01 2.000000000000000000e+00 1.354102776688668741e-01
8.000000000000000000e+01 3.000000000000000000e+00 7.647965792787400630e-02
8.000000000000000000e+01 4.000000000000000000e+00 7.549254018742562744e-02
8.100000000000000000e+01 0.000000000000000000e+00 8.369956913646472985e-02
8.100000000000000000e+01 1.000000000000000000e+00 9.605287615485592900e-02
8.100000000000000000e+01 2.000000000000000000e+00 7.489704141485262201e-02
8.100000000000000000e+01 3.000000000000000000e+00 7.782064162356785997e-02
8.100000000000000000e+01 4.000000000000000000e+00 8.081200619443894284e-02
8.200000000000000000e+01 0.000000000000000000e+00 7.843528105936398154e-02
8.200000000000000000e+01 1.000000000000000000e+00 8.164740039837999064e-02
8.200000000000000000e+01 2.000000000000000000e+00 1.290446856096379435e-01
8.200000000000000000e+01 3.000000000000000000e+00 6.708402995725844253e-02
8.200000000000000000e+01 4.000000000000000000e+00 6.248493580157013505e-02
8.300000000000000000e+01 0.000000000000000000e+00 4.561035205688333816e-02
8.300000000000000000e+01 1.000000000000000000e+00 7.712385287593624683e-02
8.300000000000000000e+01 2.000000000000000000e+00 3.787286331844109261e-02
8.300000000000000000e+01 3.000000000000000000e+00 7.867876054787628637e-02
8.300000000000000000e+01 4.000000000000000000e+00 1.425198321854684036e-01
8.400000000000000000e+01 0.000000000000000000e+00 6.350968478065117939e-02
8.400000000000000000e+01 1.000000000000000000e+00 5.281425116946527470e-02
8.400000000000000000e+01 2.000000000000000000e+00 9.251788604753831413e-02
8.400000000000000000e+01 3.000000000000000000e+00 1.277574008391250127e-01
8.400000000000000000e+01 4.000000000000000000e+00 6.297417388315931785e-02
8.500000000000000000e+01 0.000000000000000000e+00 1.110345720283752863e-01
8.500000000000000000e+01 1.000000000000000000e+00 6.299074560067588480e-02
8.500000000000000000e+01 2.000000000000000000e+00 1.019145747337611430e-01
8.500000000000000000e+01 3.000000000000000000e+00 8.206929802759341253e-02
8.500000000000000000e+01 4.000000000000000000e+00 6.934198595694844591e-02
8.600000000000000000e+01 0.000000000000000000e+00 3.990396633121315317e-02
8.600000000000000000e+01 1.000000000000000000e+00 1.177582620414585751e-01
8.600000000000000000e+01 2.000000000000000000e+00 5.737723031319555411e-02
8.600000000000000000e+01 3.000000000000000000e+00 1.025153983578041411e-01
8.600000000000000000e+01 4.000000000000000000e+00 1.041148963821416917e-01
8.700000000000000000e+01 0.000000000000000000e+00 6.629837542054466126e-02
8.700000000000000000e+01 1.000000000000000000e+00 1.588971325688198488e-01
8.700000000000000000e+01 2.000000000000000000e+00 1.136603604129824002e-01
8.700000000000000000e+01 3.000000000000000000e+00 7.541622588619918688e-02
8.700000000000000000e+01 4.000000000000000000e+00 7.085829184796443858e-02
8.800000000000000000e+01 0.000000000000000000e+00 6.067577848469147411e-02
8.800000000000000000e+01 1.000000000000000000e+00 7.104343448161973273e-02
8.800000000000000000e+01 2.000000000000000000e+00 6.604038735960138240e-02
8.800000000000000000e+01 3.000000000000000000e+00 9.250979379999879626e-02
8.800000000000000000e+01 4.000000000000000000e+00 8.762302733731613946e-02
8.900000000000000000e+01 0.000000000000000000e+00 8.403960265031346077e-02
8.900000000000000000e+01 1.000000000000000000e+00 4.592766103929974558e-02
8.900000000000000000e+01 2.000000000000000000e+00 9.788117064866044825e-02
8.900000000000000000e+01 3.000000000000000000e+00 8.443563560385600186e-02
8.900000000000000000e+01 4.000000000000000000e+00 9.967544428950880775e-02
9.000000000000000000e+01 0.000000000000000000e+00 8.467442357429032229e-02
9.000000000000000000e+01 1.000000000000000000e+00 6.142687698993457013e-02
9.000000000000000000e+01 2.000000000000000000e+00 7.940219315674872103e-02
9.000000000000000000e+01 3.000000000000000000e+00 9.842671668526969952e-02
9.000000000000000000e+01 4.000000000000000000e+00 4.770677091056177432e-02
9.100000000000000000e+01 0.000000000000000000e+00 1.444201100232329338e-01
9.100000000000000000e+01 1.000000000000000000e+00 7.926117946058300334e-02
9.100000000000000000e+01 2.000000000000000000e+00 5.905784284329278211e-02
9.100000000000000000e+01 3.000000000000000000e+00 3.565230518383252778e-02
9.100000000000000000e+01 4.000000000000000000e+00 6.313297228916973924e-02
9.200000000000000000e+01 0.000000000000000000e+00 4.457792291687728142e-02
9.200000000000000000e+01 1.000000000000000000e+00 7.312884470027890271e-02
9.200000000000000000e+01 2.000000000000000000e+00 5.227944837003103973e-02
9.200000000000000000e+01 3.000000000000000000e+00 9.442115319028647480e-02
9.200000000000000000e+01 4.000000000000000000e+00 1.461386751570011577e-01
9.300000000000000000e+01 0.000000000000000000e+00 6.820528042814882896e-02
9.300000000000000000e+01 1.000000000000000000e+00 1.268723267690060885e-01
9.300000000000000000e+01 2.000000000000000000e+00 1.208079205668022710e-01
9.300000000000000000e+01 3.000000000000000000e+00 9.705043920319968154e-02
9.300000000000000000e+01 4.000000000000000000e+00 6.465568751300722339e-02
9.400000000000000000e+01 0.000000000000000000e+00 1.226435074905186801e-01
9.400000000000000000e+01 1.000000000000000000e+00 5.582084394405101291e-02
9.400000000000000000e+01 2.000000000000000000e+00 9.992199547735962362e-02
9.400000000000000000e+01 3.000000000000000000e+00 6.698364162213965578e-02
9.400000000000000000e+01 4.000000000000000000e+00 6.307868481636814961e-02
9.500000000000000000e+01 0.000000000000000000e+00 5.272355157814869603e-02
9.500000000000000000e+01 1.000000000000000000e+00 4.710554762779996241e-02
9.500000000000000000e+01 2.000000000000000000e+00 1.115948116233431431e-01
9.500000000000000000e+01 3.000000000000000000e+00 1.068222763941618914e-01
9.500000000000000000e+01 4.000000000000000000e+00 5.856208567665126263e-02
9.600000000000000000e+01 0.000000000000000000e+00 1.130130677868609185e-01
9.600000000000000000e+01 1.000000000000000000e+00 4.842256275656205144e-02
9.600000000000000000e+01 2.000000000000000000e+00 4.176737199962652497e-02
9.600000000000000000e+01 3.000000000000000000e+00 1.188624425979908777e-01
9.600000000000000000e+01 4.000000000000000000e+00 6.438099227584705153e-02
9.700000000000000000e+01 0.000000000000000000e+00 8.658396948040500418e-02
9.700000000000000000e+01 1.000000000000000000e+00 7.641458314487335757e-02
9.700000000000000000e+01 2.000000000000000000e+00 1.293573454668121292e-01
9.700000000000000000e+01 3.000000000000000000e+00 5.959749765578885999e-02
9.700000000000000000e+01 4.000000000000000000e+00 3.826467209423054655e-02
9.800000000000000000e+01 0.000000000000000000e+00 1.097494276148356512e-01
9.800000000000000000e+01 1.000000000000000000e+00 1.157268581922722139e-01
9.800000000000000000e+01 2.000000000000000000e+00 9.165081506912789444e-02
9.800000000000000000e+01 3.000000000000000000e+00 9.134116811815054526e-02
9.800000000000000000e+01 4.000000000000000000e+00 8.595770764136390074e-02
9.900000000000000000e+01 0.000000000000000000e+00 1.265303279767596156e-01
9.900000000000000000e+01 1.000000000000000000e+00 5.612638027451486572e-02
9.900000000000000000e+01 2.000000000000000000e+00 7.264148123129063328e-02
9.900000000000000000e+01 3.000000000000000000e+00 1.077630679035182920e-01
9.900000000000000000e+01 4.000000000000000000e+00 5.353356569337441861e-02
