0.0 0.0 34.481605440769847348
0.0 1.0 34.553488250600231879
0.0 2.0 34.493034436369292450
0.0 3.0 34.427910300031356883
0.0 4.0 34.592651353142400694
1.0 0.0 34.404657504016952885
1.0 1.0 34.567445041181017018
1.0 2.0 34.539545382495688841
1.0 3.0 34.455810735690768354
1.0 4.0 34.562526180186623037
2.0 0.0 34.468109165594412957
2.0 1.0 34.423246164068281416
2.0 2.0 34.506985451177015989
2.0 3.0 34.544184534433007627
2.0 4.0 34.550002779580069046
3.0 0.0 34.432573542767514141
3.0 1.0 34.437205848214595960
3.0 2.0 34.566997456898945984
3.0 3.0 34.588259115986708991
3.0 4.0 34.592283092552833068
4.0 0.0 34.408853452589681865
4.0 1.0 34.577283197536708315
4.0 2.0 34.579671148713849504
4.0 3.0 34.562792629316106741
4.0 4.0 34.486101206110213013
5.0 0.0 34.582790078149372448
5.0 1.0 34.372111247457233674
5.0 2.0 34.522688195028607083
5.0 3.0 34.446523273798945297
5.0 4.0 34.552620406405324616
6.0 0.0 34.437207709548737000
6.0 1.0 34.554496964039771001
6.0 2.0 34.465115343651149260
6.0 3.0 34.534878526634329887
6.0 4.0 34.605278338201067356
7.0 0.0 34.476110914183720979
7.0 1.0 34.418613738056258455
7.0 2.0 34.441881125514761663
7.0 3.0 34.554541369082102165
7.0 4.0 34.601863753911082711
8.0 0.0 34.537356927894450109
8.0 1.0 34.465112385835645625
8.0 2.0 34.499337536968937457
8.0 3.0 34.393285770821556468
8.0 4.0 34.587715665246747676
9.0 0.0 34.516283073623178268
9.0 1.0 34.493036833016510911
9.0 2.0 34.437235438452006520
9.0 3.0 34.537167403598878934
9.0 4.0 34.560182031917314305
10.0 0.0 34.445929468824999731
10.0 1.0 34.520926858349433530
10.0 2.0 34.437187343256020711
10.0 3.0 34.539539235021294417
10.0 4.0 34.560185639778239874
11.0 0.0 34.457142033035879081
11.0 1.0 34.404649430747006988
11.0 2.0 34.520922191802043244
11.0 3.0 34.562794012155606538
11.0 4.0 34.503986497818125656
12.0 0.0 34.529123081327725231
12.0 1.0 34.420901048401006506
12.0 2.0 34.470222411908935101
12.0 3.0 34.520928030184620638
12.0 4.0 34.574076693263720017
13.0 0.0 34.377411121123365945
13.0 1.0 34.460470606430710916
13.0 2.0 34.539537714903161714
13.0 3.0 34.541736745830334598
13.0 4.0 34.537039902051212437
14.0 0.0 34.381405951027943502
14.0 1.0 34.647120113798443697
14.0 2.0 34.502347368995280874
14.0 3.0 34.469771819536617841
14.0 4.0 34.618962749226547260
15.0 0.0 34.441862920887700739
15.0 1.0 34.469770293163861652
15.0 2.0 34.604250264101608536
15.0 3.0 34.574409265437481054
15.0 4.0 34.481487929712578477
16.0 0.0 34.497685002603752480
16.0 1.0 34.423270884035396477
16.0 2.0 34.505358295966260584
16.0 3.0 34.609310235039096426
16.0 4.0 34.446282119630211582
17.0 0.0 34.516480025985771363
17.0 1.0 34.488195519335640427
17.0 2.0 34.520131644469245202
17.0 3.0 34.520929919621920590
17.0 4.0 34.483594740979185644
18.0 0.0 34.516575059466518383
18.0 1.0 34.462980174852077653
18.0 2.0 34.558141937796349907
18.0 3.0 34.493017639202498970
18.0 4.0 34.495359439048726813
19.0 0.0 34.381358568177056156
19.0 1.0 34.441869418000592873
19.0 2.0 34.493975265192716506
19.0 3.0 34.576092974617836262
19.0 4.0 34.597898458406504574
20.0 0.0 34.396364222043096959
20.0 1.0 34.437692425571889032
20.0 2.0 34.516295763023876475
20.0 3.0 34.596107276794896279
20.0 4.0 34.504625544973087869
21.0 0.0 34.499398296043025880
21.0 1.0 34.483738477600432759
21.0 2.0 34.516262197315278115
21.0 3.0 34.525595108129948585
21.0 4.0 34.475450201493899272
22.0 0.0 34.544196764936039301
22.0 1.0 34.367439720460012609
22.0 2.0 34.537124003694820829
22.0 3.0 34.511133866358377986
22.0 4.0 34.560195248027767434
23.0 0.0 34.523288134087785295
23.0 1.0 34.548828367767676184
23.0 2.0 34.465114932601494502
23.0 3.0 34.455806427878826526
23.0 4.0 34.543741220396846359
24.0 0.0 34.507463364818804052
24.0 1.0 34.451420754207781272
24.0 2.0 34.471782907203241564
24.0 3.0 34.537620422646661211
24.0 4.0 34.564803680664361707
25.0 0.0 34.520722495615260073
25.0 1.0 34.502326350429882496
25.0 2.0 34.499257698652392889
25.0 3.0 34.548848523905405727
25.0 4.0 34.447670615062747856
26.0 0.0 34.536705510858212165
26.0 1.0 34.479068575187248769
26.0 2.0 34.580592298374618565
26.0 3.0 34.401644397091551753
26.0 4.0 34.498424214434109558
27.0 0.0 34.404645533325442841
27.0 1.0 34.504710343218995661
27.0 2.0 34.477305563515827203
27.0 3.0 34.553488081794277775
27.0 4.0 34.546372592346862973
28.0 0.0 34.493026748242961332
28.0 1.0 34.446515100555537003
28.0 2.0 34.506979952657701460
28.0 3.0 34.640265656457394527
28.0 4.0 34.530777058204556340
29.0 0.0 34.351156230658006052
29.0 1.0 34.511651722597996184
29.0 2.0 34.544196746154504751
29.0 3.0 34.483721042870243423
29.0 4.0 34.541656205502384580
30.0 0.0 34.530188809592800681
30.0 1.0 34.474438163363238630
30.0 2.0 34.502327990102642730
30.0 3.0 34.496946641806225387
30.0 4.0 34.504624705869083812
31.0 0.0 34.572115530723564802
31.0 1.0 34.451143615366788708
31.0 2.0 34.506977183288476851
31.0 3.0 34.469778871074574056
31.0 4.0 34.509726089019025608
32.0 0.0 34.497673242092851353
32.0 1.0 34.496766466028184084
32.0 2.0 34.539541603732502040
32.0 3.0 34.511639364282430620
32.0 4.0 34.478415604326251298
33.0 0.0 34.506993123996601014
33.0 1.0 34.488366632640875764
33.0 2.0 34.473714707147671277
33.0 3.0 34.510915406323270815
33.0 4.0 34.599510552774219718
34.0 0.0 34.553701031509589825
34.0 1.0 34.437227624529143100
34.0 2.0 34.531937075099492063
34.0 3.0 34.483720429473969205
34.0 4.0 34.504637267849382454
35.0 0.0 34.488084713950563298
35.0 1.0 34.418573992312538223
35.0 2.0 34.467760590183637248
35.0 3.0 34.525596161754094737
35.0 4.0 34.593063644393090783
36.0 0.0 34.446524450393184225
36.0 1.0 34.446506083845527257
36.0 2.0 34.553485036498436500
36.0 3.0 34.424609876088140936
36.0 4.0 34.602647391202246752
37.0 0.0 34.510800853701141477
37.0 1.0 34.483730761541991683
37.0 2.0 34.539538197362574579
37.0 3.0 34.480194664594840503
37.0 4.0 34.509267087448996847
38.0 0.0 34.521349865075869445
38.0 1.0 34.498102922619402477
38.0 2.0 34.511629774104427781
38.0 3.0 34.548846636103348828
38.0 4.0 34.418033363314997075
39.0 0.0 34.483699568401327440
39.0 1.0 34.599071894893853596
39.0 2.0 34.479195184597287493
39.0 3.0 34.445848221416028423
39.0 4.0 34.513892810514470000
40.0 0.0 34.468988017446825722
40.0 1.0 34.437200292933447088
40.0 2.0 34.555185990232395454
40.0 3.0 34.471708220900730169
40.0 4.0 34.583327746088933452
41.0 0.0 34.437211192557910522
41.0 1.0 34.520760074848503507
41.0 2.0 34.544185516717021756
41.0 3.0 34.488379985239795644
41.0 4.0 34.483516460792067448
42.0 0.0 34.454169224028625251
42.0 1.0 34.465126567872147234
42.0 2.0 34.465141212063279852
42.0 3.0 34.615369404751525906
42.0 4.0 34.486574514811707104
43.0 0.0 34.404657835363266827
43.0 1.0 34.479068298402637538
43.0 2.0 34.622420488557374085
43.0 3.0 34.529820272383247470
43.0 4.0 34.472223679767346027
44.0 0.0 34.502327543199214688
44.0 1.0 34.396220264842341408
44.0 2.0 34.469770250917640908
44.0 3.0 34.465116540806427281
44.0 4.0 34.672560325342558940
45.0 0.0 34.438431778809032835
45.0 1.0 34.460484904379455884
45.0 2.0 34.524541235753908097
45.0 3.0 34.570270643184336734
45.0 4.0 34.527772086520577943
46.0 0.0 34.466870572440591047
46.0 1.0 34.437209644898622685
46.0 2.0 34.502330450179549359
46.0 3.0 34.630115466711728800
46.0 4.0 34.528222875982613971
47.0 0.0 34.421149796790317055
47.0 1.0 34.516622194803730395
47.0 2.0 34.549765997719326549
47.0 3.0 34.558142991030884161
47.0 4.0 34.527788136073951364
48.0 0.0 34.548840081478061848
48.0 1.0 34.399999678182503260
48.0 2.0 34.506971869322754287
48.0 3.0 34.524193492679920325
48.0 4.0 34.518444273546343481
49.0 0.0 34.486418022081323898
49.0 1.0 34.460469888109656722
49.0 2.0 34.545250331037507863
49.0 3.0 34.553471922482657419
49.0 4.0 34.504406394129908620
50.0 0.0 34.451167314031415856
50.0 1.0 34.525873192559679126
50.0 2.0 34.483726480422618010
50.0 3.0 34.525144209250569816
50.0 4.0 34.579839936567580594
51.0 0.0 34.406190939857737021
51.0 1.0 34.504688624472365177
51.0 2.0 34.520930873116711268
51.0 3.0 34.520924665907152473
51.0 4.0 34.560199264904106542
52.0 0.0 34.401882150620551215
52.0 1.0 34.425777553590343416
52.0 2.0 34.525609876991850911
52.0 3.0 34.554837392075498315
52.0 4.0 34.496975308721012254
53.0 0.0 34.409306826778106370
53.0 1.0 34.432550919033943160
53.0 2.0 34.576986168312103587
53.0 3.0 34.586049937068253257
53.0 4.0 34.531895445875917972
54.0 0.0 34.423249763123166645
54.0 1.0 34.493042895100273881
54.0 2.0 34.549297373007604506
54.0 3.0 34.468935395509518571
54.0 4.0 34.583340760321810592
55.0 0.0 34.497674222124182108
55.0 1.0 34.474435768726856111
55.0 2.0 34.468180251448622187
55.0 3.0 34.444392647521205220
55.0 4.0 34.620820786017468151
56.0 0.0 34.556725658039162852
56.0 1.0 34.526724203189331774
56.0 2.0 34.501115016759975163
56.0 3.0 34.427900899090282394
56.0 4.0 34.541665632887827542
57.0 0.0 34.542368929119049881
57.0 1.0 34.460280780614901630
57.0 2.0 34.483738034537971373
57.0 3.0 34.558422891400937260
57.0 4.0 34.504630064353143837
58.0 0.0 34.487183003824405603
58.0 1.0 34.460459235859140392
58.0 2.0 34.488381927782931768
58.0 3.0 34.472399168066452546
58.0 4.0 34.583346804054627910
59.0 0.0 34.534893293634169709
59.0 1.0 34.432555158995107547
59.0 2.0 34.575349561189270275
59.0 3.0 34.474440424237194236
59.0 4.0 34.568957790778590322
60.0 0.0 34.460482447621828328
60.0 1.0 34.476304832906578213
60.0 2.0 34.511619962150120955
60.0 3.0 34.525581693726977051
60.0 4.0 34.523172105841780422
61.0 0.0 34.484143262352311865
61.0 1.0 34.611657956543844250
61.0 2.0 34.567422384062680862
61.0 3.0 34.446509946762319032
61.0 4.0 34.537043116962671263
62.0 0.0 34.418601811252450773
62.0 1.0 34.406653322438941700
62.0 2.0 34.539114318536178416
62.0 3.0 34.586049332822334179
62.0 4.0 34.576041954945765156
63.0 0.0 34.418625074018237342
63.0 1.0 34.390696741435270667
63.0 2.0 34.590697195579934942
63.0 3.0 34.544014602717183493
63.0 4.0 34.544069971972739097
64.0 0.0 34.427907197544179496
64.0 1.0 34.518846166507771045
64.0 2.0 34.567443196417848128
64.0 3.0 34.465113425596229035
64.0 4.0 34.578708808805849628
65.0 0.0 34.367428724556681630
65.0 1.0 34.474428817334235475
65.0 2.0 34.604649037436473691
65.0 3.0 34.495394197802511371
65.0 4.0 34.546303884137770979
66.0 0.0 34.392910590747092670
66.0 1.0 34.502344389263072344
66.0 2.0 34.551246706507100726
66.0 3.0 34.530239428166581206
66.0 4.0 34.601856732572002784
67.0 0.0 34.499294853406681227
67.0 1.0 34.481303793836502791
67.0 2.0 34.498095355322874411
67.0 3.0 34.590702421713842796
67.0 4.0 34.649733677347960281
68.0 0.0 34.498841273302879529
68.0 1.0 34.436750888304615614
68.0 2.0 34.460454034346028607
68.0 3.0 34.539916228592062453
68.0 4.0 34.541657672861980188
69.0 0.0 34.479078411793011583
69.0 1.0 34.469765275491639045
69.0 2.0 34.615316172058534505
69.0 3.0 34.445972835324404571
69.0 4.0 34.535273106608201488
70.0 0.0 34.465127388636695116
70.0 1.0 34.497670664363575099
70.0 2.0 34.552260350018165980
70.0 3.0 34.480803957243011837
70.0 4.0 34.565529100629611037
71.0 0.0 34.511651024596218917
71.0 1.0 34.446520656005851890
71.0 2.0 34.528851742098325417
71.0 3.0 34.483732466586246801
71.0 4.0 34.523140429411299124
72.0 0.0 34.423703956264191106
72.0 1.0 34.423251767314219762
72.0 2.0 34.548835167720042705
72.0 3.0 34.627168673158820411
72.0 4.0 34.569435793578968230
73.0 0.0 34.481477466274448318
73.0 1.0 34.488361833954378710
73.0 2.0 34.438531353479191921
73.0 3.0 34.553515650222522027
73.0 4.0 34.509254628902716888
74.0 0.0 34.367442014959777907
74.0 1.0 34.520944865481965280
74.0 2.0 34.599997154866343863
74.0 3.0 34.423023082960277463
74.0 4.0 34.546610449899290529
75.0 0.0 34.493038223683285537
75.0 1.0 34.418582158256462833
75.0 2.0 34.484812180362034439
75.0 3.0 34.522002753805594466
75.0 4.0 34.626400940130245942
76.0 0.0 34.465649598535001985
76.0 1.0 34.490066766619627003
76.0 2.0 34.506969059168525860
76.0 3.0 34.511626867035261057
76.0 4.0 34.578710760143806624
77.0 0.0 34.486274655574540304
77.0 1.0 34.593649107228905848
77.0 2.0 34.531190290382916430
77.0 3.0 34.452217895495017785
77.0 4.0 34.430562343638904110
78.0 0.0 34.520935076050065504
78.0 1.0 34.512796732955465018
78.0 2.0 34.504374080123085378
78.0 3.0 34.483719281133538459
78.0 4.0 34.490723816833394721
79.0 0.0 34.516268000847780684
79.0 1.0 34.455814049342500027
79.0 2.0 34.518341593179066251
79.0 3.0 34.583603841921139121
79.0 4.0 34.453710482747645472
80.0 0.0 34.401800176052454106
80.0 1.0 34.453435051056985117
80.0 2.0 34.504656431466251831
80.0 3.0 34.539540334301428004
80.0 4.0 34.587956402578065251
81.0 0.0 34.484319571696751439
81.0 1.0 34.543327281867931333
81.0 2.0 34.427912531736133417
81.0 3.0 34.521113376728386868
81.0 4.0 34.472250998301682046
82.0 0.0 34.516282214879645096
82.0 1.0 34.474413186736292403
82.0 2.0 34.530858536186499919
82.0 3.0 34.469776410506092645
82.0 4.0 34.513894264892435615
83.0 0.0 34.545593137992163690
83.0 1.0 34.479072895085529638
83.0 2.0 34.432560452019423280
83.0 3.0 34.595356281883297811
83.0 4.0 34.462974604461095396
84.0 0.0 34.594883878648388986
84.0 1.0 34.406942473947722760
84.0 2.0 34.502326460113295070
84.0 3.0 34.525577431093047664
84.0 4.0 34.572083128958226439
85.0 0.0 34.504415011183667161
85.0 1.0 34.479069216563225098
85.0 2.0 34.576744418370388701
85.0 3.0 34.465139255806072072
85.0 4.0 34.492639115570071340
86.0 0.0 34.455822832383063314
86.0 1.0 34.455817571697359369
86.0 2.0 34.483721939630115116
86.0 3.0 34.534429277144553794
86.0 4.0 34.572451132976070198
87.0 0.0 34.482991341302891897
87.0 1.0 34.474415410753763922
87.0 2.0 34.413940891403001388
87.0 3.0 34.672467635700002120
87.0 4.0 34.583335188764039003
88.0 0.0 34.470282866129544175
88.0 1.0 34.506971729009798366
88.0 2.0 34.527819601101533920
88.0 3.0 34.506973568694824905
88.0 4.0 34.555545571909981106
89.0 0.0 34.469760394175914087
89.0 1.0 34.413954680852974377
89.0 2.0 34.511626271338037952
89.0 3.0 34.580598344128340216
89.0 4.0 34.504659906392660673
90.0 0.0 34.441862404559401512
90.0 1.0 34.455810767666314121
90.0 2.0 34.511622099197509783
90.0 3.0 34.539534779740939996
90.0 4.0 34.541671658203313200
91.0 0.0 34.558120041558936464
91.0 1.0 34.469773065483131802
91.0 2.0 34.419653887812280857
91.0 3.0 34.514604686967331304
91.0 4.0 34.550921524460044054
92.0 0.0 34.506990801119556522
92.0 1.0 34.386059982513174305
92.0 2.0 34.540660781376629984
92.0 3.0 34.610538644847025580
92.0 4.0 34.490748840333694147
93.0 0.0 34.446515721213387451
93.0 1.0 34.479436566404068287
93.0 2.0 34.559415592586574917
93.0 3.0 34.649346786592829517
93.0 4.0 34.479489253755822631
94.0 0.0 34.497691917400317152
94.0 1.0 34.506981784050118733
94.0 2.0 34.586042877362359604
94.0 3.0 34.423257617250762053
94.0 4.0 34.518805044082881750
95.0 0.0 34.395349756429602905
95.0 1.0 34.483713812502259088
95.0 2.0 34.530997905902829359
95.0 3.0 34.525584085689985159
95.0 4.0 34.591002967828472947
96.0 0.0 34.474423124515567451
96.0 1.0 34.556062851853617701
96.0 2.0 34.430985158580227790
96.0 3.0 34.652240437229643533
96.0 4.0 34.500003019193833609
97.0 0.0 34.437219543042850489
97.0 1.0 34.509778704116271797
97.0 2.0 34.488390481667622112
97.0 3.0 34.511630252568245680
97.0 4.0 34.585829302810481067
98.0 0.0 34.497674652444509036
98.0 1.0 34.399987211719441405
98.0 2.0 34.550234969270320562
98.0 3.0 34.508835588144513906
98.0 4.0 34.550947469044118066
99.0 0.0 34.455830829544687788
99.0 1.0 34.455865842767096296
99.0 2.0 34.536443253757255434
99.0 3.0 34.520925217418088948
99.0 4.0 34.555568395015768601
