0.0 0.0 0.079287370189895984
0.0 1.0 0.146539728406558073
0.0 2.0 0.146205594509017933
0.0 3.0 0.114917624784090372
0.0 4.0 0.117949403986285589
1.0 0.0 0.089570075521954853
1.0 1.0 0.095073920377515192
1.0 2.0 0.135407914926483353
1.0 3.0 0.158590795614416580
1.0 4.0 0.151254449313459854
2.0 0.0 0.153329134169553127
2.0 1.0 0.125498840055674798
2.0 2.0 0.142821732278560265
2.0 3.0 0.100934112321172817
2.0 4.0 0.135079018664781531
3.0 0.0 0.146934403147059023
3.0 1.0 0.112928158846149929
3.0 2.0 0.163065726671770717
3.0 3.0 0.149375305103893796
3.0 4.0 0.119417928674189655
4.0 0.0 0.140625803496159107
4.0 1.0 0.140347270608165209
4.0 2.0 0.144385916095612854
4.0 3.0 0.096128159827814391
4.0 4.0 0.098429579666812581
5.0 0.0 0.057602515849364919
5.0 1.0 0.169503583465794638
5.0 2.0 0.128846208768916060
5.0 3.0 0.150592524423262764
5.0 4.0 0.097380594221258082
6.0 0.0 0.083997693374138704
6.0 1.0 0.153222891528669913
6.0 2.0 0.136799472283487933
6.0 3.0 0.129759699419590036
6.0 4.0 0.146960598256482056
7.0 0.0 0.140322673614644733
7.0 1.0 0.113051581426031944
7.0 2.0 0.088938963499298002
7.0 3.0 0.153589179251599595
7.0 4.0 0.086582836453387158
8.0 0.0 0.124368769313248972
8.0 1.0 0.133698124914419320
8.0 2.0 0.086776962419978121
8.0 3.0 0.096029710218148878
8.0 4.0 0.113213831245166943
9.0 0.0 0.111484094002308992
9.0 1.0 0.103228500976089238
9.0 2.0 0.142387031854560725
9.0 3.0 0.090865902327182460
9.0 4.0 0.132613451424032636
10.0 0.0 0.195792052077864875
10.0 1.0 0.099925145023222250
10.0 2.0 0.080753105915878198
10.0 3.0 0.106534226794940207
10.0 4.0 0.148234686442081653
11.0 0.0 0.122694805484763941
11.0 1.0 0.134791265023168211
11.0 2.0 0.117569204925564816
11.0 3.0 0.126947092638445946
11.0 4.0 0.125690722421834544
12.0 0.0 0.170115706360547958
12.0 1.0 0.092068335417052949
12.0 2.0 0.166160124633549872
12.0 3.0 0.133621886165896153
12.0 4.0 0.103508925474008404
13.0 0.0 0.144483572589723830
13.0 1.0 0.183728815162275794
13.0 2.0 0.127216759337093782
13.0 3.0 0.096715517918801286
13.0 4.0 0.074209870890431254
14.0 0.0 0.144131306108547685
14.0 1.0 0.145493698433203311
14.0 2.0 0.182126650340219604
14.0 3.0 0.103193928945297414
14.0 4.0 0.103606000174732052
15.0 0.0 0.133980590304924874
15.0 1.0 0.101323999924381292
15.0 2.0 0.091137704513279197
15.0 3.0 0.154045346560548135
15.0 4.0 0.121868194007232561
16.0 0.0 0.098764274984380340
16.0 1.0 0.149272200340751726
16.0 2.0 0.131433385774414935
16.0 3.0 0.127714369621688917
16.0 4.0 0.103460137328747800
17.0 0.0 0.161826324314316816
17.0 1.0 0.140070225088831379
17.0 2.0 0.096182321145581604
17.0 3.0 0.147776226664383503
17.0 4.0 0.109851099394767115
18.0 0.0 0.148310918713050799
18.0 1.0 0.123505663763709833
18.0 2.0 0.130694772514566460
18.0 3.0 0.139880147266493726
18.0 4.0 0.125399422560477897
19.0 0.0 0.136863403110883963
19.0 1.0 0.085231721775170882
19.0 2.0 0.077157641161593044
19.0 3.0 0.194769666009638520
19.0 4.0 0.141412047333973778
20.0 0.0 0.089425743562750473
20.0 1.0 0.126515219653811406
20.0 2.0 0.131843441304451692
20.0 3.0 0.170280881972078718
20.0 4.0 0.099736822220709953
21.0 0.0 0.107935327756680285
21.0 1.0 0.133069286066574699
21.0 2.0 0.125554437718467915
21.0 3.0 0.147162365587399147
21.0 4.0 0.146318363438925708
22.0 0.0 0.134713956311569738
22.0 1.0 0.100665368315086406
22.0 2.0 0.135989621074980305
22.0 3.0 0.086243225185257802
22.0 4.0 0.149416030606667721
23.0 0.0 0.107174854941312389
23.0 1.0 0.128619365541407571
23.0 2.0 0.144535747302306949
23.0 3.0 0.069274386818563724
23.0 4.0 0.174111950620633671
24.0 0.0 0.112170736710178368
24.0 1.0 0.080456194855553997
24.0 2.0 0.111458083349835035
24.0 3.0 0.123421010190561647
24.0 4.0 0.141446936725186323
25.0 0.0 0.141230079864824415
25.0 1.0 0.116326651053170013
25.0 2.0 0.192375450479954802
25.0 3.0 0.078387647077555633
25.0 4.0 0.095549858462987650
26.0 0.0 0.151249814401704902
26.0 1.0 0.081770595064707990
26.0 2.0 0.202560580953552505
26.0 3.0 0.102339592070283453
26.0 4.0 0.103259474359548992
27.0 0.0 0.105579673800354407
27.0 1.0 0.088232126725406451
27.0 2.0 0.149706302033450589
27.0 3.0 0.060988151139818952
27.0 4.0 0.188454827291418991
28.0 0.0 0.125229424036249731
28.0 1.0 0.095491205014038530
28.0 2.0 0.141995539724748931
28.0 3.0 0.163759775737228608
28.0 4.0 0.135766222138339804
29.0 0.0 0.130425297735524193
29.0 1.0 0.123534559428445656
29.0 2.0 0.088018931313096779
29.0 3.0 0.179064993336825434
29.0 4.0 0.123370171769904266
30.0 0.0 0.114930124858764360
30.0 1.0 0.125813616313292909
30.0 2.0 0.180404416513814059
30.0 3.0 0.137303311038017767
30.0 4.0 0.069682547677001383
31.0 0.0 0.152155351485555645
31.0 1.0 0.130078806662896090
31.0 2.0 0.112686317681051265
31.0 3.0 0.153712246398384655
31.0 4.0 0.108139350070836693
32.0 0.0 0.153126095636723580
32.0 1.0 0.067364958010482118
32.0 2.0 0.175296994760490044
32.0 3.0 0.079896643014173013
32.0 4.0 0.106563861067202656
33.0 0.0 0.100086559351715135
33.0 1.0 0.162579988014378729
33.0 2.0 0.148894519094238426
33.0 3.0 0.128004622869308915
33.0 4.0 0.112556266941017516
34.0 0.0 0.127971029079975124
34.0 1.0 0.220021685533719924
34.0 2.0 0.122936742210315836
34.0 3.0 0.100189932308261009
34.0 4.0 0.084259993066706715
35.0 0.0 0.103475955918552465
35.0 1.0 0.101674338685271842
35.0 2.0 0.160108405035088913
35.0 3.0 0.116011994160180390
35.0 4.0 0.159260527895767667
36.0 0.0 0.140818808255813444
36.0 1.0 0.126275613958700961
36.0 2.0 0.111655622696683332
36.0 3.0 0.105898545966776558
36.0 4.0 0.154791387280410780
37.0 0.0 0.116658442969832021
37.0 1.0 0.059189789598768520
37.0 2.0 0.073735478642901184
37.0 3.0 0.179155494459034753
37.0 4.0 0.165183886854878892
38.0 0.0 0.094363139276552724
38.0 1.0 0.085725041585737322
38.0 2.0 0.161656487317897724
38.0 3.0 0.166294988783402264
38.0 4.0 0.139683229945053944
39.0 0.0 0.118634685339213342
39.0 1.0 0.162766354025349613
39.0 2.0 0.095366755109723395
39.0 3.0 0.115352626772596251
39.0 4.0 0.087656210054728345
40.0 0.0 0.155516223897133460
40.0 1.0 0.134441190168921670
40.0 2.0 0.085780906046239419
40.0 3.0 0.137052692553654459
40.0 4.0 0.129192520802645705
41.0 0.0 0.068222399522263083
41.0 1.0 0.099440782022285637
41.0 2.0 0.121720744510046788
41.0 3.0 0.213561286832361613
41.0 4.0 0.166123635418756743
42.0 0.0 0.062098477220825531
42.0 1.0 0.209557169578192093
42.0 2.0 0.105896942627631857
42.0 3.0 0.098787229863603845
42.0 4.0 0.108360197182372456
43.0 0.0 0.098897826092607305
43.0 1.0 0.114569582676425225
43.0 2.0 0.107270598078338095
43.0 3.0 0.176616695258964285
43.0 4.0 0.110018192354275360
44.0 0.0 0.124027619679715512
44.0 1.0 0.129418889750400889
44.0 2.0 0.074163857825803245
44.0 3.0 0.105047023068045114
44.0 4.0 0.167600206877649649
45.0 0.0 0.086734574715464974
45.0 1.0 0.072945473317219733
45.0 2.0 0.165305114829424837
45.0 3.0 0.185261000012997223
45.0 4.0 0.125471278618226295
46.0 0.0 0.082744387384494217
46.0 1.0 0.150605597163267269
46.0 2.0 0.137860484528518595
46.0 3.0 0.153569531090612055
46.0 4.0 0.111009089747938938
47.0 0.0 0.117041232147912455
47.0 1.0 0.098742053354954146
47.0 2.0 0.122948754678812527
47.0 3.0 0.093926222522249025
47.0 4.0 0.165465667959870721
48.0 0.0 0.155399650203124184
48.0 1.0 0.151429541362159831
48.0 2.0 0.115826877104945186
48.0 3.0 0.137245043023515950
48.0 4.0 0.098478784217712612
49.0 0.0 0.110691008111194159
49.0 1.0 0.174011941863005337
49.0 2.0 0.104936984714963474
49.0 3.0 0.125864299280330549
49.0 4.0 0.109862475020522876
50.0 0.0 0.129121238822494711
50.0 1.0 0.129026999208974924
50.0 2.0 0.065174908948956556
50.0 3.0 0.131722738261895567
50.0 4.0 0.132398541192108754
51.0 0.0 0.109917211655821828
51.0 1.0 0.161226449921760495
51.0 2.0 0.100228754357308561
51.0 3.0 0.155954803322058411
51.0 4.0 0.151930819012851687
52.0 0.0 0.086981740525333320
52.0 1.0 0.080674968353551174
52.0 2.0 0.157307988352807265
52.0 3.0 0.131700749268286899
52.0 4.0 0.110365132754053907
53.0 0.0 0.187169402837349674
53.0 1.0 0.164234143493392271
53.0 2.0 0.120939863417333787
53.0 3.0 0.094795653880133224
53.0 4.0 0.099626297963855831
54.0 0.0 0.137097012695703402
54.0 1.0 0.094000251875619445
54.0 2.0 0.161740824051721799
54.0 3.0 0.145649490200767950
54.0 4.0 0.120380288663806762
55.0 0.0 0.133763057168112209
55.0 1.0 0.138312016494428675
55.0 2.0 0.093680758294428318
55.0 3.0 0.156650178906803605
55.0 4.0 0.131356051104428939
56.0 0.0 0.154505274019636263
56.0 1.0 0.103714456443804379
56.0 2.0 0.129857007894429471
56.0 3.0 0.092637143385646242
56.0 4.0 0.149731105140834320
57.0 0.0 0.152373240590177955
57.0 1.0 0.184643892412258231
57.0 2.0 0.103940136129748159
57.0 3.0 0.125250466532284804
57.0 4.0 0.092928178251741100
58.0 0.0 0.189393922031946743
58.0 1.0 0.125101636082693590
58.0 2.0 0.152468434612326287
58.0 3.0 0.125936414579661288
58.0 4.0 0.082711356533272093
59.0 0.0 0.115163278647949091
59.0 1.0 0.186439750294525752
59.0 2.0 0.146096414595929119
59.0 3.0 0.108608384796958668
59.0 4.0 0.077996738118038395
60.0 0.0 0.167538187509318648
60.0 1.0 0.178790554463485518
60.0 2.0 0.112435235033184852
60.0 3.0 0.114016050802728794
60.0 4.0 0.080332562317619149
61.0 0.0 0.113708409832206800
61.0 1.0 0.110184976544377075
61.0 2.0 0.171925409660875800
61.0 3.0 0.124050705260270080
61.0 4.0 0.127045165624008000
62.0 0.0 0.152897119911203333
62.0 1.0 0.140954263232421023
62.0 2.0 0.056737005897000266
62.0 3.0 0.167154977628301532
62.0 4.0 0.129439459616438074
63.0 0.0 0.104322211182017718
63.0 1.0 0.137125946668296694
63.0 2.0 0.112228785552943633
63.0 3.0 0.097304970211776254
63.0 4.0 0.147801194730174890
64.0 0.0 0.135325941363592078
64.0 1.0 0.112944759929396482
64.0 2.0 0.115459620621541192
64.0 3.0 0.149377958755358253
64.0 4.0 0.114052827648732424
65.0 0.0 0.146712488695561971
65.0 1.0 0.109434355935700250
65.0 2.0 0.136176212511193578
65.0 3.0 0.113376549790257616
65.0 4.0 0.128823410247995929
66.0 0.0 0.111919454323385500
66.0 1.0 0.098919114335389843
66.0 2.0 0.170300789498504079
66.0 3.0 0.117566848145794281
66.0 4.0 0.153868569241935760
67.0 0.0 0.115466929989950493
67.0 1.0 0.107110291007020811
67.0 2.0 0.103181920346196651
67.0 3.0 0.166381430524756624
67.0 4.0 0.130885311505864077
68.0 0.0 0.132340687551887715
68.0 1.0 0.109558434798147308
68.0 2.0 0.146882149704209042
68.0 3.0 0.148949181956207627
68.0 4.0 0.115242369190676014
69.0 0.0 0.130572074546944139
69.0 1.0 0.141906423042735347
69.0 2.0 0.134927757124610526
69.0 3.0 0.085049311563483762
69.0 4.0 0.172107610003589817
70.0 0.0 0.097738400000187659
70.0 1.0 0.109306247847621135
70.0 2.0 0.144579360293682846
70.0 3.0 0.145043961672579547
70.0 4.0 0.102904068063669751
71.0 0.0 0.149956059455453455
71.0 1.0 0.175615183205099695
71.0 2.0 0.099100881773539734
71.0 3.0 0.108155059354492045
71.0 4.0 0.128779582961432104
72.0 0.0 0.106131680985009802
72.0 1.0 0.118145420249354191
72.0 2.0 0.119854173971279621
72.0 3.0 0.105399673109917782
72.0 4.0 0.122189894699799628
73.0 0.0 0.138537542967282434
73.0 1.0 0.135426550913015836
73.0 2.0 0.106678452166173679
73.0 3.0 0.178464273372664822
73.0 4.0 0.086883933262219798
74.0 0.0 0.176273051037671380
74.0 1.0 0.101984090828565202
74.0 2.0 0.079648835705549370
74.0 3.0 0.155253942265040773
74.0 4.0 0.169229381995140232
75.0 0.0 0.164770325736967704
75.0 1.0 0.158850165879096700
75.0 2.0 0.114987453411354884
75.0 3.0 0.118655152565634692
75.0 4.0 0.108619233478464930
76.0 0.0 0.178304637384023273
76.0 1.0 0.148836120182100823
76.0 2.0 0.127830223008718102
76.0 3.0 0.076882881280550555
76.0 4.0 0.085558904833068716
77.0 0.0 0.122719448331131936
77.0 1.0 0.149771799886303736
77.0 2.0 0.132125998074589995
77.0 3.0 0.104144928724380123
77.0 4.0 0.133191594341518060
78.0 0.0 0.132951696977483769
78.0 1.0 0.117237644708940644
78.0 2.0 0.101404837889898278
78.0 3.0 0.142621567913957858
78.0 4.0 0.112323096119406649
79.0 0.0 0.085061693007106337
79.0 1.0 0.174703233989097179
79.0 2.0 0.143734233195560890
79.0 3.0 0.104518705433043063
79.0 4.0 0.107615873023410899
80.0 0.0 0.148395416939297919
80.0 1.0 0.138234318976578646
80.0 2.0 0.143895753098509827
80.0 3.0 0.135975417416761585
80.0 4.0 0.102936616463747216
81.0 0.0 0.118248958760879472
81.0 1.0 0.109086140519562336
81.0 2.0 0.132964433967853013
81.0 3.0 0.127317225255774602
81.0 4.0 0.140182697896803599
82.0 0.0 0.130755608641480670
82.0 1.0 0.095962484097889253
82.0 2.0 0.070262059253300826
82.0 3.0 0.178702202775439051
82.0 4.0 0.176734338337962926
83.0 0.0 0.146286030424258306
83.0 1.0 0.078127027399323840
83.0 2.0 0.141021399769493155
83.0 3.0 0.086574652696166737
83.0 4.0 0.160143749218497861
84.0 0.0 0.126457883262157345
84.0 1.0 0.142170081768413864
84.0 2.0 0.175048478894843845
84.0 3.0 0.104347946058443386
84.0 4.0 0.079857093317784206
85.0 0.0 0.164644346961677790
85.0 1.0 0.117347707795740025
85.0 2.0 0.149868838578905511
85.0 3.0 0.090304328649391807
85.0 4.0 0.125916030022049291
86.0 0.0 0.143483691982825845
86.0 1.0 0.093097628719330777
86.0 2.0 0.128844256721182909
86.0 3.0 0.170579013856022976
86.0 4.0 0.086373080024394172
87.0 0.0 0.118533540026166173
87.0 1.0 0.132181757492531693
87.0 2.0 0.128166340840012077
87.0 3.0 0.127970937588112593
87.0 4.0 0.086444996392200574
88.0 0.0 0.161297686004005902
88.0 1.0 0.114478518214288047
88.0 2.0 0.137364702034215413
88.0 3.0 0.114813302238371120
88.0 4.0 0.145340817015040841
89.0 0.0 0.107764029934477923
89.0 1.0 0.114492847882397497
89.0 2.0 0.140605723045227171
89.0 3.0 0.146460328751625596
89.0 4.0 0.141002557953999130
90.0 0.0 0.228625675758362318
90.0 1.0 0.121627726965893385
90.0 2.0 0.120355524521743001
90.0 3.0 0.078892984429240059
90.0 4.0 0.074312042425859870
91.0 0.0 0.120160875496603578
91.0 1.0 0.124379797623586127
91.0 2.0 0.122884134168355225
91.0 3.0 0.099060820574428873
91.0 4.0 0.126028868686567430
92.0 0.0 0.151770754715475048
92.0 1.0 0.143576645070409348
92.0 2.0 0.111893924184406052
92.0 3.0 0.125155082673176904
92.0 4.0 0.100036525908403284
93.0 0.0 0.155669048611162791
93.0 1.0 0.065306937830599321
93.0 2.0 0.129756377765211373
93.0 3.0 0.117432815025092729
93.0 4.0 0.128211625303822740
94.0 0.0 0.114287585212668449
94.0 1.0 0.080633240420542068
94.0 2.0 0.070622335890873938
94.0 3.0 0.204829106578690440
94.0 4.0 0.143878799978508304
95.0 0.0 0.168444485928137266
95.0 1.0 0.140729632193110799
95.0 2.0 0.161995538169564579
95.0 3.0 0.125172596292227156
95.0 4.0 0.083840404413843828
96.0 0.0 0.148619963362339208
96.0 1.0 0.127488705943962000
96.0 2.0 0.130267928344652228
96.0 3.0 0.142507318140773637
96.0 4.0 0.078910274793239907
97.0 0.0 0.209400930959931453
97.0 1.0 0.096641331210158249
97.0 2.0 0.091133850295343335
97.0 3.0 0.120373712416765088
97.0 4.0 0.150413562580513110
98.0 0.0 0.145489419204748088
98.0 1.0 0.150878021679188679
98.0 2.0 0.117787509796770648
98.0 3.0 0.106970135534960403
98.0 4.0 0.077969302225847165
99.0 0.0 0.118357024140612166
99.0 1.0 0.117592588919096408
99.0 2.0 0.153734673339120220
99.0 3.0 0.156794230572574578
99.0 4.0 0.125993957648264709
