1.351339818892588192e-04 7.729471115970699209e-05 -2.005924066451860365e-04 -1.310534765886645634e-04
3.645331314806142253e-01 -9.757987609824051445e-01 -1.266113136038710119e+00 2.668253372065855777e-01
7.135639040321204970e-05 5.824112618564217638e-05 -2.023678287462625969e-04 -1.065588884311940830e-04
2.389288420463200058e-01 -2.068273998070848108e-01 -8.057993115916310956e-01 -1.024277020158677054e-01
4.663756646547241683e-05 8.411143848899288586e-05 -1.674809066117294179e-04 -7.542595941579682578e-05
4.064514052310711536e-05 1.011924378289038857e-05 -2.029819044037583186e-04 -6.675544575339724049e-05
6.359225484187995825e-01 -7.219050312064589914e-01 -1.466106847102872868e+00 3.243527075544496707e-01
7.179127210196098962e-05 6.342064919632351566e-05 -2.009241694768980943e-04 -1.154284931122587557e-04
5.840309987314317884e-05 5.891391172745267987e-05 -1.650959570258209814e-04 -7.197103977060561090e-05
1.204896531365027044e-04 7.346573828613832185e-05 -1.773009286152906199e-04 -1.331093538211881302e-04
6.863715373867550413e-05 2.901346391909457483e-05 -1.581131684418134848e-04 -6.548092414432672736e-05
7.205848478721296746e-02 3.157161547210082103e-02 -1.594296332513484293e-01 -1.048467232902747653e-01
1.529740772777423985e-01 -1.364714347232042213e-01 -1.423071619622472861e+00 4.688258334869696564e-01
7.162252355819324068e-01 -8.818167472995120937e-01 -1.374094767189517174e+00 3.982476591565153878e-01
2.473413486587412446e-01 -7.481967874148393038e-01 -1.207686641682135242e+00 7.792321492696516194e-02
6.384239324619271905e-01 -6.057890286770152288e-01 -1.397067181967737826e+00 7.561727977412107116e-01
1.229478832232822310e-04 9.126092629055295846e-05 -2.231474652665591766e-04 -1.348220366959828589e-04
5.378834707329132048e-01 -1.142916572290642918e+00 -1.504512255905066098e+00 2.256223143082673466e-01
1.250858239767021216e-04 1.105891986459584279e-04 -1.887050913155706141e-04 -1.441938395242242882e-04
-7.660265656227115139e-02 -1.411101888628499557e-01 -6.375000405408899340e-01 -1.594251139884079738e-01
6.453807297058521976e-05 8.027597880238969798e-05 -2.366665854490497404e-04 -1.579311383591484820e-04
5.356085436105963993e-01 -5.597376330989511928e-01 -1.110816938495072348e+00 5.526363277131347562e-01
3.723245328841252757e-05 4.518344095079176043e-05 -1.722677616675851863e-04 -8.510303739650826847e-05
4.933937935882822257e-01 -7.099628666896519169e-01 -1.096862828755646113e+00 3.260109272736407271e-01
7.784729519918590634e-01 -8.179597611695701431e-01 -1.301834594919041077e+00 -3.498407294043923144e-02
4.658961759308464790e-01 -6.105961440390308415e-01 -1.082519996105421933e+00 3.788242306963802708e-01
7.480771377528750929e-05 3.040825494311110068e-05 -1.801448224750721813e-04 -1.047862772482350267e-04
6.381673664009312194e-05 9.111638381229275228e-05 -2.405394021159836676e-04 -1.331908285953395756e-04
1.166720324329063331e-04 8.449719632533923309e-05 -1.991383210137831451e-04 -1.240111310759841213e-04
6.775071366031512055e-01 -9.328158860778257289e-01 -1.519286562999905943e+00 3.390313456156049399e-01
5.568615343550802782e-05 6.674548141443821970e-05 -1.876494747051670668e-04 -7.753228520615184293e-05
7.905627748498544882e-01 -6.479105095423489669e-01 -1.240197452649891119e+00 1.252500024309758375e-01
3.497978537129451393e-01 -8.395224437000607942e-01 -1.197676451354014793e+00 7.296662082880116251e-02
1.805844451940389062e-01 -4.782605810317053785e-01 -1.409261024242869365e+00 4.847467479832320847e-01
9.213143823477088954e-05 5.869813582679449297e-05 -1.624418002798905724e-04 -1.219896479412849768e-04
1.964398510637083844e-02 2.570393470271978287e-02 -9.548935427864045644e-02 -6.626516837317798780e-02
3.793060179394177056e-01 -6.955943488821989540e-01 -1.543268226496658180e+00 4.669183104917042915e-01
9.118230184534678129e-05 5.164116854137705803e-05 -1.909390802401013702e-04 -9.561876075487717608e-05
1.175719295454866339e-04 8.070201045307822318e-05 -2.012218296373696443e-04 -1.578734770203821497e-04
5.739531591006865607e-01 -7.139648162148038990e-01 -1.548086395051543329e+00 4.744822711332121190e-01
3.613631984797771035e-01 -8.348248176146336741e-01 -1.299922809199621332e+00 2.503811941350418957e-01
4.632831991393495524e-02 2.837803652187857045e-02 -1.428625436946612259e-01 -7.213720403550930027e-02
1.363596103031361126e-04 9.721628142924707938e-05 -2.295304812941683444e-04 -1.359311529427901025e-04
3.712569419947808202e-01 -6.111862422543394846e-01 -1.770132060955713849e+00 6.084294533487316636e-01
7.394802181664834558e-05 4.071282310531826451e-05 -1.392651718786670496e-04 -8.825445619293886530e-05
6.518529683268963338e-05 5.032477219873266556e-05 -1.948676333817068269e-04 -8.875164948135518992e-05
1.886440773003884668e-04 1.734999931917995553e-04 -2.265709052364797639e-04 -1.208482727591036392e-04
7.667876435795243362e-01 -1.368341706809334868e+00 -1.402052179196732196e+00 3.649083262888278695e-02
4.865442859791426627e-02 -6.434810721543441359e-01 -1.712736556389261144e+00 4.823195899304870693e-01
7.984241135710645786e-05 5.480252867828497586e-05 -1.380598174349056810e-04 -1.275311912097463151e-04
5.346273257363608894e-02 3.391393504509161369e-03 -1.562419011283258385e-01 -7.642799589780978342e-02
-1.187980061962760556e-02 -1.298185992027515133e-02 -1.550416919635392854e-01 -6.143855774256157254e-02
8.717627369177809670e-05 5.176346777580745416e-05 -1.495109659541572072e-04 -9.405050199631841091e-05
7.414796402119149421e-05 5.842205046764790743e-05 -1.743254908725667648e-04 -4.692341024792087809e-05
5.915122670110372072e-01 -4.503510888880580820e-01 -1.178012357342380190e+00 7.169635212827471515e-02
2.841583926919398206e-01 -2.743896871398080473e-01 -6.721996181645566448e-01 -3.068846207262777570e-01
1.823885477774963432e-02 -3.215819605840381512e-01 -1.315336704152129554e+00 7.687145722708067508e-01
7.982729444382734535e-05 7.007423900900648173e-05 -2.044380269675395939e-04 -1.383652613132820420e-04
5.769934163972453752e-05 7.934243149942104688e-05 -2.064841072792562219e-04 -9.362644606861073374e-05
1.301599116609877479e-04 4.887848252226314138e-05 -1.796437347877330199e-04 -9.570723540457939851e-05
1.839488633901219805e-01 -2.201055782644460029e-02 -4.616907385552598830e-01 -8.882166871877701653e-02
-2.682196672051034847e-02 -4.316018557017886059e-01 -1.141283632682907223e+00 -5.257411472033579614e-02
4.381620379151747180e-01 -8.116734268305592082e-01 -2.102324093102731606e+00 7.288436608441315467e-01
9.618425455983021788e-01 -1.043725597466074184e+00 -9.504949601779527635e-01 2.582611705915660583e-01
1.031553526838858639e-04 8.806527818633925759e-05 -1.990308400428329261e-04 -1.218755306758114213e-04
1.052506058454981560e-04 9.757010046264908017e-05 -1.960840799777052192e-04 -1.381610428405940355e-04
3.591515646869135325e-02 1.931496949584464223e-03 -1.620630103355295837e-01 -8.242546224542782185e-02
4.981068360622382118e-01 -8.403251526153461270e-01 -1.531881538593329539e+00 6.032807414598612139e-01
8.049487363390383187e-05 8.759018340242477781e-05 -1.919013485247549728e-04 -1.428585024284523513e-04
1.019205000558030534e-04 5.255590340705263759e-05 -1.919271087162539293e-04 -5.185277329144845728e-05
2.019272808766139904e-01 -1.064382072560543790e-01 -5.168567531221087696e-01 -3.524728627511382328e-02
-3.794851676355165404e-02 1.764365579615713876e-03 -6.084596449301589161e-01 4.196490699565818411e-02
4.732027027662570329e-01 -7.350614895915170699e-01 -1.127311120994754390e+00 -6.644553663638030905e-02
3.854107280505388727e-02 3.277710840868877217e-03 -1.602358559053730924e-01 -6.507529446911751447e-02
6.657692037238059912e-01 -7.363095755368501694e-01 -1.274051194409147048e+00 2.599378190584091808e-01
3.164705532399884613e-01 -4.846733535246574021e-01 -1.423647575421037148e+00 6.181746813570239141e-01
1.448839016174228945e-04 1.439415322040170180e-04 -2.012751390873679250e-04 -1.595222673385394030e-04
7.128302584556287513e-01 -1.078090319497687855e+00 -1.420535646242316652e+00 3.920645626360205194e-01
6.086724798397152462e-05 7.837800854782966758e-05 -2.333863548868508680e-04 -1.389440712050419473e-04
7.680967206920795952e-05 2.637091606185488487e-05 -1.866574109180515507e-04 -9.152445178469082116e-05
1.068211661072576273e-04 1.131248695986600310e-04 -2.563942720101259156e-04 -1.524295749971511435e-04
3.316623779258974421e-05 1.724816956722900692e-05 -1.401885811976405992e-04 -1.180174560937049231e-04
9.983033380160821757e-01 -1.091209454570980508e+00 -1.392307134734283913e+00 3.378900044189229179e-01
4.639023172574169296e-01 -7.275405755736376046e-01 -1.223417885926135540e+00 1.296172297767907988e-01
2.526601856194886087e-01 -3.098211406564448933e-01 -1.419373283293153376e+00 7.036543772547151354e-01
1.164266349479383566e-04 5.490038680114537993e-05 -1.387962220190655711e-04 -7.088379250646841456e-05
3.819198930696718897e-01 -5.227800503102170149e-01 -1.518314002582735966e+00 3.506515931160941180e-01
2.373143989209669236e-01 -2.379791692645637780e-01 -5.947545848619364417e-01 -1.747240088082688547e-01
9.612838038835767873e-02 -7.012958935494003621e-01 -1.535276412988764161e+00 4.893158044504323234e-01
1.230114585357687668e-01 -5.941003865593763589e-02 -6.107619539831169453e-01 -1.600341322790912457e-01
9.875409253666228950e-05 5.513066378207974629e-05 -1.479125547065545776e-04 -8.058966556052894140e-05
7.549736787965316553e-02 -1.179139180061487963e-01 -6.639985109025180465e-01 -6.124445546726252007e-03
8.669446482833879084e-05 9.458832085188783353e-05 -1.921618076861046761e-04 -9.278769128285045209e-05
3.338619863045944047e-01 -3.081964964734283940e-01 -6.295591714365640357e-01 -1.771238861223367600e-01
2.347335637239411354e-01 -6.898015783054436412e-01 -1.565284066234482019e+00 3.658705141292959429e-01
6.335063137521736176e-05 7.680815133764861387e-06 -9.007586957119274233e-05 -2.767224657213139080e-05
1.194772951681048884e-01 -9.441608742056864512e-02 -9.126227277922933645e-01 -4.132927290642458840e-02
7.344242242757284013e-05 1.014906345822521217e-04 -2.073822931285213889e-04 -1.505244424142115455e-04
6.412771094813333615e-05 4.428675263877107231e-05 -2.028068287658129850e-04 -8.083945580947155007e-05
8.423549007238615438e-01 -1.155545217796108970e+00 -1.318350480118388957e+00 1.597401498013091559e-01
4.785437528951894326e-05 7.771223364385550117e-05 -2.003992616859247777e-04 -1.265875123015203782e-04
6.311242332698906166e-02 4.587880386983333308e-02 -1.694411910813445055e-01 -6.839143081771482946e-02
6.201749110321500696e-02 5.200451280854704109e-03 -1.126733190047241734e-01 -6.951354713622033554e-02
8.049085790764497483e-01 -9.870041293790381420e-01 -1.482854171638901430e+00 3.447059989595565588e-01
2.506494987051802181e-01 -6.273965464272192039e-01 -1.416355890559142905e+00 4.184233311700225055e-01
5.963379248412483541e-02 -6.479693134268780241e-01 -1.618754721172442235e+00 6.342324317448355675e-01
5.645106693454718383e-02 -5.399224911460942522e-01 -1.609820892817649396e+00 3.599320028828685292e-01
1.211116663882085437e-04 7.855632778501145256e-05 -1.732842503749233525e-04 -1.011034073909756337e-04
7.960774140787950648e-01 -8.118094371635422579e-01 -7.328989779878909427e-01 -1.458572204746669265e-01
6.177729016603270562e-01 -6.104616525847533781e-01 -1.139310668148323158e+00 -1.429106388901094926e-01
1.177655235810202771e-04 5.866664792203687474e-05 -1.786799214927051139e-04 -1.269337831397588246e-04
1.522028128971384005e-04 1.101878866470864333e-04 -1.601283834818903896e-04 -7.244154613351499138e-05
-2.184956551205469444e-01 -2.509193262276863123e-01 -8.718040020746120611e-01 -2.008102297109314593e-01
7.171278000096408256e-01 -9.405375615774286269e-01 -1.246579765271741413e+00 4.137951377777826512e-01
7.491017356913812208e-02 -3.450467340810396688e-02 -6.925481806823998721e-01 -4.783840191929104174e-02
1.146753913601035457e-01 -3.333730304450958082e-01 -1.219053865568493267e+00 5.364542168684647283e-01
2.931293060722321986e-01 -4.045604879703990631e-01 -1.307164249296842051e+00 7.070770024545811605e-01
9.721840962722239044e-05 7.483698080174139137e-05 -1.997186845177274816e-04 -1.259947148239620805e-04
1.329574020677644255e-04 9.728006828396798837e-05 -1.934194221349839365e-04 -1.393240222463559038e-04
2.160927149034024275e-01 -3.583702337520939807e-01 -8.088884254935921891e-01 -3.116484845472420329e-01
1.647368944341671829e-04 1.254364194625173020e-04 -2.219438791110601788e-04 -1.405989803366949854e-04
3.297835169122699528e-02 -5.683435862250064696e-01 -1.106136486569177180e+00 1.845714723822159953e-01
2.195079750973400468e-01 -1.957845717622192783e-01 -6.963048075949530569e-01 -1.161454302001692640e-01
2.403661663491652722e-01 -1.507836708176291396e-01 -7.702594990629019200e-01 -3.713649083372731058e-02
1.085524890152995137e-01 -4.888679868160182296e-01 -9.907267619849718931e-01 2.768092003809112800e-01
-1.662278091325049834e-01 -4.278397696504762648e-01 -1.124868158936032314e+00 -1.190602844661697440e-01
1.479957552057845408e-04 1.236960835312672332e-04 -2.291532891608961617e-04 -1.545590585864492451e-04
8.381708486643162093e-02 -1.827062186763723506e-01 -8.193309190066192516e-01 3.758083516672206057e-03
4.502966940295517473e-01 -7.485945191999568982e-01 -1.129408160171160969e+00 1.399308137053990042e-01
1.134118219713091484e-04 3.774926247668002624e-05 -1.362422416818432811e-04 -3.107007689782403134e-05
1.406228407130904762e-04 1.017712960351007013e-04 -2.150649529025657999e-04 -1.148132786822729100e-04
4.371953271965645788e-02 4.399957352246867265e-02 -6.637713007816385957e-01 -2.586653140514041382e-01
2.087537342822342601e-01 -7.944495811539206143e-01 -1.431810254670756732e+00 3.766592724874601172e-01
4.250887858266300925e-05 4.532129939591664349e-05 -2.071911646732934903e-04 -1.198034405517293114e-04
1.021468972300830780e+00 -1.045505930647446569e+00 -1.137939951841740793e+00 5.580004340295909859e-01
1.960778817518731565e-01 -6.718954388410040834e-02 -6.432181827347253078e-01 -5.446255768663818553e-02
5.225054558815190979e-05 3.853254899683219656e-05 -1.751772223524525514e-04 -7.702983719294308738e-05
5.983616761109435031e-05 5.332009052072126716e-05 -1.673767134512948193e-04 -1.414050018816201773e-04
2.900122834394947002e-01 -8.651341654711168505e-02 -7.363617933755461920e-01 1.898100243476153470e-01
4.627710999922757251e-01 -9.570305735459203600e-01 -1.309694298578662597e+00 1.218915113394319627e-01
8.295737676793861048e-05 6.302719901094760524e-05 -2.078714916546013788e-04 -1.358707466500631324e-04
1.848824280550513122e-01 -4.976208991884713551e-01 -8.537205039567370424e-01 1.454599796848417836e-01
8.523941851130841473e-05 6.052101075263382167e-05 -1.794023034111561453e-04 -1.089153157602097509e-04
2.136472285625600487e-01 -2.150463826711471460e-01 -7.955637161450656025e-01 1.780914390971493899e-01
5.013451335222682825e-01 -6.214538412080884422e-01 -1.453844670324427879e+00 1.395204586433535232e-01
4.597888908423291565e-01 -5.543182613777888346e-01 -1.231224744173099239e+00 4.450843275484396289e-01
6.694006210472687143e-05 4.715284304567085561e-05 -1.077014484849037057e-04 -7.431729119401967571e-05
1.487792125070608914e-04 9.449818938702478236e-05 -2.454254814877690504e-04 -1.740260488410289897e-04
5.079253871109741351e-03 -2.013041838764604019e-01 -6.560690174823290421e-01 -2.812732884244705800e-01
4.376092209597579052e-01 -6.809300299203732143e-01 -1.886689708411020128e+00 9.187569744660797344e-01
8.509110501689771391e-05 6.849274374518724386e-05 -1.581581404126283688e-04 -9.635406909401006057e-05
1.477553991757835300e-04 1.093943119880669219e-04 -2.234509360565614016e-04 -1.422237786700433716e-04
3.100283984942440729e-01 -8.244649097588708786e-01 -1.133716481128400622e+00 8.627420217578150863e-02
6.820272089754716462e-05 2.703090831739288547e-05 -2.120833408842975236e-04 -6.255195178283015319e-05
3.561757821953805830e-02 3.765473299810734309e-02 -1.676116116031743930e-01 -7.521659325464817580e-02
9.386387540316622170e-05 9.335923420436001918e-05 -1.876159313312074654e-04 -1.026294193044177211e-04
4.135563576647865829e-03 -6.999623839784541168e-01 -1.290397392044766889e+00 -1.377547252318499661e-03
1.437100434533843823e-04 1.073484631856248540e-04 -2.479191597660016259e-04 -1.458200435250400274e-04
8.480624284195658058e-01 -1.059282033120780397e+00 -1.132716850185746749e+00 2.320895410209656007e-01
9.193701413399657518e-02 -9.544652263459274533e-02 -6.701447018574975267e-01 1.965174677478889916e-03
6.848603140678625190e-01 -1.146741644084625200e+00 -1.380474878743210176e+00 2.033311245676770462e-01
3.183815797550083870e-02 -2.083277424741254991e-01 -6.590491344843147914e-01 -2.230270199945348364e-01
1.420733218589518372e-04 1.655114246551988850e-04 -2.047764904526954029e-04 -1.270712224142606507e-04
5.775381360635448713e-01 -8.440406041739311194e-01 -1.076162035643730475e+00 1.370147748042387925e-01
2.914401458846976878e-01 -4.186367949974504343e-01 -1.387046346408330022e+00 5.158309697496776813e-01
5.418432240417005857e-02 2.370526793175273955e-02 -1.359461729860066970e-01 -1.014666199239217803e-01
9.461703930890562608e-01 -8.939855791075517200e-01 -1.022726286055863465e+00 4.342865172057742695e-01
8.139724947584359540e-05 7.274949368529291349e-05 -2.072094690439915275e-04 -1.334975400538130025e-04
2.206146997576261815e-01 -4.207643192059827841e-01 -1.489927701682233874e+00 6.054201412082893530e-01
2.911015877347478825e-02 1.888913261116340059e-02 -1.786964298913575333e-01 -8.037243861021858837e-02
3.994027156225961160e-05 3.180542781878978488e-05 -2.174584497047166794e-04 -1.155475839890992900e-04
2.061537418045490400e-01 -3.865277359456225637e-01 -1.512630959916764661e+00 4.339638791884425917e-01
7.249573200376000504e-01 -7.578571113299333861e-01 -9.790245690218972729e-01 2.481178471506959859e-01
6.579669388947684272e-01 -9.702761339034411403e-01 -1.461153941694137481e+00 8.968338072576156200e-03
8.349757791932820071e-05 6.800803090467672971e-05 -1.368192754159121554e-04 -7.139934814225852339e-05
6.349077802785484635e-05 5.649179962294318200e-05 -1.789262455129183866e-04 -6.280953536473557670e-05
8.729867273104310876e-02 -7.135106956835524095e-01 -1.561530112992894237e+00 7.696374348608039373e-01
1.049602723895598125e-04 8.838490884226761100e-05 -2.253171895825295502e-04 -1.706970911875612274e-04
9.240601122144810331e-01 -9.108772175770910584e-01 -1.284366879520729476e+00 2.495534709309263910e-01
1.185556216618780819e-04 9.768286621816580370e-05 -2.309589832423313786e-04 -1.708368015167474249e-04
2.223628154848774491e-02 3.781941090220049956e-02 -1.961288781269835968e-01 -1.222909260947500909e-01
4.215630066266370934e-02 -1.831400156064125206e-02 -1.363139248545604532e-01 -7.709832986005889233e-02
1.230066989862938073e-04 7.878807532012575203e-05 -1.774427312452772339e-04 -8.177835371491735700e-05
7.330122569535535762e-05 3.872751612316724574e-05 -1.676859809436492441e-04 -6.118077691356719192e-05
3.042322362719868112e-01 -3.235701528422054163e-01 -1.356379545834352607e+00 5.695778346332591724e-01
1.041658474263646252e-04 1.087875613514930674e-04 -2.085109496308923350e-04 -1.081588001577666680e-04
6.500258551794589428e-05 1.524251180562843207e-05 -1.556356178710913639e-04 -5.988111764769311283e-05
3.994831938381915304e-01 -7.905207200795474343e-01 -1.373262751070309040e+00 2.524788802428424295e-01
8.358699496234687221e-01 -9.279551752796768582e-01 -1.048205067510845634e+00 1.774520261625662232e-01
4.486777006229793890e-02 -3.166774689854943148e-01 -1.289844603487267705e+00 -1.646484656420764414e-02
5.405232226148194430e-01 -9.379648993560638637e-01 -1.451084909690633307e+00 4.235400013704039845e-01
1.034061660048776017e-04 5.982709028507568195e-05 -2.050378251092486754e-04 -1.064947161404778927e-04
1.889877062229227966e-01 -4.193608777240419583e-01 -1.207225108154078796e+00 2.776987771727482679e-01
9.185326656336976906e-05 7.414299380203053294e-05 -1.642559646398234830e-04 -1.303364276893833327e-04
4.118895983446931308e-01 -5.910805833842476265e-01 -1.504839738302812702e+00 2.956227372413970933e-01
8.763019330606100423e-05 4.639300684700735085e-05 -1.867779315703420838e-04 -8.706190418249319933e-05
1.136198644941079295e-04 1.019203139905194302e-04 -2.626457939152468477e-04 -1.551781979540630915e-04
3.045850797988999825e-01 -6.082771038052874335e-01 -9.999783020159278557e-01 1.425435484076369996e-01
7.544898939949720024e-03 4.976668155951015186e-03 -1.924120929921834672e-02 -1.154381016432895653e-02
4.615658514571048809e-01 -5.129857867108279512e-01 -1.286338931293997678e+00 5.003987481052183384e-01
4.203110567753393645e-01 -6.227445650447102077e-01 -1.489596582970247551e+00 5.542300142291731735e-01
6.010991016522403418e-01 -8.140615239945240278e-01 -1.416915177028645445e+00 4.909531875735768103e-01
6.478193675816908137e-02 6.403523692541625290e-02 -1.616549096116258188e-01 -1.533544267639483094e-01
1.379184983560978743e-04 8.085325518017379186e-05 -1.980362178238223602e-04 -1.234654682305188762e-04
1.046667396505424064e-01 -6.278393366646629614e-01 -1.438355223261338134e+00 4.722602764251903062e-01
7.071965945750371236e-05 8.363489584898392245e-05 -1.825649368063709708e-04 -1.103357134009212703e-04
7.561973439742140091e-01 -8.045899054580805121e-01 -1.261151326835993292e+00 4.306340272673708780e-01
5.630675293745939225e-01 -8.662940854717871009e-01 -1.271826467914272785e+00 3.870474238133068956e-02
7.229376528494994847e-02 -2.515747727614017770e-01 -6.434029799804295013e-01 5.954114078634030645e-03
1.099347641330903209e-04 9.575936317555969646e-05 -2.259259223884012844e-04 -1.316724857514061623e-04
4.426518587288599815e-02 -9.898708828225653844e-03 -5.567010980136958276e-01 -2.985273652122081844e-01
5.935250398484795170e-05 1.527572889878205930e-05 -1.659312006685833879e-04 -8.018194793682840830e-05
1.686624922894225387e-01 -6.010027144752413397e-01 -1.746091371287670446e+00 5.700322450045023359e-01
1.038902581385272361e+00 -1.259007296818699606e+00 -1.174845188833133713e+00 6.694823840614358423e-02
1.824535306048120087e-01 4.324615518265767511e-02 -5.820772743162238028e-01 1.386001405776386697e-01
3.488385137975790368e-05 4.715978536474072289e-05 -1.883597822338852813e-04 -8.291560605476504990e-05
1.529535874621707847e-04 1.168758996453790757e-04 -1.870756071075671881e-04 -1.725259931527819979e-04
3.193847289877193574e-01 -5.600629282646462093e-01 -1.385592129745455425e+00 2.374864552866680634e-01
4.307066564343330906e-01 -8.583457861738253980e-01 -1.645401984580312948e+00 3.894074547764241889e-01
6.264341940306386025e-01 -6.699257979481008096e-01 -1.062918816003443290e+00 3.961749908818562038e-01
5.224935353838435770e-01 -1.000256799083747206e+00 -1.487731718941479153e+00 4.980452826997875393e-01
1.107344376254016565e-04 8.605685187451174499e-05 -2.173970120543369181e-04 -1.120314781536742733e-04
6.133388181462267053e-01 -9.094606627554517875e-01 -8.507021580138148797e-01 -2.936313879761512022e-02
1.062490584255903396e-04 8.230646761824980749e-05 -1.990987875425189748e-04 -9.219600613368565082e-05
4.030854083708685504e-02 6.243104999003804001e-02 -1.847601974470847452e-01 -1.120347013721450513e-01
2.459645213060259739e-01 -7.868591426909185005e-01 -1.452411204615540186e+00 3.653349852486648119e-01
5.876278232510462329e-01 -6.661115069227202534e-01 -1.426297986878775514e+00 6.330971704737166084e-01
6.456389298339077604e-05 7.187467920210232621e-05 -1.868035115222518633e-04 -9.559737360537906884e-05
3.317235387331878282e-01 -3.795266581158150410e-01 -1.204712224363860829e+00 2.636352968449983125e-01
1.412502071085209709e-04 8.660839158534925134e-05 -2.196662025840787785e-04 -1.886430873248614020e-04
1.026958964543309524e-04 5.770719028159224898e-05 -1.769099856961418925e-04 -1.127745800242083791e-04
2.316424551935011844e-01 -2.376205299737824128e-01 -1.204794759707732421e+00 4.275259759174847574e-01
3.195948583859634651e-01 -6.745698970369660152e-01 -1.701569596513327953e+00 6.038825617423670966e-01
5.937040451393156993e-05 1.979349976892640279e-05 -1.602463473034694140e-04 -8.376155641232581393e-05
2.028451468519781586e-01 -1.510403243572587817e-01 -6.975164775276936346e-01 -1.535341787914781542e-01
2.426741742717707651e-01 -1.034373894741035249e-01 -6.896542955804305652e-01 -1.286990067749298472e-01
5.472378428543988038e-01 -6.378633641378326224e-01 -1.392275301555977896e+00 5.493002236603345967e-01
2.030826111582635998e-02 2.933032025482896089e-03 -1.319734358822870213e-01 -8.693762526657829171e-02
1.676400686053654970e-02 1.692751647942560694e-02 -1.236194159048885910e-01 -4.670914273450238463e-02
4.565643130594054244e-01 -6.218903513946556494e-01 -1.169605088356266087e+00 1.763996636393455886e-01
3.987095674114811433e-05 3.396279802165662060e-05 -1.753876361624683727e-04 -1.185018410001903146e-04
7.651976005139037307e-01 -1.055289743071184505e+00 -1.209915890468361344e+00 2.040210378627748122e-01
6.901988054150942631e-01 -8.111072331203731389e-01 -1.042250555551965885e+00 -2.641017513290892516e-01
1.113973140483194707e-01 -1.249904150488709426e-01 -1.457059906745593603e+00 7.582533664799319117e-01
7.181509091235394222e-03 6.407647173855346608e-03 -2.057251379427452176e-02 -8.548554695119781055e-03
1.424075225492577590e-01 -3.711585324881612191e-01 -1.239143494010018554e+00 4.312377619226531178e-01
7.884702080914059684e-05 4.894286654323283298e-05 -1.242993795573491705e-04 -5.240806511882863415e-05
5.972835354104243377e-01 -7.605076905366641160e-01 -1.279099461112505054e+00 -6.336382973391606332e-02
5.431561310360140116e-01 -7.293165340944861574e-01 -1.411604719165388433e+00 1.729782889280397085e-01
5.354268086880486203e-05 3.644876852261148310e-05 -1.923918507377791684e-04 -9.615732276767350402e-05
7.562195643439453320e-05 4.240075104837126823e-05 -1.329524351395097487e-04 -5.434363576693076428e-05
1.541235412606533628e-01 -2.179436134395614233e-01 -5.552469019025229047e-01 -1.674124843489710190e-01
1.014566524763233765e-04 1.301965369021591097e-04 -2.545667324205527163e-04 -1.235762345980359004e-04
5.396819560254979831e-02 -2.519078958348410944e-04 -1.621769229476661689e-01 -4.716455412033143668e-02
6.713278715262646678e-05 3.919193334367696767e-05 -1.994989287803462178e-04 -1.276270608227071711e-04
5.092903901063732414e-05 4.600798115374839123e-05 -2.386352343341769083e-04 -9.891403539505102106e-05
7.388437952967426003e-01 -7.534929550632633033e-01 -9.198096274402187689e-01 -3.259452113395715223e-02
3.258655692609660481e-02 3.706919355298252117e-02 -1.735364334146590193e-01 -1.164537308536371940e-01
9.159743480608597654e-05 7.458588881282923581e-05 -2.131016777020260534e-04 -1.377805814946400631e-04
7.269459138947307331e-01 -6.480506972225461571e-01 -1.166128313537254879e+00 8.815300130156940028e-01
9.296454147078274800e-05 6.904687447166226691e-05 -1.959756629808388274e-04 -1.230533967309830560e-04
5.506153491733725147e-01 -7.092638591080111521e-01 -1.349256681917229805e+00 4.104867497275964672e-01
3.388127467673157089e-01 -7.348161650368312259e-01 -1.035396266266556120e+00 5.902817135417736533e-02
1.115167913056583354e-04 6.465375813842888628e-05 -1.500491998616172728e-04 -8.175759440780692110e-05
-4.081241297933231593e-02 -4.723322986121083339e-02 -8.333394280297280465e-01 -1.267685705697332854e-01
1.030817911808222032e-04 1.260616601191122703e-04 -2.467868184038628861e-04 -1.394400641205890534e-04
1.221151740257800389e-04 8.352778686604397679e-05 -2.020550621659178967e-04 -1.353990479836273753e-04
6.876116253427366591e-05 4.342507951482749395e-05 -1.539203146939461034e-04 -3.396469423875995362e-05
3.009981240695261406e-01 -8.265071553442231433e-01 -1.681799575103270383e+00 5.562688671103713789e-01
7.409378035320291064e-05 2.541207097587829824e-05 -1.662926789096095062e-04 -1.421672435589995840e-04
7.220076173347961712e-05 4.205384827688150276e-05 -1.687055071548707844e-04 -1.221778710035763445e-04
1.370904718239035187e-04 1.182570622460349082e-04 -2.360724642379358933e-04 -1.496129104299577723e-04
3.614228263174449479e-02 -1.429111945692899607e-02 -1.495329468809052376e-01 -2.475255430711970073e-02
8.354997093879818870e-05 5.554861432060101883e-05 -1.693011088302000169e-04 -7.791743558291780436e-05
4.337142996204679940e-02 -1.422572307839491679e-01 -6.881013379362647120e-01 -6.251974836565164784e-02
5.567547978660207786e-01 -9.261464565285502104e-01 -1.634450615469190016e+00 7.069915166443306864e-01
4.769912676514123095e-01 -1.033990642992194120e+00 -1.055963420217569837e+00 1.949697973024570180e-02
1.767281845550292647e-04 1.314146971798245856e-04 -2.250095680604710581e-04 -1.526118951655361584e-04
5.166387223715343167e-05 1.134436048724737954e-04 -2.253372667811362592e-04 -1.323290980605980121e-04
9.640709536338542879e-05 6.368785033605599223e-05 -1.992011905637529074e-04 -1.135374948367101622e-04
5.803483273609574278e-01 -1.035544663618684247e+00 -1.539428006503808621e+00 3.897041255285479400e-01
-2.116998053328689455e-01 -1.286246451173400640e-01 -1.363303721611857311e+00 5.212383956389128326e-01
1.037528698809145666e+00 -7.823420936211867849e-01 -1.553091919445505953e+00 4.413957288198317452e-01
7.537029768088787933e-05 7.263367889187961012e-05 -1.414375680656791126e-04 -8.288786973666365117e-05
8.663542245564587749e-05 6.049563941498986455e-05 -2.043380935996710987e-04 -1.655610586598476187e-04
6.124696317844212645e-01 -1.051462547579457008e+00 -1.664178295403955232e+00 4.523834695256789273e-01
2.085311839062483907e-01 -1.136655199021510271e-01 -6.370998809365049365e-01 -6.044774222638871208e-02
3.601279865486260723e-02 -5.241801489877737641e-01 -1.264612537988078156e+00 3.124314853403984960e-01
1.361122435232685270e-04 5.864890300896672640e-05 -1.735963998532670429e-04 -9.060922815912479840e-05
9.767906112759754253e-05 1.227957416995886883e-04 -2.052922966172485706e-04 -1.706555037345101303e-04
1.618336047437992069e-04 1.793814600476033067e-04 -2.600929457630371837e-04 -1.600142404083626675e-04
2.790138568640909700e-01 -9.230616919812527632e-01 -1.137458656002904522e+00 -2.683046177691264522e-01
3.918326761602713287e-02 4.051862767094418193e-03 -1.495403547060593641e-01 -7.681463222346014696e-02
4.718259825080806658e-01 -6.151909630058931544e-01 -1.146295020655710761e+00 5.925217410901904014e-01
6.025635691396473703e-01 -7.208776055956729323e-01 -1.231310900271918030e+00 2.956384444439835169e-01
4.057454482674039409e-01 -5.114080124701835262e-01 -1.227634928248140245e+00 2.841182339629774734e-01
8.598741842285195119e-05 2.347865093797254840e-05 -1.635018669876165244e-04 -8.196197792797293156e-05
6.195096636274274459e-05 5.422164164515258663e-05 -1.534363030485590249e-04 -7.650678874859017970e-05
2.041703805111057535e-01 -4.757722176957932536e-01 -1.259743121532909571e+00 2.925385112372309027e-01
6.014023820751905614e-02 4.748718867813245259e-02 -1.806646470629838797e-01 -1.099866891709886940e-01
4.339485630231975088e-01 -7.371048450223078863e-01 -1.674097079063658011e+00 6.420310988550348430e-01
1.543028507324025345e-04 1.488869063592749154e-04 -1.714243485839449840e-04 -1.361556479576943898e-04
1.720900673863672015e-01 -3.064932672408766656e-01 -6.767836071379177421e-01 -1.762432490805424801e-01
9.478715691510979742e-05 4.673119094736760150e-05 -1.687700817290494707e-04 -9.894447810448264659e-05
2.163246291061368121e-01 -7.544287286758535327e-01 -1.641938172983932409e+00 4.720600027216825256e-01
3.946785980374786784e-01 -8.973261251572195452e-01 -1.309316113534610748e+00 1.390493784432781654e-01
6.250945762636005432e-01 -9.825358329323317097e-01 -1.251717057153424850e+00 4.472277202444280841e-01
3.398708637066774618e-01 -2.046029142235566145e-01 -5.075723613969493897e-01 -2.631165179305759438e-01
8.897989847224041710e-05 1.228965072532644273e-04 -2.161728447096163174e-04 -1.068211010245223922e-04
8.684208169365642549e-02 -1.101638090893103106e-01 -6.929464475333673157e-01 -3.582232166806966628e-02
1.664020283803809008e-01 -1.799336025577319143e-01 -6.539462412594240215e-01 -2.277574128184088331e-01
3.031360572334216852e-01 -5.443934876724090266e-01 -1.017221075083808657e+00 2.224493382052601387e-01
5.095203548112941377e-02 4.065030582445802732e-02 -1.778081183040004232e-01 -8.519008347839175654e-02
1.443606285579916325e-04 9.707002075702575450e-05 -1.990869169052386493e-04 -1.170861693751000559e-04
3.221720577515993500e-01 -6.473003905146861303e-01 -1.292279415241855300e+00 5.363634931071377121e-01
9.128063804555197375e-05 6.027582059349961249e-05 -1.993179765488655244e-04 -9.311532098784052033e-05
9.844888266894188760e-05 6.614972101700878617e-05 -2.422050207682463919e-04 -1.665768429051192503e-04
4.123781897046301798e-03 6.434854669757280286e-03 -1.648502175788815402e-02 -1.087734148606915759e-02
5.555388527375030305e-01 -5.498564021661591639e-01 -1.224091090039272745e+00 5.837920198742972966e-01
8.291274164997413580e-05 4.574774073411999798e-05 -1.938191265486741502e-04 -1.116799145520720526e-04
2.671020594517122815e-01 -7.779251158784449005e-02 -8.200299606389991336e-01 -3.735972312454996502e-02
3.035459500018696799e-01 -4.376137307597736115e-01 -1.352253526957045260e+00 3.729333457747812663e-01
2.459168205519522143e-01 -7.091749497845264427e-01 -1.329766199541238869e+00 5.059077001706124843e-01
5.583353014611000065e-05 6.372222922795237228e-05 -1.894664009085110111e-04 -1.097603177215827734e-04
9.384272680873991801e-01 -1.127002376497384883e+00 -8.110643523260937515e-01 -2.522834695625955637e-01
9.352907554896316815e-05 6.497012233091225555e-05 -2.075894421363233154e-04 -1.406604654573898332e-04
7.979771546267760984e-05 6.680054894443160211e-05 -2.199765998009448964e-04 -1.115987972506883163e-04
1.052546048880987354e-04 7.369925438761265970e-05 -1.554162082302974974e-04 -1.010989372479196148e-04
6.004332268858581396e-05 4.560542917599327497e-05 -2.110821678989125696e-04 -1.033918022844497713e-04
1.671252259682296237e-01 -2.066886519667859579e-01 -6.837686330016535807e-01 1.373506772468192638e-01
7.465888015829522106e-02 -5.687722359997589017e-01 -1.463566349900160102e+00 2.055858539255391304e-01
7.582010797581524889e-05 4.939640790107518011e-05 -1.525021310812030187e-04 -4.481235288934126731e-05
1.145493460025621090e-04 7.932689895488360152e-05 -1.627560702965099985e-04 -1.023510940135850670e-04
5.316237315691899612e-01 -6.568831612770018591e-01 -1.289936249254653777e+00 2.264199324929741242e-01
8.862142542725794689e-05 5.774367031623851626e-05 -2.336131005776947197e-04 -1.438830116565145711e-04
3.144867576403075904e-01 -6.473155175939715456e-01 -1.824477146176832543e+00 5.178175702124458990e-01
4.517528220126910687e-01 -2.889879687103676931e-01 -1.088985123249492926e+00 4.018451677391015053e-01
1.495131031301764890e-02 6.610992568778012966e-03 -1.264785066243444833e-01 -8.138977622383120059e-02
1.209459529767132501e-04 6.905689073512988514e-05 -1.725291749916330964e-04 -1.373307792225923361e-04
5.684089240312448776e-01 -8.036972849383759998e-01 -1.364123665500528881e+00 4.289566913165971940e-01
6.694203273953582445e-05 2.458977815573255992e-05 -1.907452789773306885e-04 -1.098101397437474921e-04
6.879023085399507131e-01 -5.551117647313423831e-01 -1.112258089055835786e+00 4.682418254761551157e-01
-1.971840648037410104e-01 -1.093328031231057956e-01 -1.079191915878305430e+00 3.716346965105632449e-01
1.538856961068160506e-04 1.132354207615547171e-04 -2.187215052903166497e-04 -1.607781264441905244e-04
4.697681000371731752e-01 -9.187630421573028672e-01 -1.701831370119748721e+00 3.027980561076804578e-01
6.118024799085175491e-01 -1.082802715515299941e+00 -1.326408071433454516e+00 1.973393379326633112e-01
3.923185457029425560e-01 -9.959969554885230725e-01 -1.293703202891779203e+00 -2.605414812755792175e-02
7.121691137453133437e-05 5.227041191239706721e-05 -1.650275036379418342e-04 -5.477104265857709112e-05
2.851974157304086321e-01 -1.183191508567708189e-01 -7.880426327813685461e-01 -2.007106428297874764e-02
1.024103840532730877e-04 1.324582650132467647e-04 -1.707269632760759887e-04 -1.139037770300508408e-04
6.659670464743366880e-02 -1.893956963201240962e-01 -8.330358988504714679e-01 -6.806594737661482430e-02
-4.587260823870525223e-02 -1.984421675544533470e-01 -1.178279224444445994e+00 2.454301702820345932e-01
8.404370353346245492e-01 -8.489199877202990852e-01 -1.191106819636737146e+00 1.828691381698157037e-01
1.249893068272127990e-04 8.426731007249832863e-05 -2.069048052061348919e-04 -1.117455567489314573e-04
5.234747035615391295e-05 1.267606447689590077e-05 -1.288092982558684276e-04 -6.417617042533670189e-05
5.731040169370275050e-01 -8.478103214501514495e-01 -1.728478371942938852e+00 5.982946665463408920e-01
9.689246910514766439e-05 9.077700259802548848e-05 -2.065638883739765895e-04 -1.505538245736142702e-04
5.762720862807265830e-05 3.028619397404007840e-05 -1.768646120714446543e-04 -1.286228320116604440e-04
1.060707654297401314e-04 6.026450353172660667e-05 -1.920855370719740942e-04 -1.014191312334580190e-04
7.979050534466169899e-05 6.533962996514830327e-05 -1.737075634861069457e-04 -3.563389587584538023e-05
9.811009537707733737e-05 8.414646595479013664e-05 -2.509203341492225771e-04 -1.537578905982683896e-04
5.818295739795724511e-05 8.614246219644412512e-05 -2.270745305708551964e-04 -1.559184765622865750e-04
7.599054614952536202e-01 -8.055193578999272352e-01 -1.395235477914904099e+00 7.958866554125542114e-01
7.601796323669839865e-05 4.934689104622671011e-05 -2.013044583495386035e-04 -1.162293671660599947e-04
8.028753815053339834e-05 2.605252474596855792e-05 -1.339313247092631962e-04 -5.621026985135554074e-05
1.382570674199856383e-04 1.311469603222310321e-04 -1.850578586579304573e-04 -1.597622446434519329e-04
1.233672385152434037e-04 1.118476023799983146e-04 -2.329947304647586256e-04 -1.573837306920116243e-04
2.582472651710818190e-01 -7.879934487954507460e-01 -1.404076604991422617e+00 1.911063763014893557e-01
4.910316400050963592e-01 -8.343946744351458111e-01 -1.275847750732096886e+00 4.533953179742379880e-01
4.585015414348148632e-01 -6.785061796057584305e-01 -1.428954993446891031e+00 4.777280949612072725e-01
7.182404625699395639e-02 4.285100618047689436e-02 -2.118225602158269882e-01 -8.300441406120796783e-02
1.047075692593415954e-04 7.150827107289218099e-05 -2.003987996916829783e-04 -1.108408042531417072e-04
5.295340976782945130e-01 -8.630915300648932531e-01 -1.008622280344496414e+00 2.150510968635161724e-01
7.899039248447657419e-05 3.314796502768886942e-05 -1.693428841266584738e-04 -9.292185407476016097e-05
2.080226243038401854e-02 4.626973492309879171e-02 -1.445313110336166607e-01 -7.029655151908016653e-02
3.487456769405101396e-05 6.892403169253706933e-05 -2.445286662141087693e-04 -1.339976501430663477e-04
7.184492081065425584e-01 -8.648194717468407067e-01 -1.289058317014724508e+00 4.844872485899542891e-01
4.967784806213849658e-01 -7.256317191587615678e-01 -1.019500579570125076e+00 2.293443807429252634e-01
7.811938027101617541e-05 6.416518703631523450e-05 -1.959483394024883341e-04 -9.854846216388292110e-05
1.387601582797259750e-04 1.056929600161522575e-04 -2.224825777055692568e-04 -1.682891915355241906e-04
9.954437578191599467e-01 -1.117144167247623443e+00 -9.673952275551713775e-01 -2.984215256401895333e-01
1.571331977590482607e-04 8.160690266065428924e-05 -2.232751440307029114e-04 -1.352064768434324083e-04
-2.760562338786310896e-02 -2.853500977339447631e-01 -1.209462234873258879e+00 4.014619082226085767e-01
6.841600657522775575e-02 -4.632992411236658281e-01 -1.420550059912167429e+00 6.443899510048974877e-01
6.131888064351100238e-03 8.151832331398142784e-03 -2.146230183764700691e-02 -1.258891302237563972e-02
1.001389963703443127e-04 6.681028345730421114e-05 -2.032462793293186528e-04 -1.173826561073907434e-04
2.851641781942474418e-01 -4.478715716819106629e-01 -1.689970853585164745e+00 5.702195550560262838e-01
9.575691327088844832e-05 6.770106999885726372e-05 -1.944127215874631568e-04 -1.667835456633897089e-04
4.886118005373691897e-01 -8.558079594378664723e-01 -1.124102156782508244e+00 3.246379419868830052e-01
1.626932783129586835e-01 -3.875037103371378050e-02 -6.454873950450392694e-01 8.972427275881375563e-02
6.159649411793352461e-05 5.166388010418832927e-05 -1.610454103280947854e-04 -7.536123008212663554e-05
7.194545698292577405e-05 5.352392185809133005e-05 -1.811598579449257061e-04 -1.054422085789240683e-04
6.508632786422164918e-01 -9.659930717692783997e-01 -1.528057773711749556e+00 5.745195272617641402e-01
1.000902262959333934e-04 7.480101108792894628e-05 -1.914354909873404106e-04 -1.068319166682006903e-04
9.810862908621037352e-05 7.715360290769589333e-05 -2.607295068434027142e-04 -1.723558215948820655e-04
7.949259867177118494e-03 6.471908327661402525e-03 -2.063848531337160105e-02 -1.247131286843747647e-02
3.526111936324940466e-01 -9.655490650418986354e-01 -1.612124291847404578e+00 3.627743284958697134e-01
4.847468053949306217e-05 4.677697656865377231e-06 -9.188357351763290829e-05 -2.943074941327833896e-05
1.024182359099495691e-04 1.036756009474867186e-04 -2.432057775200328138e-04 -1.272397491505325624e-04
1.439849999776209944e-04 1.038200449386002234e-04 -2.310042463204159543e-04 -1.557055479862674342e-04
4.912202763978742448e-01 -5.730705878727595515e-01 -1.140820825985021436e+00 6.080083273294947244e-01
5.482543465802317440e-05 2.289306562157504384e-05 -1.376501756713870899e-04 -9.406568100730514179e-05
7.478745990437503099e-01 -1.075821846535789605e+00 -1.651960883334082197e+00 -6.719044758199239908e-02
3.094234150031087149e-01 -7.165029277766284954e-01 -1.697256311931194306e+00 2.685981306145456271e-01
8.217372701269970339e-05 6.526489548843420916e-05 -1.572479020478189347e-04 -7.944961165397806783e-05
1.142722588757566124e-04 8.482331155748847810e-05 -1.679434591265000713e-04 -1.075208040148325226e-04
4.371819409414022806e-01 -7.830953763718032645e-01 -1.300632044284147026e+00 1.535509911261897231e-01
6.587180348538896084e-05 4.535576287018275044e-05 -1.437865547917840416e-04 -6.264109698810997910e-05
9.518667765020515092e-02 -3.270371637482198945e-01 -6.981156274090453140e-01 -1.635884095091343915e-01
1.332687604964108152e-01 -1.019701463981863426e-01 -8.207561349636712800e-01 4.946342151424968497e-02
6.285669265650173365e-01 -9.062561755476720160e-01 -1.499615090068430190e+00 1.875106100516137630e-01
5.253239736052525005e-02 -6.866992633214253315e-03 -6.817309404220259217e-02 -5.471769247364519084e-02
6.447869224663107244e-05 7.841855781485028009e-05 -2.495611363640633565e-04 -1.553812526006597176e-04
8.539015847173872292e-05 5.967052472798060610e-05 -2.095212430447029905e-04 -8.529662422741669608e-05
7.948527394548903034e-05 6.864536349150622660e-05 -1.861526266313195629e-04 -7.008864905204686014e-05
1.586885089542517668e-01 -6.001767586118689213e-01 -1.430835951123546446e+00 2.920279548038495765e-01
9.196259120153500461e-05 6.851820024150299547e-05 -1.848511123364301794e-04 -8.642242407744950121e-05
2.358277639748643517e-01 -7.305641264009374858e-01 -1.389661121158813684e+00 2.531972282230405824e-01
8.802381945382752731e-03 7.292722635107199217e-03 -1.966505054533753544e-02 -8.995985262322278228e-03
3.625996806040922005e-01 -2.149638483179009962e-01 -4.830434821840771109e-01 -2.129798421912426354e-01
5.563544046351065475e-01 -6.678534670861303590e-01 -1.313086498019893300e+00 7.413158740315222150e-01
5.876973679390218145e-05 4.202792534455048503e-05 -1.563768651817703105e-04 -6.520861894768407020e-05
9.829209226291134099e-05 8.023096987332414517e-05 -2.024032072305155235e-04 -1.298870911158985972e-04
1.138969336233722485e-01 -1.667161770128387233e-01 -8.886434945352312820e-01 -2.890993608898210776e-01
6.603502819343579988e-05 3.774989888413740548e-05 -1.739176820026978551e-04 -9.023600925898067528e-05
1.363314211124820770e-04 1.070938518996728878e-04 -2.611839525910953697e-04 -1.477603411087198104e-04
4.797042307686003593e-01 -8.201571158695883934e-01 -1.152745600392627301e+00 8.623899108475473196e-02
3.813035975323997295e-01 -6.696872734972808550e-01 -1.226953587936784773e+00 2.260100241057176884e-01
7.740639230467787600e-05 9.745131336681254629e-05 -1.792861367391063024e-04 -1.306028508709528859e-04
5.769594881398687480e-01 -7.462271343442332672e-01 -1.483710708414741397e+00 6.493305775205537866e-01
2.815536289665893140e-05 3.795301873211584829e-05 -1.639457944307376415e-04 -1.026151425835685339e-04
9.917861557371090431e-01 -1.290175546212070090e+00 -1.315169155354851238e+00 3.461657174681081472e-01
3.579984051969872794e-01 -6.275853588901244562e-01 -1.117191642486250247e+00 2.039015337834265695e-01
1.206189291449828526e-04 1.207288221452811484e-04 -2.304081748045533264e-04 -1.195618239808062775e-04
1.082937761780313791e-02 7.972021997155246537e-03 -2.373635075535161093e-02 -1.495265268548037936e-02
5.506921976316582201e-01 -9.828065352534895993e-01 -1.502400192333050777e+00 5.563868740243831379e-01
1.754044602335864467e-04 1.800142212854797012e-04 -2.371538635645666819e-04 -1.656764841621057699e-04
1.036633843013475128e-04 3.039322364867318117e-05 -1.490155509547670340e-04 -1.196425261694728914e-04
6.025108593625944754e-05 3.462547296723489729e-05 -2.020294919940800247e-04 -1.175241562727596202e-04
6.928516483678004434e-02 -4.492598524964316886e-01 -1.740046147815341948e+00 6.375314266785232498e-01
7.954730580380422458e-05 3.893900922309683567e-05 -1.330534211374980857e-04 -4.235753391447191399e-05
5.854692217033171664e-01 -1.079237064427359671e+00 -1.180763040445772516e+00 -1.437081549071751729e-01
1.099177049832545001e-02 -1.032153260351979934e-01 -6.428182183044199860e-01 -8.088666856410160755e-02
1.652644343507703173e-01 -8.714348185722886608e-02 -7.834021483040216616e-01 -2.495129084559531349e-02
3.468824991409624192e-01 -4.382506637325145893e-01 -1.081226668954062831e+00 1.714007175762015944e-01
9.329340962889065179e-05 8.412526354409678177e-05 -2.262257250322528325e-04 -1.012936153474950393e-04
4.299238579444911228e-05 2.611550602076605015e-05 -1.597446042538342456e-04 -7.210548332977049525e-05
5.581343269753109571e-01 -9.002154037141061327e-01 -9.361190337499990521e-01 5.960298619945952198e-02
4.035013092274811752e-01 -5.742247193122376192e-01 -1.280080610755408133e+00 9.924264250338754589e-02
5.163788434280369710e-01 -6.040673621413932270e-01 -1.250686716229654216e+00 1.006308673249518837e-01
7.684895736528044585e-01 -1.009424062778374820e+00 -1.497739502462015482e+00 2.179252841825011777e-01
7.736561645344964947e-05 4.476536704454348378e-05 -1.672814946071802178e-04 -8.722370968838553398e-05
2.193133273177214626e-01 -1.296798091590845026e-01 -7.904672714822640334e-01 1.357277274141811541e-01
8.969722721348301906e-05 9.101313004341961342e-05 -1.828806464104469631e-04 -1.177232164506042232e-04
-9.736324977244779216e-03 -1.441281020853866779e-01 -5.326364129305835027e-01 -1.323152082459842505e-01
3.911423210269699413e-01 -1.235726639042536434e-01 -5.237700812872420064e-01 -7.499679838519766883e-02
3.754347000706768078e-01 -8.671118262708904512e-01 -1.269748383273168635e+00 -5.553940503757650443e-02
7.219941146331241460e-05 6.916186071439172451e-05 -1.841361204513209554e-04 -8.850503914659180497e-05
3.855831892805756673e-05 3.124468954269230757e-05 -1.653518595173973291e-04 -1.101239493222215299e-04
2.452531996316142382e-01 -4.886124933870062415e-01 -1.673861957145333257e+00 7.111326201496712685e-01
-3.194646583504076598e-02 -3.163101834764293040e-03 -1.272730899135252058e-01 -3.727749983705661713e-02
6.051386124121097554e-01 -9.229543019253239056e-01 -1.915742771747344975e+00 6.002019432092501328e-01
1.133957510111672784e-01 -1.678547632246858434e-01 -7.023984130277454163e-01 5.066489583831090826e-02
1.521089192695526393e-01 -1.903095614513245215e-01 -6.329893415929201961e-01 -2.465088204292931184e-01
1.735537162125301298e-04 1.025921565641613442e-04 -1.268551690057125188e-04 -1.132835044355796710e-04
1.926866703081026033e-02 2.329941835840128317e-02 -1.627813403741079079e-01 -7.959125011016889018e-02
8.954809797177721853e-01 -6.081403582071575054e-01 -1.718906321178050201e+00 6.885457242095015529e-01
9.574385114915535677e-01 -7.582802373867254531e-01 -9.660900377920910165e-01 3.737686331391041339e-01
7.068836804067756279e-05 4.297494674192138298e-05 -2.145258994231932553e-04 -1.282528520980585939e-04
-3.141739285223391510e-03 -1.959924707682458682e-03 -1.248224648779081708e-02 -8.171814960861813193e-03
1.660133191188605806e-01 -1.760420675836844862e-01 -7.430066121446606831e-01 -2.173840746837229776e-01
7.572874620964450813e-05 4.648980907803827159e-05 -1.436143185847255468e-04 -7.367157071445583057e-05
2.732295703088759575e-01 -1.656047454646007444e-01 -7.844454005155526710e-01 9.955113965937324727e-03
6.895315349359595891e-02 -2.177154759854841581e-01 -5.606879658848634707e-01 1.170513135554749479e-03
3.567212117902441443e-02 1.818545919254188278e-02 -1.316608746468785895e-01 -4.510771196172938535e-02
5.655536178619402379e-05 1.207840217169690037e-05 -1.848532503305011065e-04 -7.168389680876173097e-05
4.520230415848364234e-05 1.871582661861143350e-05 -1.354204198347685410e-04 -3.135776470568891989e-05
1.060172577343909429e-04 9.799794249020793858e-05 -2.472265667032718956e-04 -1.586256728514429581e-04
4.686564469039999348e-01 -6.213430565112922910e-01 -8.988556785262744597e-01 -2.758584393314044148e-01
6.625443408664963426e-05 6.029339720453551866e-05 -1.975936529873692038e-04 -8.342867776284029150e-05
1.492758400808952117e-04 6.923165325006055981e-05 -2.131628842753716796e-04 -1.028234920505856484e-04
-4.810208620999130436e-02 -2.052014477220436006e-01 -1.442039054511499163e+00 4.714697718001454319e-01
3.319164748059395542e-01 -6.600615133209981611e-01 -1.380546414673253564e+00 4.257926959423369295e-01
6.506142980506751661e-02 2.708428007991469516e-02 -1.427662659170814974e-01 -1.152858653264678679e-01
7.763975657618709596e-05 5.379051393110726408e-05 -1.599188289908215412e-04 -9.210857740362397069e-05
3.161562253700714309e-01 -5.515721013526755367e-01 -1.389401027722479975e+00 1.767829657974339941e-01
5.426238836405483656e-01 -7.218912420411559561e-01 -1.219117877804953842e+00 1.180079060929587198e-01
1.128111655576426967e-04 1.144147172965753192e-04 -2.340950812765569102e-04 -1.826684954511896032e-04
9.042166705311314168e-01 -1.120544506878613733e+00 -1.300171257489003196e+00 4.042945752478647181e-01
2.495476383755715344e-01 -5.139502485381289842e-01 -1.247445870365888387e+00 5.741179172861303748e-01
1.138342173240155034e-02 9.831003449772045613e-03 -2.200872039980416098e-02 -1.358655047192396104e-02
1.156545766919879335e-04 1.371016831445585958e-04 -2.123142370250492058e-04 -1.557407333095598540e-04
6.709377841415105070e-01 -9.522685835502066043e-01 -1.430346934865554642e+00 4.281951283135993491e-01
5.947598938082505615e-01 -1.096322397082095668e+00 -1.048397155104488609e+00 1.081934846418564217e-01
8.697704515868154296e-02 -9.527121999694046495e-02 -7.242486770277464236e-01 7.159002494831030738e-02
7.248914522875849788e-03 2.536734711280324260e-03 -1.957400156134036021e-02 -1.296600700475837586e-02
3.655244136138056654e-01 -6.293989771938500732e-01 -1.441901297360586032e+00 3.673901423192405535e-01
3.702719898839025303e-01 -5.957576745758323966e-01 -1.509957377039697457e+00 4.639435653811481708e-01
1.455175816487176981e-04 1.005131985075926790e-04 -1.965187097885703850e-04 -8.617917968009152765e-05
3.378162817944034373e-05 4.296918803198145249e-05 -1.423765821288633902e-04 -1.166809791049017294e-04
