0.0 0.0 32.953511647311344746
0.0 1.0 32.985413588127954654
0.0 2.0 32.933401044098673083
0.0 3.0 32.986046277542357075
0.0 4.0 32.893517754230323646
1.0 0.0 33.023267213761094752
1.0 1.0 33.038763041057535474
1.0 2.0 32.872442830696947169
1.0 3.0 32.905368668735462734
1.0 4.0 32.976852547695834517
2.0 0.0 32.930223035180127056
2.0 1.0 33.059590334859045413
2.0 2.0 32.916214578765504939
2.0 3.0 32.939533701203302485
2.0 4.0 32.910245040808767669
3.0 0.0 32.931341442112817219
3.0 1.0 33.009303008516432953
3.0 2.0 32.925606928521908401
3.0 3.0 32.860467286026363354
3.0 4.0 33.083335113285812668
4.0 0.0 32.962787902499158577
4.0 1.0 33.065116686528796208
4.0 2.0 32.967449109183029066
4.0 3.0 32.890162871634657904
4.0 4.0 32.874922403916521318
5.0 0.0 32.964642768225409952
5.0 1.0 32.920929822560687228
5.0 2.0 33.051239876818236496
5.0 3.0 32.846529658776930205
5.0 4.0 32.944444655244609521
6.0 0.0 32.919830192048920026
6.0 1.0 33.013948985493662747
6.0 2.0 32.990700495555600469
6.0 3.0 32.935283563068793455
6.0 4.0 32.902787749436328113
7.0 0.0 33.051169840278852519
7.0 1.0 32.986038454349348115
7.0 2.0 32.939540729248868445
7.0 3.0 32.888568818937741867
7.0 4.0 32.909107359266457138
8.0 0.0 33.032559513657048456
8.0 1.0 32.967439123801987932
8.0 2.0 32.962965644325429082
8.0 3.0 32.920940814863797641
8.0 4.0 32.888894026823912498
9.0 0.0 32.883716534097636952
9.0 1.0 33.100817490732381998
9.0 2.0 32.981396397599226589
9.0 3.0 32.911627648876212504
9.0 4.0 32.921199792864015876
10.0 0.0 32.933728921377607435
10.0 1.0 33.079062919288858780
10.0 2.0 33.004655940070016129
10.0 3.0 32.841860238286493257
10.0 4.0 32.928270349598818711
11.0 0.0 32.984177741864115774
11.0 1.0 32.890823789199757243
11.0 2.0 33.013956402962378434
11.0 3.0 32.930736427190701932
11.0 4.0 32.949072274436872476
12.0 0.0 32.920927822508026850
12.0 1.0 32.946357470764773723
12.0 2.0 33.097674300355230059
12.0 3.0 32.889269003190122476
12.0 4.0 32.902780172595619490
13.0 0.0 32.948841556373615447
13.0 1.0 32.962785135896496058
13.0 2.0 33.023264181990960253
13.0 3.0 32.946795592901239047
13.0 4.0 32.873754116260663238
14.0 0.0 33.005715662649379283
14.0 1.0 32.934885242306080499
14.0 2.0 32.916282506026092847
14.0 3.0 33.018621013576286316
14.0 4.0 32.877106939092712423
15.0 0.0 32.976745123362363188
15.0 1.0 33.006902535190477010
15.0 2.0 32.994848954650464634
15.0 3.0 32.880066736597257204
15.0 4.0 32.838968591031097333
16.0 0.0 32.923991606224639384
16.0 1.0 33.031764208967331342
16.0 2.0 33.009302978099896109
16.0 3.0 32.967446346010376601
16.0 4.0 32.851847554084521619
17.0 0.0 32.915864087140924710
17.0 1.0 33.049420758656268049
17.0 2.0 33.123672740095507550
17.0 3.0 32.813948664245231157
17.0 4.0 32.856483014244204810
18.0 0.0 32.941016245828997455
18.0 1.0 33.000004379784030561
18.0 2.0 33.069774025651511806
18.0 3.0 32.815248892759989019
18.0 4.0 32.958334944198412586
19.0 0.0 32.972093126580134026
19.0 1.0 33.032554623347344602
19.0 2.0 32.906977659834936389
19.0 3.0 32.826656646181042731
19.0 4.0 32.974537076740482178
20.0 0.0 33.051027142166361728
20.0 1.0 33.033332459902020162
20.0 2.0 33.002636657625451733
20.0 3.0 32.865126281615317794
20.0 4.0 32.870372215220179157
21.0 0.0 32.929770765445276481
21.0 1.0 32.981393721655123841
21.0 2.0 32.945034712536809707
21.0 3.0 32.981421348257583759
21.0 4.0 32.962962492420281535
22.0 0.0 32.955070313085251144
22.0 1.0 32.962794367718288413
22.0 2.0 33.061527331006551833
22.0 3.0 32.925582535690210761
22.0 4.0 32.865737491368008705
23.0 0.0 32.986048565209195260
23.0 1.0 32.962784191086825558
23.0 2.0 33.051177050112258371
23.0 3.0 32.953492030035164362
23.0 4.0 32.806350620795988959
24.0 0.0 33.083720648095635397
24.0 1.0 32.890384479740447432
24.0 2.0 32.950984284004128710
24.0 3.0 32.944176207480765584
24.0 4.0 32.893521130357008531
25.0 0.0 32.926843326256246769
25.0 1.0 32.962166145191076794
25.0 2.0 33.055795160799760879
25.0 3.0 32.915288896357232318
25.0 4.0 32.829229546675051665
26.0 0.0 32.899619513837166096
26.0 1.0 33.106976023631034423
26.0 2.0 32.972086358136550643
26.0 3.0 32.885802875540257162
26.0 4.0 32.902477749566358511
27.0 0.0 32.930256721807388942
27.0 1.0 33.004650687991357927
27.0 2.0 33.002427385087926837
27.0 3.0 32.900720974814198883
27.0 4.0 32.981485804464888645
28.0 0.0 32.893024942477715911
28.0 1.0 32.954941769426241649
28.0 2.0 33.103151791956996419
28.0 3.0 32.958139311347878220
28.0 4.0 32.950120455741121361
29.0 0.0 32.948836141148255763
29.0 1.0 32.943015999162795993
29.0 2.0 32.939533963808422357
29.0 3.0 33.023258680924044484
29.0 4.0 32.912034780693140590
30.0 0.0 32.939528809625009842
30.0 1.0 33.023255643015289706
30.0 2.0 32.950594678095825429
30.0 3.0 32.953494128280617304
30.0 4.0 32.916655622849191332
31.0 0.0 32.874530772120387212
31.0 1.0 32.939533477030948916
31.0 2.0 33.150070136023686018
31.0 3.0 32.827907244886105786
31.0 4.0 32.986121693450499492
32.0 0.0 32.930241839135646842
32.0 1.0 33.024024361635497371
32.0 2.0 32.976739688964329389
32.0 3.0 32.857000028040104667
32.0 4.0 32.958846128689174293
33.0 0.0 33.043224135843914269
33.0 1.0 32.972093990500873417
33.0 2.0 32.977519680969159310
33.0 3.0 32.827899775297652241
33.0 4.0 32.972222129303879967
34.0 0.0 32.976748802561537843
34.0 1.0 32.976742027479183150
34.0 2.0 32.935062534726142758
34.0 3.0 32.902316263329808521
34.0 4.0 32.958315303112811989
35.0 0.0 32.972099104863893615
35.0 1.0 33.032565145738686851
35.0 2.0 33.003383554858061188
35.0 3.0 32.935858222333983747
35.0 4.0 32.826231761801125231
36.0 0.0 32.930237242829186073
36.0 1.0 32.948824539558444258
36.0 2.0 33.058798383679729227
36.0 3.0 32.897668145698382602
36.0 4.0 32.937706188584371603
37.0 0.0 32.962787065743462733
37.0 1.0 32.939523865875379727
37.0 2.0 33.047215236398784555
37.0 3.0 32.917731791195194546
37.0 4.0 32.925928351259926785
38.0 0.0 32.981392731880426084
38.0 1.0 33.018604523594355271
38.0 2.0 33.001486307542023724
38.0 3.0 32.874419561718902116
38.0 4.0 32.836288998005095152
39.0 0.0 32.986044095115786945
39.0 1.0 32.993073405227093531
39.0 2.0 32.865180221117526571
39.0 3.0 32.930243852979430130
39.0 4.0 32.982194304020993059
40.0 0.0 32.952790013751062759
40.0 1.0 32.962554431690712420
40.0 2.0 33.070047399405524402
40.0 3.0 32.879071360976752203
40.0 4.0 32.857237555993791034
41.0 0.0 32.938951875510568357
41.0 1.0 32.972092861103782013
41.0 2.0 32.976741812266936904
41.0 3.0 32.925585022489542553
41.0 4.0 32.961324584795022474
42.0 0.0 33.027890487923258434
42.0 1.0 33.014812084692096050
42.0 2.0 32.965619640107256316
42.0 3.0 32.888370758900336455
42.0 4.0 32.868873436947907862
43.0 0.0 33.032556770610256081
43.0 1.0 32.920933067433914232
43.0 2.0 33.055820896550812904
43.0 3.0 32.841856131755818637
43.0 4.0 32.925928193336964966
44.0 0.0 32.995353081519738225
44.0 1.0 33.005088275703116096
44.0 2.0 32.911628218277485303
44.0 3.0 32.962798258685431563
44.0 4.0 32.902781359994079935
45.0 0.0 33.037163390527851448
45.0 1.0 32.902327137502211940
45.0 2.0 32.995367990039106587
45.0 3.0 32.813952913746490481
45.0 4.0 33.038932888652404074
46.0 0.0 32.953490202794235131
46.0 1.0 32.935820653971006777
46.0 2.0 33.069323572166275937
46.0 3.0 32.939546554363758446
46.0 4.0 32.902772273900303901
47.0 0.0 32.936192156732133185
47.0 1.0 32.906974757870500525
47.0 2.0 33.031736353451456978
47.0 3.0 32.902335528671713405
47.0 4.0 32.978839815042007899
48.0 0.0 32.984587461180232992
48.0 1.0 32.970841110826178522
48.0 2.0 32.949597930397885648
48.0 3.0 32.930234714930499251
48.0 4.0 32.944448340720818180
49.0 0.0 32.916279654810303157
49.0 1.0 33.065129189691042200
49.0 2.0 32.959884947711870495
49.0 3.0 32.930707808786252144
49.0 4.0 32.929611837805893515
50.0 0.0 32.902338265559514241
50.0 1.0 33.000000194147631305
50.0 2.0 33.001755567813738423
50.0 3.0 32.934881457267586313
50.0 4.0 32.939817569640560180
51.0 0.0 32.981256458138780374
51.0 1.0 32.963412779754683868
51.0 2.0 32.990695711218329222
51.0 3.0 32.869710666627227624
51.0 4.0 32.962965518707250112
52.0 0.0 33.018606284206640566
52.0 1.0 33.009304393345182405
52.0 2.0 33.014215287305624713
52.0 3.0 32.853146945118936628
52.0 4.0 32.907408097673936709
53.0 0.0 32.930234994660807502
53.0 1.0 32.986052839243022561
53.0 2.0 32.995342654437401109
53.0 3.0 32.976749931976080177
53.0 4.0 32.856747955185390708
54.0 0.0 33.017844229066753314
54.0 1.0 33.000008776195663529
54.0 2.0 32.948839186870699791
54.0 3.0 32.869766953777102003
54.0 4.0 32.958335845726693947
55.0 0.0 33.000373142233350165
55.0 1.0 33.004744761421669352
55.0 2.0 33.023262102813255581
55.0 3.0 32.837644796424065419
55.0 4.0 32.893518771933614175
56.0 0.0 32.991316170406932429
56.0 1.0 32.879065500480656681
56.0 2.0 32.911625077802952433
56.0 3.0 33.018609234930515584
56.0 4.0 32.973324872401050811
57.0 0.0 32.958150131407407457
57.0 1.0 32.967439509941776521
57.0 2.0 33.010793214288341346
57.0 3.0 32.883709077775534979
57.0 4.0 32.970679949620951277
58.0 0.0 32.952333786386873271
58.0 1.0 33.046971134283829485
58.0 2.0 32.915412558526192299
58.0 3.0 32.990707367742992062
58.0 4.0 32.879630165028999045
59.0 0.0 32.916278159283457683
59.0 1.0 32.944186524059951182
59.0 2.0 33.088374449126170873
59.0 3.0 32.879076727604427788
59.0 4.0 32.945600723029876633
60.0 0.0 33.013952739476366105
60.0 1.0 33.004652676255872734
60.0 2.0 32.868736929111371126
60.0 3.0 32.916267286265544101
60.0 4.0 32.967589090104880256
61.0 0.0 32.995349750881146633
61.0 1.0 33.023249687886995218
61.0 2.0 32.920928098186927002
61.0 3.0 32.906985517734931079
61.0 4.0 32.903775623214478685
62.0 0.0 32.883718008962581791
62.0 1.0 33.093028000698495816
62.0 2.0 33.001842067237383560
62.0 3.0 32.879068444398086513
62.0 4.0 32.907426864482843598
63.0 0.0 32.925580050948404676
63.0 1.0 33.041864589657187423
63.0 2.0 32.930232381721395996
63.0 3.0 32.823257942989030767
63.0 4.0 33.055555672891188124
64.0 0.0 32.990681080428984728
64.0 1.0 32.957663837391976358
64.0 2.0 32.960525651297764682
64.0 3.0 32.795354429551501596
64.0 4.0 33.037038920105011641
65.0 0.0 32.861221848600969508
65.0 1.0 32.967452404413904787
65.0 2.0 33.013953202195132519
65.0 3.0 32.949501533503735118
65.0 4.0 33.003153004658081215
66.0 0.0 32.958927231647052736
66.0 1.0 33.085351755761060133
66.0 2.0 32.849522136390014282
66.0 3.0 32.915807191462739922
66.0 4.0 32.879648285537712127
67.0 0.0 33.026771446223833095
67.0 1.0 33.004660014228853981
67.0 2.0 32.925585676053621853
67.0 3.0 32.953488230697665529
67.0 4.0 32.930724517279983843
68.0 0.0 32.920917677269315504
68.0 1.0 33.004636440955692933
68.0 2.0 33.018612401725015104
68.0 3.0 32.916287366586104213
68.0 4.0 32.916666129187326817
69.0 0.0 32.980985887921434596
69.0 1.0 33.037450997053788626
69.0 2.0 32.998732605385136196
69.0 3.0 32.906983645118479842
69.0 4.0 32.921296775736202278
70.0 0.0 32.939533954769238733
70.0 1.0 32.961482583658742840
70.0 2.0 32.990687497004159923
70.0 3.0 32.902325376565329407
70.0 4.0 33.001382129673245913
71.0 0.0 32.944187804119479779
71.0 1.0 32.980461330340268944
71.0 2.0 32.989335780191900938
71.0 3.0 32.876917099358870189
71.0 4.0 33.022608095583755983
72.0 0.0 32.906974495322060648
72.0 1.0 33.061091571162435798
72.0 2.0 33.032558735531317495
72.0 3.0 32.884551998311629006
72.0 4.0 32.898150553361389825
73.0 0.0 33.097688520552949853
73.0 1.0 32.902330407641009913
73.0 2.0 32.980130047411890359
73.0 3.0 32.958140655126491936
73.0 4.0 32.879627850236808229
74.0 0.0 32.886806784104777535
74.0 1.0 32.953492118495425700
74.0 2.0 32.981395517887150959
74.0 3.0 32.934871620973702022
74.0 4.0 32.999672101479582409
75.0 0.0 33.031074508783568433
75.0 1.0 32.887578499160994738
75.0 2.0 33.069771655012004885
75.0 3.0 32.962785284145077469
75.0 4.0 32.851851482433040985
76.0 0.0 32.949171793524122620
76.0 1.0 32.986039427594519680
76.0 2.0 33.027889514319575426
76.0 3.0 32.874427190738749971
76.0 4.0 32.927440272455122283
77.0 0.0 32.898807580419251906
77.0 1.0 33.043295663619431934
77.0 2.0 33.062039773866416681
77.0 3.0 32.893019168440680744
77.0 4.0 32.902772429875554394
78.0 0.0 32.897676188659239926
78.0 1.0 32.948836733798358978
78.0 2.0 32.974207292040901507
78.0 3.0 32.920931825295994599
78.0 4.0 33.025205656745583838
79.0 0.0 33.018606426966393030
79.0 1.0 32.855794187859423516
79.0 2.0 33.093033282383586879
79.0 3.0 32.869772979384329403
79.0 4.0 32.939816476353456665
80.0 0.0 32.883720046495319878
80.0 1.0 33.037209396669375394
80.0 2.0 33.079070621171382527
80.0 3.0 32.874422989604433099
80.0 4.0 32.893745482618435005
81.0 0.0 33.047800129292966176
81.0 1.0 32.907685437710156862
81.0 2.0 32.925583341433956264
81.0 3.0 32.948837446597721623
81.0 4.0 32.930550645393566356
82.0 0.0 32.944183790581170967
82.0 1.0 32.993343737128725479
82.0 2.0 33.023265988690752692
82.0 3.0 32.872467214535120661
82.0 4.0 32.950252539879883784
83.0 0.0 32.944185555999439430
83.0 1.0 33.004661691798126810
83.0 2.0 32.945681765502882854
83.0 3.0 32.958127514246584155
83.0 4.0 32.867767452815940032
84.0 0.0 33.120946932767282078
84.0 1.0 32.948836401038633426
84.0 2.0 32.937655627889142806
84.0 3.0 32.865116930689289632
84.0 4.0 32.893525478449021193
85.0 0.0 32.948836719710449472
85.0 1.0 33.058778905670351378
85.0 2.0 32.953495574645536692
85.0 3.0 32.881041058522150422
85.0 4.0 32.919571054378657493
86.0 0.0 32.939530203621188775
86.0 1.0 32.995348522193047813
86.0 2.0 33.055816601924128406
86.0 3.0 32.841787587809392335
86.0 4.0 32.935184885933296073
87.0 0.0 33.083718935581607923
87.0 1.0 33.000010132464097978
87.0 2.0 32.944873669698665708
87.0 3.0 32.836842541477260227
87.0 4.0 32.893521962091121225
88.0 0.0 32.869770492899981207
88.0 1.0 33.088377172929739345
88.0 2.0 33.034248471068060837
88.0 3.0 32.837217149928449089
88.0 4.0 32.948513764211263322
89.0 0.0 32.953489493001768551
89.0 1.0 32.962776959653560027
89.0 2.0 33.018606413176286196
89.0 3.0 32.979197003284490108
89.0 4.0 32.863661059043188573
90.0 0.0 33.005333711287022425
90.0 1.0 32.920923268086433211
90.0 2.0 33.012699343933114449
90.0 3.0 32.953489036053376537
90.0 4.0 32.962964128220534121
91.0 0.0 32.932144476516086229
91.0 1.0 33.012087870625535402
91.0 2.0 32.925580535216560918
91.0 3.0 32.944193087745325954
91.0 4.0 32.884297587877945546
92.0 0.0 32.994420872853808646
92.0 1.0 32.944188348386695964
92.0 2.0 32.995362841302473100
92.0 3.0 32.967437772786006178
92.0 4.0 32.911934933602026376
93.0 0.0 33.069780227661119909
93.0 1.0 32.934884170942275716
93.0 2.0 32.948833211834866574
93.0 3.0 32.854927132073022733
93.0 4.0 32.935196398600410816
94.0 0.0 33.088382230039350418
94.0 1.0 32.911626947564194268
94.0 2.0 32.996351390800988668
94.0 3.0 32.827907985235526667
94.0 4.0 32.910993740355166892
95.0 0.0 32.938932938020158758
95.0 1.0 32.962794895862515432
95.0 2.0 33.013960532635977074
95.0 3.0 32.906978137414405694
95.0 4.0 32.906104930221019345
96.0 0.0 32.947905255584991835
96.0 1.0 33.041007501922898371
96.0 2.0 33.005366701430737919
96.0 3.0 32.856693428242977006
96.0 4.0 32.949075452145429210
97.0 0.0 32.967445921134661546
97.0 1.0 32.940449378984688167
97.0 2.0 32.986051678005466670
97.0 3.0 32.891979098607286858
97.0 4.0 32.935185256721240421
98.0 0.0 32.981397288671338686
98.0 1.0 32.953944746833300883
98.0 2.0 32.883719224499728284
98.0 3.0 32.958159053421233864
98.0 4.0 32.976861888554438451
99.0 0.0 32.883511366388660235
99.0 1.0 33.037209892484568741
99.0 2.0 32.916280617137800846
99.0 3.0 33.023269504638335547
99.0 4.0 32.943843650455349348
