0.000000000000000000e+00 0.000000000000000000e+00 7.928737018989583107e-02
0.000000000000000000e+00 1.000000000000000000e+00 1.465397284065576289e-01
0.000000000000000000e+00 2.000000000000000000e+00 1.462055945089652254e-01
0.000000000000000000e+00 3.000000000000000000e+00 1.149176247840902054e-01
0.000000000000000000e+00 4.000000000000000000e+00 1.179494039862855892e-01
1.000000000000000000e+00 0.000000000000000000e+00 8.957007552195486721e-02
1.000000000000000000e+00 1.000000000000000000e+00 9.507392037751520586e-02
1.000000000000000000e+00 2.000000000000000000e+00 1.354079149264837412e-01
1.000000000000000000e+00 3.000000000000000000e+00 1.585907956144165798e-01
1.000000000000000000e+00 4.000000000000000000e+00 1.512544493134592716e-01
2.000000000000000000e+00 0.000000000000000000e+00 1.533291341695530441e-01
2.000000000000000000e+00 1.000000000000000000e+00 1.254988400556751316e-01
2.000000000000000000e+00 2.000000000000000000e+00 1.428217322785597654e-01
2.000000000000000000e+00 3.000000000000000000e+00 1.009341123211728308e-01
2.000000000000000000e+00 4.000000000000000000e+00 1.350790186647815583e-01
3.000000000000000000e+00 0.000000000000000000e+00 1.469344031470586620e-01
3.000000000000000000e+00 1.000000000000000000e+00 1.129281588462069941e-01
3.000000000000000000e+00 2.000000000000000000e+00 1.630657266717702725e-01
3.000000000000000000e+00 3.000000000000000000e+00 1.493753051038943791e-01
3.000000000000000000e+00 4.000000000000000000e+00 1.194179286741895024e-01
4.000000000000000000e+00 0.000000000000000000e+00 1.406258034961591352e-01
4.000000000000000000e+00 1.000000000000000000e+00 1.403472706081651256e-01
4.000000000000000000e+00 2.000000000000000000e+00 1.443859160956137699e-01
4.000000000000000000e+00 3.000000000000000000e+00 9.612815982789549296e-02
4.000000000000000000e+00 4.000000000000000000e+00 9.842957966681256665e-02
5.000000000000000000e+00 0.000000000000000000e+00 5.760251584936493252e-02
5.000000000000000000e+00 1.000000000000000000e+00 1.695035834657948604e-01
5.000000000000000000e+00 2.000000000000000000e+00 1.288462087689875857e-01
5.000000000000000000e+00 3.000000000000000000e+00 1.505925244232631799e-01
5.000000000000000000e+00 4.000000000000000000e+00 9.738059422125805442e-02
6.000000000000000000e+00 0.000000000000000000e+00 8.399769337413945380e-02
6.000000000000000000e+00 1.000000000000000000e+00 1.532228915286696080e-01
6.000000000000000000e+00 2.000000000000000000e+00 1.367994722834880439e-01
6.000000000000000000e+00 3.000000000000000000e+00 1.297596994195900633e-01
6.000000000000000000e+00 4.000000000000000000e+00 1.469605982564817503e-01
7.000000000000000000e+00 0.000000000000000000e+00 1.403226736146453713e-01
7.000000000000000000e+00 1.000000000000000000e+00 1.130515814260926455e-01
7.000000000000000000e+00 2.000000000000000000e+00 8.893896349929798772e-02
7.000000000000000000e+00 3.000000000000000000e+00 1.535891792516001497e-01
7.000000000000000000e+00 4.000000000000000000e+00 8.658283645338712975e-02
8.000000000000000000e+00 0.000000000000000000e+00 1.243687693132497912e-01
8.000000000000000000e+00 1.000000000000000000e+00 1.336981249143987527e-01
8.000000000000000000e+00 2.000000000000000000e+00 8.677696241997807924e-02
8.000000000000000000e+00 3.000000000000000000e+00 9.602971021814886432e-02
8.000000000000000000e+00 4.000000000000000000e+00 1.132138312451669709e-01
9.000000000000000000e+00 0.000000000000000000e+00 1.114840940023090199e-01
9.000000000000000000e+00 1.000000000000000000e+00 1.032285009760899319e-01
9.000000000000000000e+00 2.000000000000000000e+00 1.423870318545603919e-01
9.000000000000000000e+00 3.000000000000000000e+00 9.086590232718318172e-02
9.000000000000000000e+00 4.000000000000000000e+00 1.326134514240326356e-01
1.000000000000000000e+01 0.000000000000000000e+00 1.957920520778657081e-01
1.000000000000000000e+01 1.000000000000000000e+00 9.992514502322223657e-02
1.000000000000000000e+01 2.000000000000000000e+00 8.075310591587819831e-02
1.000000000000000000e+01 3.000000000000000000e+00 1.065342267949394572e-01
1.000000000000000000e+01 4.000000000000000000e+00 1.482346864420819033e-01
1.100000000000000000e+01 0.000000000000000000e+00 1.226948054847639136e-01
1.100000000000000000e+01 1.000000000000000000e+00 1.347912650231683218e-01
1.100000000000000000e+01 2.000000000000000000e+00 1.175692049255646215e-01
1.100000000000000000e+01 3.000000000000000000e+00 1.269470926384459741e-01
1.100000000000000000e+01 4.000000000000000000e+00 1.256907224218346830e-01
1.200000000000000000e+01 0.000000000000000000e+00 1.701157063605482078e-01
1.200000000000000000e+01 1.000000000000000000e+00 9.206833541705297663e-02
1.200000000000000000e+01 2.000000000000000000e+00 1.661601246335503990e-01
1.200000000000000000e+01 3.000000000000000000e+00 1.336218861658961810e-01
1.200000000000000000e+01 4.000000000000000000e+00 1.035089254740083897e-01
1.300000000000000000e+01 0.000000000000000000e+00 1.444835725897241074e-01
1.300000000000000000e+01 1.000000000000000000e+00 1.837288151622769872e-01
1.300000000000000000e+01 2.000000000000000000e+00 1.272167593370940597e-01
1.300000000000000000e+01 3.000000000000000000e+00 9.671551791880121651e-02
1.300000000000000000e+01 4.000000000000000000e+00 7.420987089043128149e-02
1.400000000000000000e+01 0.000000000000000000e+00 1.441313061085476854e-01
1.400000000000000000e+01 1.000000000000000000e+00 1.454936984332034777e-01
1.400000000000000000e+01 2.000000000000000000e+00 1.821266503402194925e-01
1.400000000000000000e+01 3.000000000000000000e+00 1.031939289452974140e-01
1.400000000000000000e+01 4.000000000000000000e+00 1.036060001747320658e-01
1.500000000000000000e+01 0.000000000000000000e+00 1.339805903049244018e-01
1.500000000000000000e+01 1.000000000000000000e+00 1.013239999243811112e-01
1.500000000000000000e+01 2.000000000000000000e+00 9.113770451327929401e-02
1.500000000000000000e+01 3.000000000000000000e+00 1.540453465605481354e-01
1.500000000000000000e+01 4.000000000000000000e+00 1.218681940072328662e-01
1.600000000000000000e+01 0.000000000000000000e+00 9.876427498438036801e-02
1.600000000000000000e+01 1.000000000000000000e+00 1.492722003407515874e-01
1.600000000000000000e+01 2.000000000000000000e+00 1.314333857744142964e-01
1.600000000000000000e+01 3.000000000000000000e+00 1.277143696216888336e-01
1.600000000000000000e+01 4.000000000000000000e+00 1.034601373287486331e-01
1.700000000000000000e+01 0.000000000000000000e+00 1.618263243143167052e-01
1.700000000000000000e+01 1.000000000000000000e+00 1.400702250888309630e-01
1.700000000000000000e+01 2.000000000000000000e+00 9.618232114558168677e-02
1.700000000000000000e+01 3.000000000000000000e+00 1.477762266643835865e-01
1.700000000000000000e+01 4.000000000000000000e+00 1.098510993947675735e-01
1.800000000000000000e+01 0.000000000000000000e+00 1.483109187130505491e-01
1.800000000000000000e+01 1.000000000000000000e+00 1.235056637637102217e-01
1.800000000000000000e+01 2.000000000000000000e+00 1.306947725145670425e-01
1.800000000000000000e+01 3.000000000000000000e+00 1.398801472664934487e-01
1.800000000000000000e+01 4.000000000000000000e+00 1.253994225604779800e-01
1.900000000000000000e+01 0.000000000000000000e+00 1.368634031108836580e-01
1.900000000000000000e+01 1.000000000000000000e+00 8.523172177517085446e-02
1.900000000000000000e+01 2.000000000000000000e+00 7.715764116159341823e-02
1.900000000000000000e+01 3.000000000000000000e+00 1.947696660096388532e-01
1.900000000000000000e+01 4.000000000000000000e+00 1.414120473339741391e-01
2.000000000000000000e+01 0.000000000000000000e+00 8.942574356275044545e-02
2.000000000000000000e+01 1.000000000000000000e+00 1.265152196538115725e-01
2.000000000000000000e+01 2.000000000000000000e+00 1.318434413044516917e-01
2.000000000000000000e+01 3.000000000000000000e+00 1.702808819720786626e-01
2.000000000000000000e+01 4.000000000000000000e+00 9.973682222070996695e-02
2.100000000000000000e+01 0.000000000000000000e+00 1.079353277566802438e-01
2.100000000000000000e+01 1.000000000000000000e+00 1.330692860665751986e-01
2.100000000000000000e+01 2.000000000000000000e+00 1.255544377184677485e-01
2.100000000000000000e+01 3.000000000000000000e+00 1.471623655873996184e-01
2.100000000000000000e+01 4.000000000000000000e+00 1.463183634389259302e-01
2.200000000000000000e+01 0.000000000000000000e+00 1.347139563115697103e-01
2.200000000000000000e+01 1.000000000000000000e+00 1.006653683150870310e-01
2.200000000000000000e+01 2.000000000000000000e+00 1.359896210749809986e-01
2.200000000000000000e+01 3.000000000000000000e+00 8.624322518525780190e-02
2.200000000000000000e+01 4.000000000000000000e+00 1.494160306067351951e-01
2.300000000000000000e+01 0.000000000000000000e+00 1.071748549413124862e-01
2.300000000000000000e+01 1.000000000000000000e+00 1.286193655414075709e-01
2.300000000000000000e+01 2.000000000000000000e+00 1.445357473023064498e-01
2.300000000000000000e+01 3.000000000000000000e+00 6.927438681856372404e-02
2.300000000000000000e+01 4.000000000000000000e+00 1.741119506206341427e-01
2.400000000000000000e+01 0.000000000000000000e+00 1.121707367101783398e-01
2.400000000000000000e+01 1.000000000000000000e+00 8.045619485555399741e-02
2.400000000000000000e+01 2.000000000000000000e+00 1.114580833497725298e-01
2.400000000000000000e+01 3.000000000000000000e+00 1.234210101905615503e-01
2.400000000000000000e+01 4.000000000000000000e+00 1.414469367251862397e-01
2.500000000000000000e+01 0.000000000000000000e+00 1.412300798648248035e-01
2.500000000000000000e+01 1.000000000000000000e+00 1.163266510531695969e-01
2.500000000000000000e+01 2.000000000000000000e+00 1.923754504799542464e-01
2.500000000000000000e+01 3.000000000000000000e+00 7.838764707755577210e-02
2.500000000000000000e+01 4.000000000000000000e+00 9.554985846298766350e-02
2.600000000000000000e+01 0.000000000000000000e+00 1.512498144017047352e-01
2.600000000000000000e+01 1.000000000000000000e+00 8.177059506470797656e-02
2.600000000000000000e+01 2.000000000000000000e+00 2.025605809535531709e-01
2.600000000000000000e+01 3.000000000000000000e+00 1.023395920703350642e-01
2.600000000000000000e+01 4.000000000000000000e+00 1.032594743595487002e-01
2.700000000000000000e+01 0.000000000000000000e+00 1.055796738003543928e-01
2.700000000000000000e+01 1.000000000000000000e+00 8.823212672540640955e-02
2.700000000000000000e+01 2.000000000000000000e+00 1.497063020334507555e-01
2.700000000000000000e+01 3.000000000000000000e+00 6.098815113981894548e-02
2.700000000000000000e+01 4.000000000000000000e+00 1.884548272914194356e-01
2.800000000000000000e+01 0.000000000000000000e+00 1.252294240362497590e-01
2.800000000000000000e+01 1.000000000000000000e+00 9.549120501403850214e-02
2.800000000000000000e+01 2.000000000000000000e+00 1.419955397247977258e-01
2.800000000000000000e+01 3.000000000000000000e+00 1.637597757372286633e-01
2.800000000000000000e+01 4.000000000000000000e+00 1.357662221383402756e-01
2.900000000000000000e+01 0.000000000000000000e+00 1.304252977355251919e-01
2.900000000000000000e+01 1.000000000000000000e+00 1.235345594284454757e-01
2.900000000000000000e+01 2.000000000000000000e+00 8.801893131309677931e-02
2.900000000000000000e+01 3.000000000000000000e+00 1.790649933368250180e-01
2.900000000000000000e+01 4.000000000000000000e+00 1.233701717699042938e-01
3.000000000000000000e+01 0.000000000000000000e+00 1.149301248587643598e-01
3.000000000000000000e+01 1.000000000000000000e+00 1.258136163132929086e-01
3.000000000000000000e+01 2.000000000000000000e+00 1.804044165138137257e-01
3.000000000000000000e+01 3.000000000000000000e+00 1.373033110380179334e-01
3.000000000000000000e+01 4.000000000000000000e+00 6.968254767700139685e-02
3.100000000000000000e+01 0.000000000000000000e+00 1.521553514855553402e-01
3.100000000000000000e+01 1.000000000000000000e+00 1.300788066628957296e-01
3.100000000000000000e+01 2.000000000000000000e+00 1.126863176810508627e-01
3.100000000000000000e+01 3.000000000000000000e+00 1.537122463983845999e-01
3.100000000000000000e+01 4.000000000000000000e+00 1.081393500708366789e-01
3.200000000000000000e+01 0.000000000000000000e+00 1.531260956367236081e-01
3.200000000000000000e+01 1.000000000000000000e+00 6.736495801048213161e-02
3.200000000000000000e+01 2.000000000000000000e+00 1.752969947604899603e-01
3.200000000000000000e+01 3.000000000000000000e+00 7.989664301417306880e-02
3.200000000000000000e+01 4.000000000000000000e+00 1.065638610672724057e-01
3.300000000000000000e+01 0.000000000000000000e+00 1.000865593517141494e-01
3.300000000000000000e+01 1.000000000000000000e+00 1.625799880143787568e-01
3.300000000000000000e+01 2.000000000000000000e+00 1.488945190942382868e-01
3.300000000000000000e+01 3.000000000000000000e+00 1.280046228693093868e-01
3.300000000000000000e+01 4.000000000000000000e+00 1.125562669410183764e-01
3.400000000000000000e+01 0.000000000000000000e+00 1.279710290799751515e-01
3.400000000000000000e+01 1.000000000000000000e+00 2.200216855337196742e-01
3.400000000000000000e+01 2.000000000000000000e+00 1.229367422103156415e-01
3.400000000000000000e+01 3.000000000000000000e+00 1.001899323082606208e-01
3.400000000000000000e+01 4.000000000000000000e+00 8.425999306670672873e-02
3.500000000000000000e+01 0.000000000000000000e+00 1.034759559185513683e-01
3.500000000000000000e+01 1.000000000000000000e+00 1.016743386852717590e-01
3.500000000000000000e+01 2.000000000000000000e+00 1.601084050350890797e-01
3.500000000000000000e+01 3.000000000000000000e+00 1.160119941601804178e-01
3.500000000000000000e+01 4.000000000000000000e+00 1.592605278957681947e-01
3.600000000000000000e+01 0.000000000000000000e+00 1.408188082558130827e-01
3.600000000000000000e+01 1.000000000000000000e+00 1.262756139586998505e-01
3.600000000000000000e+01 2.000000000000000000e+00 1.116556226966837484e-01
3.600000000000000000e+01 3.000000000000000000e+00 1.058985459667766832e-01
3.600000000000000000e+01 4.000000000000000000e+00 1.547913872804108637e-01
3.700000000000000000e+01 0.000000000000000000e+00 1.166584429698325071e-01
3.700000000000000000e+01 1.000000000000000000e+00 5.918978959876854129e-02
3.700000000000000000e+01 2.000000000000000000e+00 7.373547864290118381e-02
3.700000000000000000e+01 3.000000000000000000e+00 1.791554944590357246e-01
3.700000000000000000e+01 4.000000000000000000e+00 1.651838868548791139e-01
3.800000000000000000e+01 0.000000000000000000e+00 9.436313927655226586e-02
3.800000000000000000e+01 1.000000000000000000e+00 8.572504158573734934e-02
3.800000000000000000e+01 2.000000000000000000e+00 1.616564873178973349e-01
3.800000000000000000e+01 3.000000000000000000e+00 1.662949887834023754e-01
3.800000000000000000e+01 4.000000000000000000e+00 1.396832299450543047e-01
3.900000000000000000e+01 0.000000000000000000e+00 1.186346853392112877e-01
3.900000000000000000e+01 1.000000000000000000e+00 1.627663540253497243e-01
3.900000000000000000e+01 2.000000000000000000e+00 9.536675510972357495e-02
3.900000000000000000e+01 3.000000000000000000e+00 1.153526267725962784e-01
3.900000000000000000e+01 4.000000000000000000e+00 8.765621005472833127e-02
4.000000000000000000e+01 0.000000000000000000e+00 1.555162238971338484e-01
4.000000000000000000e+01 1.000000000000000000e+00 1.344411901689218924e-01
4.000000000000000000e+01 2.000000000000000000e+00 8.578090604623939130e-02
4.000000000000000000e+01 3.000000000000000000e+00 1.370526925536544038e-01
4.000000000000000000e+01 4.000000000000000000e+00 1.291925208026458716e-01
4.100000000000000000e+01 0.000000000000000000e+00 6.822239952226324955e-02
4.100000000000000000e+01 1.000000000000000000e+00 9.944078202228567864e-02
4.100000000000000000e+01 2.000000000000000000e+00 1.217207445100461916e-01
4.100000000000000000e+01 3.000000000000000000e+00 2.135612868323617242e-01
4.100000000000000000e+01 4.000000000000000000e+00 1.661236354187566877e-01
4.200000000000000000e+01 0.000000000000000000e+00 6.209847722082553062e-02
4.200000000000000000e+01 1.000000000000000000e+00 2.095571695781919819e-01
4.200000000000000000e+01 2.000000000000000000e+00 1.058969426276317738e-01
4.200000000000000000e+01 3.000000000000000000e+00 9.878722986360391478e-02
4.200000000000000000e+01 4.000000000000000000e+00 1.083601971823738852e-01
4.300000000000000000e+01 0.000000000000000000e+00 9.889782609260515389e-02
4.300000000000000000e+01 1.000000000000000000e+00 1.145695826764253911e-01
4.300000000000000000e+01 2.000000000000000000e+00 1.072705980783381086e-01
4.300000000000000000e+01 3.000000000000000000e+00 1.766166952589636185e-01
4.300000000000000000e+01 4.000000000000000000e+00 1.100181923542762064e-01
4.400000000000000000e+01 0.000000000000000000e+00 1.240276196797152758e-01
4.400000000000000000e+01 1.000000000000000000e+00 1.294188897504009172e-01
4.400000000000000000e+01 2.000000000000000000e+00 7.416385782580330044e-02
4.400000000000000000e+01 3.000000000000000000e+00 1.050470230680449618e-01
4.400000000000000000e+01 4.000000000000000000e+00 1.676002068776501486e-01
4.500000000000000000e+01 0.000000000000000000e+00 8.673457471546500153e-02
4.500000000000000000e+01 1.000000000000000000e+00 7.294547331722006644e-02
4.500000000000000000e+01 2.000000000000000000e+00 1.653051148294246708e-01
4.500000000000000000e+01 3.000000000000000000e+00 1.852610000129962797e-01
4.500000000000000000e+01 4.000000000000000000e+00 1.254712786182262396e-01
4.600000000000000000e+01 0.000000000000000000e+00 8.274438738449417519e-02
4.600000000000000000e+01 1.000000000000000000e+00 1.506055971632671575e-01
4.600000000000000000e+01 2.000000000000000000e+00 1.378604845285186509e-01
4.600000000000000000e+01 3.000000000000000000e+00 1.535695310906117217e-01
4.600000000000000000e+01 4.000000000000000000e+00 1.110090897479388689e-01
4.700000000000000000e+01 0.000000000000000000e+00 1.170412321479124690e-01
4.700000000000000000e+01 1.000000000000000000e+00 9.874205335495382652e-02
4.700000000000000000e+01 2.000000000000000000e+00 1.229487546788123054e-01
4.700000000000000000e+01 3.000000000000000000e+00 9.392622252224903934e-02
4.700000000000000000e+01 4.000000000000000000e+00 1.654656679598703883e-01
4.800000000000000000e+01 0.000000000000000000e+00 1.553996502031241012e-01
4.800000000000000000e+01 1.000000000000000000e+00 1.514295413621600805e-01
4.800000000000000000e+01 2.000000000000000000e+00 1.158268771049451584e-01
4.800000000000000000e+01 3.000000000000000000e+00 1.372450430235159224e-01
4.800000000000000000e+01 4.000000000000000000e+00 9.847878421771259771e-02
4.900000000000000000e+01 0.000000000000000000e+00 1.106910081111941724e-01
4.900000000000000000e+01 1.000000000000000000e+00 1.740119418630051151e-01
4.900000000000000000e+01 2.000000000000000000e+00 1.049369847149635021e-01
4.900000000000000000e+01 3.000000000000000000e+00 1.258642992803306049e-01
4.900000000000000000e+01 4.000000000000000000e+00 1.098624750205234452e-01
5.000000000000000000e+01 0.000000000000000000e+00 1.291212388224947660e-01
5.000000000000000000e+01 1.000000000000000000e+00 1.290269992089746742e-01
5.000000000000000000e+01 2.000000000000000000e+00 6.517490894925644096e-02
5.000000000000000000e+01 3.000000000000000000e+00 1.317227382618960385e-01
5.000000000000000000e+01 4.000000000000000000e+00 1.323985411921091981e-01
5.100000000000000000e+01 0.000000000000000000e+00 1.099172116558223417e-01
5.100000000000000000e+01 1.000000000000000000e+00 1.612264499217607450e-01
5.100000000000000000e+01 2.000000000000000000e+00 1.002287543573086720e-01
5.100000000000000000e+01 3.000000000000000000e+00 1.559548033220590768e-01
5.100000000000000000e+01 4.000000000000000000e+00 1.519308190128516312e-01
5.200000000000000000e+01 0.000000000000000000e+00 8.698174052533333422e-02
5.200000000000000000e+01 1.000000000000000000e+00 8.067496835355117413e-02
5.200000000000000000e+01 2.000000000000000000e+00 1.573079883528069323e-01
5.200000000000000000e+01 3.000000000000000000e+00 1.317007492682868985e-01
5.200000000000000000e+01 4.000000000000000000e+00 1.103651327540536436e-01
5.300000000000000000e+01 0.000000000000000000e+00 1.871694028373499796e-01
5.300000000000000000e+01 1.000000000000000000e+00 1.642341434933919930e-01
5.300000000000000000e+01 2.000000000000000000e+00 1.209398634173329684e-01
5.300000000000000000e+01 3.000000000000000000e+00 9.479565388013330707e-02
5.300000000000000000e+01 4.000000000000000000e+00 9.962629796385610859e-02
5.400000000000000000e+01 0.000000000000000000e+00 1.370970126957034851e-01
5.400000000000000000e+01 1.000000000000000000e+00 9.400025187561958373e-02
5.400000000000000000e+01 2.000000000000000000e+00 1.617408240517220763e-01
5.400000000000000000e+01 3.000000000000000000e+00 1.456494902007678949e-01
5.400000000000000000e+01 4.000000000000000000e+00 1.203802886638073860e-01
5.500000000000000000e+01 0.000000000000000000e+00 1.337630571681122371e-01
5.500000000000000000e+01 1.000000000000000000e+00 1.383120164944286190e-01
5.500000000000000000e+01 2.000000000000000000e+00 9.368075829442842895e-02
5.500000000000000000e+01 3.000000000000000000e+00 1.566501789068034667e-01
5.500000000000000000e+01 4.000000000000000000e+00 1.313560511043898593e-01
5.600000000000000000e+01 0.000000000000000000e+00 1.545052740196362628e-01
5.600000000000000000e+01 1.000000000000000000e+00 1.037144564438043093e-01
5.600000000000000000e+01 2.000000000000000000e+00 1.298570078944298600e-01
5.600000000000000000e+01 3.000000000000000000e+00 9.263714338546395755e-02
5.600000000000000000e+01 4.000000000000000000e+00 1.497311051408337090e-01
5.700000000000000000e+01 0.000000000000000000e+00 1.523732405901775389e-01
5.700000000000000000e+01 1.000000000000000000e+00 1.846438924122574265e-01
5.700000000000000000e+01 2.000000000000000000e+00 1.039401361297486032e-01
5.700000000000000000e+01 3.000000000000000000e+00 1.252504665322852762e-01
5.700000000000000000e+01 4.000000000000000000e+00 9.292817825174086444e-02
5.800000000000000000e+01 0.000000000000000000e+00 1.893939220319463268e-01
5.800000000000000000e+01 1.000000000000000000e+00 1.251016360826939511e-01
5.800000000000000000e+01 2.000000000000000000e+00 1.524684346123257317e-01
5.800000000000000000e+01 3.000000000000000000e+00 1.259364145796600942e-01
5.800000000000000000e+01 4.000000000000000000e+00 8.271135653327210679e-02
5.900000000000000000e+01 0.000000000000000000e+00 1.151632786479490911e-01
5.900000000000000000e+01 1.000000000000000000e+00 1.864397502945260576e-01
5.900000000000000000e+01 2.000000000000000000e+00 1.460964145959300076e-01
5.900000000000000000e+01 3.000000000000000000e+00 1.086083847969586541e-01
5.900000000000000000e+01 4.000000000000000000e+00 7.799673811803826962e-02
6.000000000000000000e+01 0.000000000000000000e+00 1.675381875093180650e-01
6.000000000000000000e+01 1.000000000000000000e+00 1.787905544634857957e-01
6.000000000000000000e+01 2.000000000000000000e+00 1.124352350331848521e-01
6.000000000000000000e+01 3.000000000000000000e+00 1.140160508027290576e-01
6.000000000000000000e+01 4.000000000000000000e+00 8.033256231761914945e-02
6.100000000000000000e+01 0.000000000000000000e+00 1.137084098322067582e-01
6.100000000000000000e+01 1.000000000000000000e+00 1.101849765443770474e-01
6.100000000000000000e+01 2.000000000000000000e+00 1.719254096608760218e-01
6.100000000000000000e+01 3.000000000000000000e+00 1.240507052602700666e-01
6.100000000000000000e+01 4.000000000000000000e+00 1.270451656240085270e-01
6.200000000000000000e+01 0.000000000000000000e+00 1.528971199112038326e-01
6.200000000000000000e+01 1.000000000000000000e+00 1.409542632324210232e-01
6.200000000000000000e+01 2.000000000000000000e+00 5.673700589700025887e-02
6.200000000000000000e+01 3.000000000000000000e+00 1.671549776283016986e-01
6.200000000000000000e+01 4.000000000000000000e+00 1.294394596164384348e-01
6.300000000000000000e+01 0.000000000000000000e+00 1.043222111820176767e-01
6.300000000000000000e+01 1.000000000000000000e+00 1.371259466682972772e-01
6.300000000000000000e+01 2.000000000000000000e+00 1.122287855529444794e-01
6.300000000000000000e+01 3.000000000000000000e+00 9.730497021177610117e-02
6.300000000000000000e+01 4.000000000000000000e+00 1.478011947301751672e-01
6.400000000000000000e+01 0.000000000000000000e+00 1.353259413635913011e-01
6.400000000000000000e+01 1.000000000000000000e+00 1.129447599293953580e-01
6.400000000000000000e+01 2.000000000000000000e+00 1.154596206215412202e-01
6.400000000000000000e+01 3.000000000000000000e+00 1.493779587553584476e-01
6.400000000000000000e+01 4.000000000000000000e+00 1.140528276487323550e-01
6.500000000000000000e+01 0.000000000000000000e+00 1.467124886955619989e-01
6.500000000000000000e+01 1.000000000000000000e+00 1.094343559357010970e-01
6.500000000000000000e+01 2.000000000000000000e+00 1.361762125111940225e-01
6.500000000000000000e+01 3.000000000000000000e+00 1.133765497902576164e-01
6.500000000000000000e+01 4.000000000000000000e+00 1.288234102479962617e-01
6.600000000000000000e+01 0.000000000000000000e+00 1.119194543233854727e-01
6.600000000000000000e+01 1.000000000000000000e+00 9.891911433538985721e-02
6.600000000000000000e+01 2.000000000000000000e+00 1.703007894985039683e-01
6.600000000000000000e+01 3.000000000000000000e+00 1.175668481457943504e-01
6.600000000000000000e+01 4.000000000000000000e+00 1.538685692419776707e-01
6.700000000000000000e+01 0.000000000000000000e+00 1.154669299899506174e-01
6.700000000000000000e+01 1.000000000000000000e+00 1.071102910070207970e-01
6.700000000000000000e+01 2.000000000000000000e+00 1.031819203461969980e-01
6.700000000000000000e+01 3.000000000000000000e+00 1.663814305247565128e-01
6.700000000000000000e+01 4.000000000000000000e+00 1.308853115059747663e-01
6.800000000000000000e+01 0.000000000000000000e+00 1.323406875518875481e-01
6.800000000000000000e+01 1.000000000000000000e+00 1.095584347981472528e-01
6.800000000000000000e+01 2.000000000000000000e+00 1.468821497042090141e-01
6.800000000000000000e+01 3.000000000000000000e+00 1.489491819562070440e-01
6.800000000000000000e+01 4.000000000000000000e+00 1.152423691906760417e-01
6.900000000000000000e+01 0.000000000000000000e+00 1.305720745469442501e-01
6.900000000000000000e+01 1.000000000000000000e+00 1.419064230427353746e-01
6.900000000000000000e+01 2.000000000000000000e+00 1.349277571246114416e-01
6.900000000000000000e+01 3.000000000000000000e+00 8.504931156348373433e-02
6.900000000000000000e+01 4.000000000000000000e+00 1.721076100035897616e-01
7.000000000000000000e+01 0.000000000000000000e+00 9.773840000018779728e-02
7.000000000000000000e+01 1.000000000000000000e+00 1.093062478476211213e-01
7.000000000000000000e+01 2.000000000000000000e+00 1.445793602936828459e-01
7.000000000000000000e+01 3.000000000000000000e+00 1.450439616725793246e-01
7.000000000000000000e+01 4.000000000000000000e+00 1.029040680636697791e-01
7.100000000000000000e+01 0.000000000000000000e+00 1.499560594554541493e-01
7.100000000000000000e+01 1.000000000000000000e+00 1.756151832050999728e-01
7.100000000000000000e+01 2.000000000000000000e+00 9.910088177353977568e-02
7.100000000000000000e+01 3.000000000000000000e+00 1.081550593544920585e-01
7.100000000000000000e+01 4.000000000000000000e+00 1.287795829614317988e-01
7.200000000000000000e+01 0.000000000000000000e+00 1.061316809850111204e-01
7.200000000000000000e+01 1.000000000000000000e+00 1.181454202493541633e-01
7.200000000000000000e+01 2.000000000000000000e+00 1.198541739712814386e-01
7.200000000000000000e+01 3.000000000000000000e+00 1.053996731099179351e-01
7.200000000000000000e+01 4.000000000000000000e+00 1.221898946997993507e-01
7.300000000000000000e+01 0.000000000000000000e+00 1.385375429672818792e-01
7.300000000000000000e+01 1.000000000000000000e+00 1.354265509130158363e-01
7.300000000000000000e+01 2.000000000000000000e+00 1.066784521661745533e-01
7.300000000000000000e+01 3.000000000000000000e+00 1.784642733726651831e-01
7.300000000000000000e+01 4.000000000000000000e+00 8.688393326221986734e-02
7.400000000000000000e+01 0.000000000000000000e+00 1.762730510376716020e-01
7.400000000000000000e+01 1.000000000000000000e+00 1.019840908285652992e-01
7.400000000000000000e+01 2.000000000000000000e+00 7.964883570554935621e-02
7.400000000000000000e+01 3.000000000000000000e+00 1.552539422650406897e-01
7.400000000000000000e+01 4.000000000000000000e+00 1.692293819951393719e-01
7.500000000000000000e+01 0.000000000000000000e+00 1.647703257369672603e-01
7.500000000000000000e+01 1.000000000000000000e+00 1.588501658790965054e-01
7.500000000000000000e+01 2.000000000000000000e+00 1.149874534113548979e-01
7.500000000000000000e+01 3.000000000000000000e+00 1.186551525656344974e-01
7.500000000000000000e+01 4.000000000000000000e+00 1.086192334784646246e-01
7.600000000000000000e+01 0.000000000000000000e+00 1.783046373840229959e-01
7.600000000000000000e+01 1.000000000000000000e+00 1.488361201821017665e-01
7.600000000000000000e+01 2.000000000000000000e+00 1.278302230087177693e-01
7.600000000000000000e+01 3.000000000000000000e+00 7.688288128055072168e-02
7.600000000000000000e+01 4.000000000000000000e+00 8.555890483306870242e-02
7.700000000000000000e+01 0.000000000000000000e+00 1.227194483311318945e-01
7.700000000000000000e+01 1.000000000000000000e+00 1.497717998863031530e-01
7.700000000000000000e+01 2.000000000000000000e+00 1.321259980745900231e-01
7.700000000000000000e+01 3.000000000000000000e+00 1.041449287243804006e-01
7.700000000000000000e+01 4.000000000000000000e+00 1.331915943415171999e-01
7.800000000000000000e+01 0.000000000000000000e+00 1.329516969774842128e-01
7.800000000000000000e+01 1.000000000000000000e+00 1.172376447089406165e-01
7.800000000000000000e+01 2.000000000000000000e+00 1.014048378899014419e-01
7.800000000000000000e+01 3.000000000000000000e+00 1.426215679139578307e-01
7.800000000000000000e+01 4.000000000000000000e+00 1.123230961194061905e-01
7.900000000000000000e+01 0.000000000000000000e+00 8.506169300710636483e-02
7.900000000000000000e+01 1.000000000000000000e+00 1.747032339890971786e-01
7.900000000000000000e+01 2.000000000000000000e+00 1.437342331955608621e-01
7.900000000000000000e+01 3.000000000000000000e+00 1.045187054330430493e-01
7.900000000000000000e+01 4.000000000000000000e+00 1.076158730234107186e-01
8.000000000000000000e+01 0.000000000000000000e+00 1.483954169392978639e-01
8.000000000000000000e+01 1.000000000000000000e+00 1.382343189765777580e-01
8.000000000000000000e+01 2.000000000000000000e+00 1.438957530985100486e-01
8.000000000000000000e+01 3.000000000000000000e+00 1.359754174167617236e-01
8.000000000000000000e+01 4.000000000000000000e+00 1.029366164637472159e-01
8.100000000000000000e+01 0.000000000000000000e+00 1.182489587608793885e-01
8.100000000000000000e+01 1.000000000000000000e+00 1.090861405195623773e-01
8.100000000000000000e+01 2.000000000000000000e+00 1.329644339678532905e-01
8.100000000000000000e+01 3.000000000000000000e+00 1.273172252557747408e-01
8.100000000000000000e+01 4.000000000000000000e+00 1.401826978968035153e-01
8.200000000000000000e+01 0.000000000000000000e+00 1.307556086414805030e-01
8.200000000000000000e+01 1.000000000000000000e+00 9.596248409788923905e-02
8.200000000000000000e+01 2.000000000000000000e+00 7.026205925330016033e-02
8.200000000000000000e+01 3.000000000000000000e+00 1.787022027754379128e-01
8.200000000000000000e+01 4.000000000000000000e+00 1.767343383379634814e-01
8.300000000000000000e+01 0.000000000000000000e+00 1.462860304242584175e-01
8.300000000000000000e+01 1.000000000000000000e+00 7.812702739932385343e-02
8.300000000000000000e+01 2.000000000000000000e+00 1.410213997694935995e-01
8.300000000000000000e+01 3.000000000000000000e+00 8.657465269616675119e-02
8.300000000000000000e+01 4.000000000000000000e+00 1.601437492184980271e-01
8.400000000000000000e+01 0.000000000000000000e+00 1.264578832621557070e-01
8.400000000000000000e+01 1.000000000000000000e+00 1.421700817683512197e-01
8.400000000000000000e+01 2.000000000000000000e+00 1.750484788948439840e-01
8.400000000000000000e+01 3.000000000000000000e+00 1.043479460584433999e-01
8.400000000000000000e+01 4.000000000000000000e+00 7.985709331778328979e-02
8.500000000000000000e+01 0.000000000000000000e+00 1.646443469616771516e-01
8.500000000000000000e+01 1.000000000000000000e+00 1.173477077957400250e-01
8.500000000000000000e+01 2.000000000000000000e+00 1.498688385789056221e-01
8.500000000000000000e+01 3.000000000000000000e+00 9.030432864939182125e-02
8.500000000000000000e+01 4.000000000000000000e+00 1.259160300220498463e-01
8.600000000000000000e+01 0.000000000000000000e+00 1.434836919828259005e-01
8.600000000000000000e+01 1.000000000000000000e+00 9.309762871933077721e-02
8.600000000000000000e+01 2.000000000000000000e+00 1.288442567211824930e-01
8.600000000000000000e+01 3.000000000000000000e+00 1.705790138560225322e-01
8.600000000000000000e+01 4.000000000000000000e+00 8.637308002439389454e-02
8.700000000000000000e+01 0.000000000000000000e+00 1.185335400261660621e-01
8.700000000000000000e+01 1.000000000000000000e+00 1.321817574925314986e-01
8.700000000000000000e+01 2.000000000000000000e+00 1.281663408400120774e-01
8.700000000000000000e+01 3.000000000000000000e+00 1.279709375881093181e-01
8.700000000000000000e+01 4.000000000000000000e+00 8.644499639220072640e-02
8.800000000000000000e+01 0.000000000000000000e+00 1.612976860040058191e-01
8.800000000000000000e+01 1.000000000000000000e+00 1.144785182142884633e-01
8.800000000000000000e+01 2.000000000000000000e+00 1.373647020342154412e-01
8.800000000000000000e+01 3.000000000000000000e+00 1.148133022383714258e-01
8.800000000000000000e+01 4.000000000000000000e+00 1.453408170150407297e-01
8.900000000000000000e+01 0.000000000000000000e+00 1.077640299344779368e-01
8.900000000000000000e+01 1.000000000000000000e+00 1.144928478823980939e-01
8.900000000000000000e+01 2.000000000000000000e+00 1.406057230452271711e-01
8.900000000000000000e+01 3.000000000000000000e+00 1.464603287516249297e-01
8.900000000000000000e+01 4.000000000000000000e+00 1.410025579539981311e-01
9.000000000000000000e+01 0.000000000000000000e+00 2.286256757583620958e-01
9.000000000000000000e+01 1.000000000000000000e+00 1.216277269658933569e-01
9.000000000000000000e+01 2.000000000000000000e+00 1.203555245217430014e-01
9.000000000000000000e+01 3.000000000000000000e+00 7.889298442924010113e-02
9.000000000000000000e+01 4.000000000000000000e+00 7.431204242585988384e-02
9.100000000000000000e+01 0.000000000000000000e+00 1.201608754966034254e-01
9.100000000000000000e+01 1.000000000000000000e+00 1.243797976235871960e-01
9.100000000000000000e+01 2.000000000000000000e+00 1.228841341683551414e-01
9.100000000000000000e+01 3.000000000000000000e+00 9.906082057431507548e-02
9.100000000000000000e+01 4.000000000000000000e+00 1.260288686866480601e-01
9.200000000000000000e+01 0.000000000000000000e+00 1.517707547154751313e-01
9.200000000000000000e+01 1.000000000000000000e+00 1.435766450704093200e-01
9.200000000000000000e+01 2.000000000000000000e+00 1.118939241844060656e-01
9.200000000000000000e+01 3.000000000000000000e+00 1.251550826731766819e-01
9.200000000000000000e+01 4.000000000000000000e+00 1.000365259084032982e-01
9.300000000000000000e+01 0.000000000000000000e+00 1.556690486111627081e-01
9.300000000000000000e+01 1.000000000000000000e+00 6.530693783059927926e-02
9.300000000000000000e+01 2.000000000000000000e+00 1.297563777652112338e-01
9.300000000000000000e+01 3.000000000000000000e+00 1.174328150250927433e-01
9.300000000000000000e+01 4.000000000000000000e+00 1.282116253038230180e-01
9.400000000000000000e+01 0.000000000000000000e+00 1.142875852126683522e-01
9.400000000000000000e+01 1.000000000000000000e+00 8.063324042054204055e-02
9.400000000000000000e+01 2.000000000000000000e+00 7.062233589093067088e-02
9.400000000000000000e+01 3.000000000000000000e+00 2.048291065786906340e-01
9.400000000000000000e+01 4.000000000000000000e+00 1.438787999785087479e-01
9.500000000000000000e+01 0.000000000000000000e+00 1.684444859281366003e-01
9.500000000000000000e+01 1.000000000000000000e+00 1.407296321931113259e-01
9.500000000000000000e+01 2.000000000000000000e+00 1.619955381695646901e-01
9.500000000000000000e+01 3.000000000000000000e+00 1.251725962922266289e-01
9.500000000000000000e+01 4.000000000000000000e+00 8.384040441386526876e-02
9.600000000000000000e+01 0.000000000000000000e+00 1.486199633623387084e-01
9.600000000000000000e+01 1.000000000000000000e+00 1.274887059439615555e-01
9.600000000000000000e+01 2.000000000000000000e+00 1.302679283446519787e-01
9.600000000000000000e+01 3.000000000000000000e+00 1.425073181407733036e-01
9.600000000000000000e+01 4.000000000000000000e+00 7.891027479312108517e-02
9.700000000000000000e+01 0.000000000000000000e+00 2.094009309599320356e-01
9.700000000000000000e+01 1.000000000000000000e+00 9.664133121015829053e-02
9.700000000000000000e+01 2.000000000000000000e+00 9.113385029534354365e-02
9.700000000000000000e+01 3.000000000000000000e+00 1.203737124167651301e-01
9.700000000000000000e+01 4.000000000000000000e+00 1.504135625805125553e-01
9.800000000000000000e+01 0.000000000000000000e+00 1.454894192047481716e-01
9.800000000000000000e+01 1.000000000000000000e+00 1.508780216791889839e-01
9.800000000000000000e+01 2.000000000000000000e+00 1.177875097967706064e-01
9.800000000000000000e+01 3.000000000000000000e+00 1.069701355349603894e-01
9.800000000000000000e+01 4.000000000000000000e+00 7.796930222584647074e-02
9.900000000000000000e+01 0.000000000000000000e+00 1.183570241406121659e-01
9.900000000000000000e+01 1.000000000000000000e+00 1.175925889190962415e-01
9.900000000000000000e+01 2.000000000000000000e+00 1.537346733391203035e-01
9.900000000000000000e+01 3.000000000000000000e+00 1.567942305725747998e-01
9.900000000000000000e+01 4.000000000000000000e+00 1.259939576482641821e-01
