5.222631518036555676e-01 -1.354202167137586732e-01
2.677684755139274619e-01 -3.390722995908538873e-01
1.273561572062855514e-04 9.440441259365346953e-05
4.169081466594551832e-05 9.166751316964625066e-05
9.086235089693712921e-05 4.264981854196092133e-05
-5.231206431030461790e-01 8.118894883355751713e-01
9.634272380472288511e-01 -4.823009982665993900e-01
7.290281154835022372e-05 3.436174290608031356e-05
9.753381365230357608e-05 7.728515834704291888e-05
4.412692558495031614e-01 -3.839736904607852774e-01
4.319802971361938449e-05 3.752664740327442861e-05
1.532812979585378187e-04 9.106110000114900490e-05
2.172166467148392281e-05 3.573446628269661102e-05
5.506530486332251610e-05 2.800546966307490435e-05
7.494657792157003947e-05 4.600778846939138913e-05
1.522637903523514115e-04 8.873573638829812776e-05
-2.729041852003184498e-01 4.010497758359877762e-01
9.634734439017699794e-05 5.710544105215475534e-05
4.839772146619123009e-05 5.343266388932317422e-05
5.473193654801685737e-01 -4.208880987119267281e-01
6.658452057881831809e-01 -6.325576005137184543e-01
1.197386721200730555e-04 5.542332600745390303e-05
7.472284158709908920e-05 5.587711788185609180e-05
4.262614711612178328e-05 6.631887089977941431e-05
-1.363904544239850913e-01 5.331929145397925618e-01
-3.006626345959182434e-01 6.768451145762061083e-01
1.238192254471268160e-04 8.884691269183674924e-05
9.933801498109987363e-05 2.881272598456190693e-05
1.088664593038940693e-05 4.134807398256383384e-05
8.089135335958381745e-01 -6.675005455310297764e-01
3.466733875543655334e-06 -2.095651402142940500e-05
3.578778526185645292e-01 -2.765626177181731427e-01
6.892254905306592660e-05 3.787064273221008704e-05
4.557448290826290535e-05 5.108007942695355202e-05
1.979516466240856861e-04 1.750030229624354111e-04
4.644414613728934382e-01 -2.923444874866988341e-01
1.194024539235349018e-04 4.790217501090209516e-05
1.341507915664374594e-04 9.419604522964021413e-05
-4.128778946636106895e-01 6.031024709444486875e-01
3.835940190918966838e-05 1.139433729353932872e-05
2.856353269536270334e-01 -3.213543561819303673e-01
5.739018047450578086e-01 -2.458141688747170484e-01
1.286035526658524289e-04 1.140338893791014634e-04
-1.060217293478346590e-02 2.047312500313519246e-01
8.906503746908526369e-05 7.195911510544074287e-05
9.452662051072678118e-05 1.164543005905531063e-04
7.057184866187371215e-05 2.742306890858239057e-05
5.562445453907024495e-01 -3.397036018483646225e-01
3.775321072091873953e-01 -3.048137176687247263e-01
7.711780872278683151e-05 8.664508421925896204e-05
1.469620840737791547e-04 1.576534027635521950e-04
4.629907109311859892e-01 -2.965344684181536183e-01
6.589108041420782753e-05 2.146051449344122257e-05
1.093427056678929595e-04 8.923600885466133207e-05
-3.240651278266299182e-05 -4.046821931226197424e-05
1.018542143833501743e-04 4.890865620605855326e-05
1.073987728808781570e-04 1.389403331567350228e-04
5.361167577338531443e-01 -3.423057606495323868e-01
6.008534683914401240e-05 6.440443181203836821e-06
1.964471680847556593e-05 3.248282514332940808e-05
1.051130996202523631e-04 6.178737832593360639e-05
3.227584593730591922e-01 8.629978240270270995e-02
7.648068099543751713e-05 5.388967066594186153e-05
3.072184706178620606e-01 -1.386126456777427574e-01
3.508038513961615209e-05 3.838897748454770975e-05
8.305588655492126919e-05 1.153778275077313003e-04
9.337384208817653963e-01 -6.728870619632041361e-01
4.986201081149031181e-05 4.332152211083932508e-05
2.803811100920051980e-02 4.748230140758925577e-01
5.176010455707299451e-01 -4.884805312078288608e-01
5.302376241734169983e-05 2.686413104579965148e-05
1.098406519027688192e-04 6.668546513591944820e-05
-4.915457837886204872e-06 -2.509369912720676486e-05
5.611950238401220792e-05 4.742837909541530435e-05
1.331895901927752956e-04 1.144313574429347777e-04
-3.636451256667142499e-05 -1.773822991446972439e-05
-2.806405597114436934e-01 5.139368296218408405e-01
9.751386078944493103e-05 4.544459265492570543e-05
9.032492051328110394e-01 -5.103259738433851833e-01
1.481371277234343491e-04 1.142367921553974117e-04
7.669971344786421456e-05 3.143790502086339016e-05
4.429483148731740982e-01 -3.620922109174403158e-01
2.811512780795691698e-05 2.926414836852679098e-05
2.176598120543229153e-01 5.577068759426109246e-01
6.611439848236526633e-05 -1.194838119076697688e-05
6.414584731204922008e-01 -2.779720094021281840e-01
1.124083914493860471e-04 9.079503011805327493e-05
6.828767498214785014e-01 -4.795326223922785625e-01
7.975602372497652554e-03 3.296242681150414744e-01
1.857799418959240535e-05 4.490895670549756302e-05
8.226573961986773759e-05 6.466815139380997573e-05
1.132282569911751200e-04 6.444411443652299672e-05
3.192549998079391438e-01 -3.661060509238400207e-01
4.640964070521056822e-05 7.866227304919570762e-05
8.750521681201697192e-05 5.388083125159202013e-05
6.474097051577743704e-05 4.375304339790231622e-05
1.021396376006619981e-04 1.178440655698544695e-04
6.744855525977950794e-01 -3.326105496787347682e-01
5.551437568614798010e-05 3.544000557552602263e-05
3.151451819822264402e-05 7.082465159528805090e-06
4.949871007244509654e-05 5.194234005752356782e-05
4.099069586964934064e-01 -3.114518671940025851e-01
7.986655781910463896e-05 9.143286407242018354e-05
9.487308022444306682e-05 5.304886689214813778e-05
7.219445313656945259e-05 4.032846768838388793e-05
5.943459597592181878e-05 6.491483288438356790e-05
5.359504767343001384e-05 2.402686648975230435e-05
7.666238521650127202e-01 1.285868074707449682e-02
3.984005769927788940e-05 7.692444790040735302e-05
4.930652828083192940e-01 -5.623577090899531949e-01
-1.630318074234546604e-06 2.366888108293548041e-05
4.741295364939698549e-05 2.577374663534704984e-05
7.474353241088630417e-01 -5.481147308488268921e-01
1.045548371754772730e-04 6.877417021858697667e-05
1.198779309691058330e-04 1.328773972101592905e-04
7.770474978190283798e-05 4.784924740850532638e-05
1.211770552824776876e-04 9.021815013510967604e-05
2.445077850814542214e-05 3.920148547572409434e-05
6.328870838668609661e-05 6.776851457071449451e-05
6.727734866877067565e-01 -5.206010191104342155e-01
1.001728309172469434e-04 2.126758099238644858e-05
1.224817488454009668e-04 6.064289026252683807e-05
8.704722197622035893e-05 1.133673214452655205e-04
2.859703292898141470e-05 6.620685407713193367e-06
3.271604709461467125e-06 3.315739171792616349e-05
7.242290006435424374e-05 3.905000877117835066e-05
1.082756829703652556e-04 9.315371672718669531e-05
6.438354175959514890e-05 5.566765281848125996e-05
4.455571151393408813e-07 8.595814066479221517e-06
6.494007442218550086e-01 -2.857042242208595040e-01
4.508995077800628776e-05 2.243561019342033247e-05
7.775036298217744557e-01 -1.860052585130591574e-01
4.443739176723254808e-05 4.046379287854746048e-05
2.054434218912839369e-05 1.379264705638923059e-05
7.256919358699176481e-02 5.715761743545816342e-02
6.264552527345748079e-01 -4.024614622436519795e-01
6.574861512048751314e-05 5.047163025701014713e-05
4.224280211118753518e-05 8.337410841228872369e-06
1.212890770659033791e-04 1.195637958964141702e-04
4.250278292839944019e-05 4.176132568731994295e-05
-3.406901429907751170e-06 -1.699703380994117155e-05
1.541070766604120748e-04 1.321475683161455210e-04
1.755967023303813565e-04 1.407988764859690657e-04
4.608265411809548762e-05 2.798212148981276163e-05
-2.517983354001509413e-05 -5.031329993876796611e-05
-2.473807699894990271e-05 -1.650638076164969210e-05
4.253862375551355386e-05 5.430931731172627659e-05
3.185104361124695971e-01 5.994939100725048264e-02
1.417532305603675876e-04 7.490055456175698039e-05
7.530746529606672048e-05 5.284094452249404677e-05
4.516743121390956705e-05 4.574239792233605612e-05
5.643433489498480560e-01 -2.703154057386499831e-01
4.136070848890045976e-04 1.889385084452836483e-01
6.598869122470040827e-05 3.432363191049132340e-05
1.236655175370621586e-04 6.476567172175710940e-05
8.293524603715875015e-05 6.195609136199850694e-05
1.301873229896390006e-04 4.423252142663219747e-05
1.003338740624527359e-04 4.407675386098089241e-05
4.237798998940430813e-05 2.806083605704821709e-05
-3.878310861016267541e-01 5.524900868685844735e-01
2.331620654974839724e-01 -1.806138262874876221e-01
8.939183035679971578e-05 8.070889297432911128e-05
1.318059370288571241e-04 1.037021101839806774e-04
5.871995279195344630e-05 7.904912949987851089e-06
4.841340849790084187e-05 4.054834103415413520e-05
7.982364482159215642e-05 6.715128947258324084e-05
7.191922277316108397e-05 7.846758321703546299e-05
1.171034503322049779e-04 9.346407466060637664e-05
-3.636294506595062244e-05 -6.270449122608849216e-06
9.563806082843355760e-01 -6.531908843720716229e-01
1.195461245699643361e-05 7.264537509427698866e-05
-3.754585646212582652e-06 -3.334810042484363205e-05
7.285040072066866212e-01 -2.582897194171129285e-01
1.602640488973772995e-04 7.703762996155423624e-05
6.472153146888789347e-05 6.683994626852218638e-05
-5.483787511837961981e-01 3.297770910080672357e-01
5.667075213936956235e-01 -5.427565124090494297e-01
1.272994109787876384e-04 1.395696062601939076e-04
1.323821590862392524e-04 1.136630967032828317e-04
8.053353703783880935e-01 -4.464078935336495690e-01
2.098303023552703595e-05 3.375354632669379809e-05
7.486478731102449991e-02 1.264579930136801658e-02
7.681276851452790392e-05 9.400017857264176191e-05
1.200518895461803612e-04 7.069989783846680374e-05
4.059013574966022697e-05 1.548786708433605609e-05
6.829594862344020578e-01 -3.416880562010688460e-01
1.410806482971357532e-04 1.201833653138830506e-04
7.994073374464673060e-05 6.701890764361102793e-05
-2.514278146313721485e-01 2.119103843475470261e-01
3.716858041042450100e-01 -2.448485323192634844e-01
7.532852538100074302e-05 5.499615113674659789e-05
-1.458791473682565448e-05 -4.833896688687318207e-05
6.244094997574793280e-05 9.859659043608753003e-05
1.777722147662601194e-04 8.273628915953338289e-05
5.327823429827630361e-05 4.727594715458907046e-05
9.656303701994736199e-01 -8.626717521648747944e-01
-2.408919975319075146e-01 4.525392691468856365e-01
1.217849558212725245e-04 1.330194414428801698e-04
5.660302071700662463e-01 -2.224968929761367009e-01
4.640677750500527969e-05 4.689304325275077992e-05
1.418768233259271375e-04 9.761557908325193785e-05
2.243141515347488180e-01 -1.863547188828276399e-02
-2.308967373501062295e-06 2.894998853435559283e-05
5.409499070077319338e-01 -3.061135394732824588e-01
5.981494615064896490e-05 5.576815260074543385e-05
4.835314383234355675e-06 1.110703913899375685e-05
1.677534045544729611e-04 1.203075690193576591e-04
1.072205528183679937e-04 8.489088705866551727e-05
6.858888513558933657e-05 4.524516632431641879e-05
-5.873475560002398834e-06 -2.118390096546799646e-05
3.890391280131027629e-05 4.655134996414308899e-05
8.948138134645916564e-01 -8.223673701265640235e-01
1.083344758905035278e-04 9.844382218850431041e-05
6.958290315111034818e-05 5.248753060764859931e-05
6.166614487224740646e-05 7.865848850698209025e-05
-4.253333128513493988e-01 2.549997825778951288e-01
7.464543373295309185e-05 6.136612288102251801e-05
1.152944415853020813e-04 1.020345737512333651e-04
7.069235037453102111e-01 -5.273424581400418809e-01
1.389840430032424697e-04 9.043484145174627491e-05
1.666448497459499815e-04 1.317136846311546560e-04
-8.566590330630084738e-02 2.104444141787293887e-01
8.331130622788610952e-05 9.200736684710999645e-05
2.817006574530694061e-05 -4.666690550227754835e-06
6.214579780914163409e-01 -4.635132420802102193e-01
7.085505571687776517e-05 4.629113004801885012e-05
3.108819504244433776e-05 3.795465888586765566e-05
8.151825696578384405e-05 6.328124525008152045e-05
5.315515246436391679e-05 4.526458958106421236e-05
1.146457521464489893e-04 4.558700105040102026e-05
5.064290961566072502e-01 -1.856744677813794708e-01
1.787539244403419652e-05 4.253248083293510714e-06
7.515549687931557317e-05 6.378281886145549702e-05
1.196050448212562350e-04 9.021357163225730163e-05
6.154374235396636102e-05 4.593877408343449042e-05
8.338500843927103556e-01 -5.797836463639867155e-01
1.142900262866477227e-04 7.534823006170788173e-05
2.642425048644188751e-05 2.394437868537148864e-05
6.182342442153960105e-05 7.227673158380819253e-05
4.551621080728365993e-05 5.466709711707956609e-05
4.902421857969891938e-01 -5.421571538874760954e-01
8.773267207726438421e-01 -6.870365746934553597e-01
8.959976698214455087e-05 1.279989528465262530e-04
4.078875999385767157e-05 8.492926377598981956e-05
1.072392965763562141e-04 7.617844969845135705e-05
5.209034863173720442e-01 -1.239888920081828327e-01
8.559818041239035207e-05 4.408445283908968558e-05
4.707143801773191842e-05 5.981085895964100246e-05
5.922093925117177164e-05 5.353064994017571178e-05
5.662853615691279264e-05 1.856161305749761377e-05
1.289925469603485960e-04 8.972010911810376866e-05
3.376386454775286811e-05 2.589945961017247516e-05
1.003145490688515853e-04 2.301333835679521673e-05
3.136744707782992980e-05 8.678810862069881698e-05
5.552093498964824912e-05 6.030988225646684563e-06
1.017588338674328913e-04 6.752195978900245863e-05
8.010684326560406820e-05 1.070428916875426335e-04
5.889086604594314656e-01 -2.602661497389621714e-01
4.217568066625499990e-01 -2.885427404595585776e-01
3.073822609622909669e-05 2.702635459961743903e-05
6.698704698080757414e-01 -6.477484506928354868e-01
7.534001430518861902e-05 6.446320678350002755e-05
-1.090954295827617354e-01 3.448757530080595046e-01
1.253183090037820839e-04 1.167997576568154648e-04
4.973290259660025359e-01 -1.087792109473869756e-01
8.092533650926128110e-05 5.577371078995497990e-05
-2.852393852933679530e-01 1.951117960375912674e-01
1.359731054687805807e-04 9.182894968693124343e-05
9.515432078597686023e-05 1.055326148424567381e-04
7.512735944063397842e-01 -6.142506001337698640e-01
7.620971200885248633e-05 4.229866274648371740e-05
4.026747009425648005e-01 -3.905444172609655595e-01
3.080580227657673636e-05 4.579355776923950047e-05
1.272660797573299291e-04 1.025674582393553243e-04
8.348442145555237160e-05 6.638218910272648148e-05
4.225163107547453278e-01 -1.341894946086518159e-01
-1.625993605917863628e-05 -3.523007995138303152e-05
7.630911298744436945e-05 5.387506065965985978e-05
8.446962041380664003e-05 9.527579142872437997e-05
1.329613227635048774e-04 8.238756785844933200e-05
8.873180491160791439e-01 -2.794333575599416419e-01
9.267697470782804538e-05 7.292667093100000655e-05
3.018356808295352689e-01 -2.950891884568044854e-01
5.144778779062681091e-05 5.767758665713999848e-05
3.532223333937212136e-05 5.303810521075890392e-05
8.976467391219895690e-05 6.736209483048215415e-05
9.367299623971463195e-05 7.937184395726383859e-05
6.696018290296478295e-05 5.923287675091854767e-05
3.268151551012494512e-05 5.185141327314327373e-06
4.652370019708896298e-01 -1.676460458717785318e-01
1.027456735934388865e-04 4.336784215797319299e-05
8.248068682223509511e-05 4.146618707209175742e-05
7.566560443184465099e-05 6.501851866934341595e-05
3.539028058287463423e-05 2.908281682568486677e-05
5.589132995095968590e-05 6.232955038149689392e-05
5.762692314015218642e-01 -3.112772125394277500e-01
1.269966619665191247e-05 4.067766787143377426e-06
4.530167295926534193e-02 9.063516758468567747e-02
7.248181538966034533e-05 4.516871844595344394e-05
1.568998895595509425e-04 1.260504880757917789e-04
8.704097501877905982e-05 4.902427585475180517e-05
1.016009583434423260e-04 9.254142616844027982e-05
2.910007238911036073e-05 5.818487267974225893e-06
5.422743950525992229e-01 -3.617529001446365133e-01
6.241727493874303244e-05 8.494607904824444096e-05
-3.243504401851801455e-05 -2.797704803577922186e-05
7.504384981578903456e-05 4.166933389646293852e-05
1.018565714324128307e-04 8.967872330363365295e-05
1.771720731802772038e-04 1.238343540508363041e-04
3.078959903249290015e-05 3.691160747703290963e-06
7.388011153360559758e-05 5.219125810012759662e-05
1.323256419482953612e-04 9.340281812667947830e-05
8.719396195860287921e-05 3.613559279371804221e-05
-2.962481482363934023e-06 -4.561742091091280709e-06
5.610745970226325188e-05 5.130493077471934515e-05
1.094942724894885255e-04 7.200485026247632227e-05
1.595901839144710634e-04 1.275695467581405374e-04
3.344287700154222509e-05 4.763161876536737428e-06
6.325093405227582503e-05 1.096292698513324723e-05
-1.918981866275362786e-05 1.413941051657093168e-05
4.974639596642543848e-01 1.061839884164249639e-02
1.265487457321865688e-04 1.189631045747442016e-04
2.992799967570087169e-05 2.229187636625605213e-06
2.316391790411247834e-05 2.170727815936012936e-05
5.172939088110532768e-02 6.262167769559760441e-03
5.843591075523769777e-05 2.355638116358997185e-05
5.825126765310147947e-01 1.203901294496584201e-01
3.032321051621415542e-05 2.067048984461853536e-05
9.600740513781487484e-05 7.947056994792377302e-05
2.135645941762397959e-05 -1.536939328189886570e-06
7.639148416610566639e-05 6.549605241892325787e-05
7.376032081843082039e-05 1.777303605322938260e-05
9.524515735285469121e-05 9.115327221155827971e-05
8.155037502369287625e-05 6.579550224212285445e-06
2.788664648789584039e-05 5.041914888498805089e-05
6.880731125347043786e-01 -3.702718277084592335e-01
8.336950246149357605e-05 5.077982238881573413e-05
1.022836334154363363e-04 1.510958670195856727e-04
5.563383668756255451e-01 -2.371397049355385700e-01
-3.060684908751313388e-05 -3.734092644512124632e-05
4.837308853342173198e-01 -2.256949956745582797e-01
8.533515021096432199e-05 2.118124254455208244e-05
9.381398266920709162e-05 1.091983983364158749e-04
4.339961370968380291e-05 5.517077176521543725e-05
3.174709839607723350e-01 -1.150393504767213138e-01
5.017082981272441566e-01 -5.330363834896423292e-01
5.168085852057192810e-05 3.001492829395129128e-05
1.072014434226746559e-04 9.885626659107537705e-05
1.106291882025022081e-04 1.215188876031675174e-04
5.233305955906498433e-05 2.364390278895060502e-05
2.554894859700266506e-05 -2.685433833886720128e-05
9.828659025680114617e-05 8.726596235393147395e-05
9.664137851001873677e-05 5.276811893547178915e-05
9.955605301106918771e-05 7.036536867106835905e-05
3.579775024470174143e-05 5.553316755343230192e-05
9.998264756078230548e-05 9.559336360025006481e-05
-1.773317931748036354e-05 -1.100847162221034402e-05
4.819579118631884125e-05 1.451029987879729051e-05
9.462241237222857114e-05 5.308600966904455633e-05
1.249174087808100882e-04 8.269343442213804925e-05
3.786042155039484047e-01 -6.489095452779340689e-02
9.638126815396270964e-05 7.164165304064212510e-05
4.680513534533905877e-05 2.930681706433793437e-05
1.091039885729904244e-04 7.231295089894534034e-05
2.536650129469017343e-05 1.818664515046443850e-05
1.074827241969721509e-04 1.375442184381986779e-04
1.559438879438624476e-04 6.111697491779269733e-05
-6.425950216609140661e-05 -3.912425137406563993e-05
3.148164436661974319e-01 -3.781584292300042838e-02
8.172192754358334802e-05 4.165180320230579781e-05
8.826902216002329219e-05 7.698925141069161307e-05
5.404387566974130364e-01 -8.653166293926482788e-02
-2.552215215588792829e-01 4.741291440207714425e-01
4.500497599860459920e-05 3.348173972675427720e-05
3.849600796952074022e-01 -2.336535299840161450e-01
1.041222079414775070e+00 -4.785570930640587473e-01
-1.973792373733398997e-01 3.160183603314755119e-01
6.058339429654052612e-05 4.151243184716418041e-05
1.152585098410121683e-04 1.188407895846775147e-04
1.189183240740455960e-05 -1.041541676321761312e-05
1.058861594423356862e-04 1.040293223185096675e-04
4.721177831659233992e-01 -6.594746350189670814e-01
1.186379121380955464e-04 1.017598246342641121e-04
5.663558971100129957e-01 -1.457007866061395263e-01
2.970055837902335754e-05 5.850499752658755063e-05
6.963421128448409427e-05 5.765317937653258070e-05
1.222835874560008076e-05 2.870741025218518101e-05
8.258117208804199177e-05 1.027322263127774426e-04
9.100349435359448291e-01 -5.229658625304228758e-01
5.184055587997154108e-05 1.652805610437905846e-05
-1.193330621499587990e-01 1.658148547586743016e-01
7.361277229536922206e-01 -6.723237342916742465e-01
2.616351315788674747e-01 -4.298489268701445598e-02
1.389500706267268683e-04 1.106413323208704476e-04
1.071864431417278213e-04 1.198886135744574652e-04
1.174451628133795162e-04 7.307649924746223544e-05
1.102117992650462159e-04 6.187720428669262807e-05
5.256731819747269063e-05 9.746661423848569520e-05
1.039937781672602701e-01 3.793719843266562999e-04
4.735318549153758050e-01 -3.837099807135997409e-01
9.267563987749837526e-05 8.626598450533118270e-05
1.593977295682016336e-05 1.989279135612046325e-05
1.781714635633797927e-04 1.223065475586920228e-04
1.538065265239341450e-01 1.243883720958980643e-01
3.013110950570912494e-01 -4.069021277533301229e-01
2.938053228597469296e-05 1.600241995601110149e-05
3.537687003299872445e-05 1.237306118707827017e-05
1.196406987650314597e-04 1.054618539795498751e-04
9.687483621660577388e-05 6.176122157695628021e-05
6.244189022152463707e-05 3.312823292719554221e-05
1.369190518467223853e-04 9.460078753459928312e-05
1.944675917863807567e-05 1.830937929961170174e-05
5.303379024618002914e-05 4.029271300792882152e-05
7.682639512757949928e-05 4.055719844229826687e-06
6.414381363613016248e-05 7.707942325129921429e-05
8.715866923492314260e-05 6.082866054270735155e-05
8.876345156708165057e-05 9.905813472247557920e-05
2.482613574695214387e-05 -5.423586623934370846e-06
6.206793909408858667e-01 -4.470060330115920855e-01
8.271402568991492504e-05 8.188777507716024661e-05
1.022541258821442408e-04 4.418792101279303845e-05
1.262310598417829832e-01 1.854018844808316135e-01
1.717586829232341217e-04 1.209568479160935786e-04
-3.648628205655296552e-02 -6.836599641499993552e-02
2.860229019205442341e-02 3.995553594395812591e-01
1.184991310220786625e-04 1.007108895951605869e-04
-6.987460504420564371e-05 -3.584046480205515048e-05
1.062051044446857869e-04 2.003798302881941554e-05
1.114039609549456121e-04 6.800989238616045611e-05
7.484758375782168721e-05 7.986760821233169442e-05
5.400346670144523181e-06 9.802540065946250706e-06
6.547543975647515113e-01 -6.518867820194217400e-01
4.878304826603285712e-05 9.763602813654661194e-05
9.450516297325768232e-05 5.032948016630507172e-05
1.595133256966480527e-04 1.214930754696326291e-04
7.283918494615795544e-05 7.367640367139347576e-05
2.417733379806082106e-01 -6.967126399018279924e-03
2.959286244746560032e-05 3.061405360291414901e-05
1.026861406889151474e-04 1.026171595710950361e-04
8.174471605894068071e-01 -6.191765217656189924e-01
7.544531908194009873e-01 -5.620787688242762092e-01
2.373145209950761336e-01 -3.115569767509872995e-02
7.908156169458697136e-05 7.527897836411114117e-05
6.677825703686807092e-05 7.808630061531937800e-05
5.441420492738597816e-05 6.263983461570648333e-05
8.059262695951378008e-01 -4.565290167088354445e-01
8.078852188188936087e-05 6.841102711251263995e-05
6.354818026550119775e-05 2.779190495799733801e-05
6.445947039881657920e-05 6.948032456997790124e-05
3.628552979285002783e-05 3.813348115135861932e-05
7.103377259204181088e-05 1.045109720060358817e-04
5.781745060383968794e-05 1.888457366809651367e-05
7.397640783923664642e-01 -4.900985276853196404e-01
8.049550880329129569e-05 5.245154027516696766e-05
4.866969911070498681e-05 5.128137531370621934e-05
1.174310399417708763e-05 -1.108537988351919749e-06
5.756607290546902629e-05 4.121506252768106237e-05
1.000855268848117283e-04 8.606391399492848110e-05
8.981674663069166842e-02 2.295697101401542317e-01
1.270661304226486799e-04 5.092746957039553582e-05
-8.941998992775328226e-02 2.363748978514959298e-01
9.024253217357787731e-05 8.529556590635553799e-05
8.460513460944199537e-02 1.915975998062855942e-02
7.195703872695929102e-06 -1.193013836977691226e-05
1.268844710255518011e-04 8.673978880629958652e-05
5.434281210593144840e-01 -1.749013219164748667e-01
1.163224361308814249e-04 1.201314854251787239e-04
6.364575870435611182e-02 7.453411585061176653e-03
8.692024101276023540e-01 -3.667188483968650825e-01
-5.674733717084386799e-06 9.077412622900107980e-06
1.143268634778540677e-04 6.816243267063227531e-05
4.746165635900443817e-05 2.316173864492796492e-05
6.774432812608765532e-05 2.284777649611963439e-05
5.984799237522058456e-05 7.115950536721392492e-05
2.336462536151008296e-01 5.862129859760858985e-02
3.266069361935639118e-05 9.140091699218122945e-05
6.063467905634498667e-01 -4.839732169051334520e-01
-2.296800743602697426e-01 4.187764947578958563e-01
1.706996240155249215e-04 9.383101804873277268e-05
6.199265243503450096e-01 -4.032626575255276458e-01
1.429613903503830551e-04 1.204241683259544909e-04
1.331695546029762572e-05 -2.626352302928991797e-05
4.745667048557619287e-05 2.293032218894112400e-05
4.672279548521116044e-01 -2.120102664262921432e-01
8.455112494977801998e-05 8.872566036370883977e-05
1.087159345825050187e-04 8.305146816054348241e-05
6.602208773335663011e-05 7.523278127718613514e-05
6.171542863483144847e-01 -3.542787595012284463e-01
7.293650978098940212e-05 2.867579685669730503e-05
1.733216569523683085e-05 3.474010129889087528e-05
1.117851706241673298e-04 8.938294232559543565e-05
3.521816653449138523e-01 -1.807268315908064915e-01
1.206275187300079993e-04 3.785205023108769085e-05
4.970077133062497670e-05 4.723467504823473354e-05
1.863061721776214374e-02 3.845977726340166908e-02
2.752031896652985230e-05 -6.887620117179754735e-06
3.398320770368057218e-05 3.311336248218445889e-05
6.311723038591253551e-05 3.162997559484323121e-05
1.506417985883526421e-04 1.213935380305456070e-04
7.683557739244199639e-05 6.271420696644677102e-05
