0.000000000000000000e+00 0.000000000000000000e+00 1.569113009887223853e-01
0.000000000000000000e+00 1.000000000000000000e+00 1.570875651309458498e-01
0.000000000000000000e+00 2.000000000000000000e+00 1.376898210544557910e-01
0.000000000000000000e+00 3.000000000000000000e+00 8.537344908111463293e-02
0.000000000000000000e+00 4.000000000000000000e+00 1.290208798212088281e-01
1.000000000000000000e+00 0.000000000000000000e+00 1.206888820026767173e-01
1.000000000000000000e+00 1.000000000000000000e+00 1.437741542155709928e-01
1.000000000000000000e+00 2.000000000000000000e+00 1.773954189274820903e-01
1.000000000000000000e+00 3.000000000000000000e+00 1.701798338727157078e-01
1.000000000000000000e+00 4.000000000000000000e+00 1.413363415604127482e-01
2.000000000000000000e+00 0.000000000000000000e+00 1.948882491242705517e-01
2.000000000000000000e+00 1.000000000000000000e+00 1.338348758774336733e-01
2.000000000000000000e+00 2.000000000000000000e+00 1.515445733543571982e-01
2.000000000000000000e+00 3.000000000000000000e+00 1.038504647262898234e-01
2.000000000000000000e+00 4.000000000000000000e+00 1.869740027941260152e-01
3.000000000000000000e+00 0.000000000000000000e+00 1.713803391648080210e-01
3.000000000000000000e+00 1.000000000000000000e+00 1.108968386890197416e-01
3.000000000000000000e+00 2.000000000000000000e+00 1.876794801753234598e-01
3.000000000000000000e+00 3.000000000000000000e+00 1.869256284737005336e-01
3.000000000000000000e+00 4.000000000000000000e+00 1.276954512089168992e-01
4.000000000000000000e+00 0.000000000000000000e+00 1.742968965771607703e-01
4.000000000000000000e+00 1.000000000000000000e+00 1.627593663105602328e-01
4.000000000000000000e+00 2.000000000000000000e+00 1.639507467129406315e-01
4.000000000000000000e+00 3.000000000000000000e+00 1.104887678064264966e-01
4.000000000000000000e+00 4.000000000000000000e+00 1.086591614365063213e-01
5.000000000000000000e+00 0.000000000000000000e+00 1.237116526017862511e-01
5.000000000000000000e+00 1.000000000000000000e+00 1.981374986739133648e-01
5.000000000000000000e+00 2.000000000000000000e+00 1.257302028259023596e-01
5.000000000000000000e+00 3.000000000000000000e+00 1.310335013495614043e-01
5.000000000000000000e+00 4.000000000000000000e+00 1.022782262563903810e-01
6.000000000000000000e+00 0.000000000000000000e+00 7.716317955392672234e-02
6.000000000000000000e+00 1.000000000000000000e+00 1.511120140819332547e-01
6.000000000000000000e+00 2.000000000000000000e+00 1.667543553018650260e-01
6.000000000000000000e+00 3.000000000000000000e+00 1.406649103564958370e-01
6.000000000000000000e+00 4.000000000000000000e+00 1.732313920643654970e-01
7.000000000000000000e+00 0.000000000000000000e+00 1.734881395196340159e-01
7.000000000000000000e+00 1.000000000000000000e+00 1.090507634457111991e-01
7.000000000000000000e+00 2.000000000000000000e+00 9.492449294108896984e-02
7.000000000000000000e+00 3.000000000000000000e+00 1.456377907810298966e-01
7.000000000000000000e+00 4.000000000000000000e+00 1.290690272160093521e-01
8.000000000000000000e+00 0.000000000000000000e+00 1.568231864338813231e-01
8.000000000000000000e+00 1.000000000000000000e+00 1.296348941745529004e-01
8.000000000000000000e+00 2.000000000000000000e+00 1.434632105631121202e-01
8.000000000000000000e+00 3.000000000000000000e+00 1.871370825071523025e-01
8.000000000000000000e+00 4.000000000000000000e+00 1.174260382339788050e-01
9.000000000000000000e+00 0.000000000000000000e+00 1.938447688179852912e-01
9.000000000000000000e+00 1.000000000000000000e+00 1.207203514570562297e-01
9.000000000000000000e+00 2.000000000000000000e+00 1.547627510417708130e-01
9.000000000000000000e+00 3.000000000000000000e+00 1.363667737812425396e-01
9.000000000000000000e+00 4.000000000000000000e+00 1.369657459991747428e-01
1.000000000000000000e+01 0.000000000000000000e+00 2.107296556120400455e-01
1.000000000000000000e+01 1.000000000000000000e+00 1.682781053074495770e-01
1.000000000000000000e+01 2.000000000000000000e+00 9.498866775842947086e-02
1.000000000000000000e+01 3.000000000000000000e+00 1.343023957613243002e-01
1.000000000000000000e+01 4.000000000000000000e+00 1.533589082018320393e-01
1.100000000000000000e+01 0.000000000000000000e+00 1.169550570842019799e-01
1.100000000000000000e+01 1.000000000000000000e+00 1.273445475975383268e-01
1.100000000000000000e+01 2.000000000000000000e+00 1.678820044863248706e-01
1.100000000000000000e+01 3.000000000000000000e+00 1.191730125321845274e-01
1.100000000000000000e+01 4.000000000000000000e+00 1.617912435873019861e-01
1.200000000000000000e+01 0.000000000000000000e+00 2.009501348924868369e-01
1.200000000000000000e+01 1.000000000000000000e+00 9.492807618680373927e-02
1.200000000000000000e+01 2.000000000000000000e+00 1.222947153575925927e-01
1.200000000000000000e+01 3.000000000000000000e+00 1.400066339722298436e-01
1.200000000000000000e+01 4.000000000000000000e+00 1.460917386092756010e-01
1.300000000000000000e+01 0.000000000000000000e+00 1.818446915877701131e-01
1.300000000000000000e+01 1.000000000000000000e+00 2.114875086667853399e-01
1.300000000000000000e+01 2.000000000000000000e+00 1.604952461110484008e-01
1.300000000000000000e+01 3.000000000000000000e+00 8.953856725575309872e-02
1.300000000000000000e+01 4.000000000000000000e+00 1.350490166001117043e-01
1.400000000000000000e+01 0.000000000000000000e+00 1.645888651874118092e-01
1.400000000000000000e+01 1.000000000000000000e+00 1.508230131542381836e-01
1.400000000000000000e+01 2.000000000000000000e+00 2.063660941291395601e-01
1.400000000000000000e+01 3.000000000000000000e+00 1.008596725939496369e-01
1.400000000000000000e+01 4.000000000000000000e+00 1.652636820404442541e-01
1.500000000000000000e+01 0.000000000000000000e+00 1.579989435968889577e-01
1.500000000000000000e+01 1.000000000000000000e+00 9.759959409891147408e-02
1.500000000000000000e+01 2.000000000000000000e+00 6.916270221174418420e-02
1.500000000000000000e+01 3.000000000000000000e+00 1.470027964952311805e-01
1.500000000000000000e+01 4.000000000000000000e+00 1.647164768150949921e-01
1.600000000000000000e+01 0.000000000000000000e+00 9.490567875493288730e-02
1.600000000000000000e+01 1.000000000000000000e+00 1.720702259095355791e-01
1.600000000000000000e+01 2.000000000000000000e+00 1.039418317624827282e-01
1.600000000000000000e+01 3.000000000000000000e+00 1.834354570266162054e-01
1.600000000000000000e+01 4.000000000000000000e+00 1.668547692684585193e-01
1.700000000000000000e+01 0.000000000000000000e+00 1.485348948841438699e-01
1.700000000000000000e+01 1.000000000000000000e+00 1.961621709940514213e-01
1.700000000000000000e+01 2.000000000000000000e+00 1.151338847291566297e-01
1.700000000000000000e+01 3.000000000000000000e+00 1.420078001851591276e-01
1.700000000000000000e+01 4.000000000000000000e+00 1.189835279992798450e-01
1.800000000000000000e+01 0.000000000000000000e+00 1.466491735458256285e-01
1.800000000000000000e+01 1.000000000000000000e+00 1.200857299524712013e-01
1.800000000000000000e+01 2.000000000000000000e+00 1.508781842181243782e-01
1.800000000000000000e+01 3.000000000000000000e+00 1.838240958625213251e-01
1.800000000000000000e+01 4.000000000000000000e+00 1.458756917280413790e-01
1.900000000000000000e+01 0.000000000000000000e+00 1.600202153221356449e-01
1.900000000000000000e+01 1.000000000000000000e+00 8.379251653428390623e-02
1.900000000000000000e+01 2.000000000000000000e+00 1.144946139478769803e-01
1.900000000000000000e+01 3.000000000000000000e+00 2.035507895941273959e-01
1.900000000000000000e+01 4.000000000000000000e+00 1.870405638693019568e-01
2.000000000000000000e+01 0.000000000000000000e+00 9.166148619029002020e-02
2.000000000000000000e+01 1.000000000000000000e+00 1.418543803552423099e-01
2.000000000000000000e+01 2.000000000000000000e+00 1.251254620740331336e-01
2.000000000000000000e+01 3.000000000000000000e+00 2.089308248586096151e-01
2.000000000000000000e+01 4.000000000000000000e+00 1.135666240941915067e-01
2.100000000000000000e+01 0.000000000000000000e+00 1.116232983838934684e-01
2.100000000000000000e+01 1.000000000000000000e+00 1.714000323453146735e-01
2.100000000000000000e+01 2.000000000000000000e+00 1.658630913408309371e-01
2.100000000000000000e+01 3.000000000000000000e+00 1.520845122888334344e-01
2.100000000000000000e+01 4.000000000000000000e+00 1.546933269072690298e-01
2.200000000000000000e+01 0.000000000000000000e+00 1.324416698233985279e-01
2.200000000000000000e+01 1.000000000000000000e+00 1.225249184776751321e-01
2.200000000000000000e+01 2.000000000000000000e+00 1.618630174751196638e-01
2.200000000000000000e+01 3.000000000000000000e+00 1.009670469865602965e-01
2.200000000000000000e+01 4.000000000000000000e+00 1.978939758067453092e-01
2.300000000000000000e+01 0.000000000000000000e+00 1.775414501944398427e-01
2.300000000000000000e+01 1.000000000000000000e+00 1.527809132839098027e-01
2.300000000000000000e+01 2.000000000000000000e+00 1.638787573864004254e-01
2.300000000000000000e+01 3.000000000000000000e+00 1.027398103810029939e-01
2.300000000000000000e+01 4.000000000000000000e+00 1.773177619817561113e-01
2.400000000000000000e+01 0.000000000000000000e+00 1.162850391256575466e-01
2.400000000000000000e+01 1.000000000000000000e+00 1.608940549059080516e-01
2.400000000000000000e+01 2.000000000000000000e+00 1.525057890929363558e-01
2.400000000000000000e+01 3.000000000000000000e+00 1.381736258899702308e-01
2.400000000000000000e+01 4.000000000000000000e+00 1.260619262460086487e-01
2.500000000000000000e+01 0.000000000000000000e+00 1.202922910804250789e-01
2.500000000000000000e+01 1.000000000000000000e+00 1.679022723395648675e-01
2.500000000000000000e+01 2.000000000000000000e+00 2.051959317312819497e-01
2.500000000000000000e+01 3.000000000000000000e+00 1.028067589845902130e-01
2.500000000000000000e+01 4.000000000000000000e+00 1.493176623434721018e-01
2.600000000000000000e+01 0.000000000000000000e+00 1.536277270823320218e-01
2.600000000000000000e+01 1.000000000000000000e+00 1.458880430827204089e-01
2.600000000000000000e+01 2.000000000000000000e+00 2.370490719467357454e-01
2.600000000000000000e+01 3.000000000000000000e+00 1.549313000608214530e-01
2.600000000000000000e+01 4.000000000000000000e+00 9.513668664385369067e-02
2.700000000000000000e+01 0.000000000000000000e+00 1.331237198857123660e-01
2.700000000000000000e+01 1.000000000000000000e+00 1.489389705061147651e-01
2.700000000000000000e+01 2.000000000000000000e+00 1.563443414831886813e-01
2.700000000000000000e+01 3.000000000000000000e+00 1.148350143081680874e-01
2.700000000000000000e+01 4.000000000000000000e+00 2.126075885600252069e-01
2.800000000000000000e+01 0.000000000000000000e+00 1.292307639561117716e-01
2.800000000000000000e+01 1.000000000000000000e+00 1.551786573566149019e-01
2.800000000000000000e+01 2.000000000000000000e+00 1.335683478596212947e-01
2.800000000000000000e+01 3.000000000000000000e+00 1.847645674116289716e-01
2.800000000000000000e+01 4.000000000000000000e+00 1.585491284180057248e-01
2.900000000000000000e+01 0.000000000000000000e+00 1.800542448130068307e-01
2.900000000000000000e+01 1.000000000000000000e+00 1.616541741279637345e-01
2.900000000000000000e+01 2.000000000000000000e+00 8.883405789489713655e-02
2.900000000000000000e+01 3.000000000000000000e+00 1.966443999496577388e-01
2.900000000000000000e+01 4.000000000000000000e+00 1.155448778459816778e-01
3.000000000000000000e+01 0.000000000000000000e+00 1.207402869138012452e-01
3.000000000000000000e+01 1.000000000000000000e+00 1.194753692186255323e-01
3.000000000000000000e+01 2.000000000000000000e+00 1.956223362561299306e-01
3.000000000000000000e+01 3.000000000000000000e+00 1.480829974978812302e-01
3.000000000000000000e+01 4.000000000000000000e+00 1.403833172524145967e-01
3.100000000000000000e+01 0.000000000000000000e+00 1.070694111250420633e-01
3.100000000000000000e+01 1.000000000000000000e+00 1.369007729907286419e-01
3.100000000000000000e+01 2.000000000000000000e+00 1.411938735358739816e-01
3.100000000000000000e+01 3.000000000000000000e+00 1.993175489467735317e-01
3.100000000000000000e+01 4.000000000000000000e+00 1.059163083816681700e-01
3.200000000000000000e+01 0.000000000000000000e+00 1.528248120727453974e-01
3.200000000000000000e+01 1.000000000000000000e+00 1.499362162538845633e-01
3.200000000000000000e+01 2.000000000000000000e+00 1.989870354762752758e-01
3.200000000000000000e+01 3.000000000000000000e+00 8.680931748273552906e-02
3.200000000000000000e+01 4.000000000000000000e+00 1.062823303021638299e-01
3.300000000000000000e+01 0.000000000000000000e+00 1.265197651211389107e-01
3.300000000000000000e+01 1.000000000000000000e+00 1.693788209669161993e-01
3.300000000000000000e+01 2.000000000000000000e+00 1.837220477150352527e-01
3.300000000000000000e+01 3.000000000000000000e+00 1.508171426206810217e-01
3.300000000000000000e+01 4.000000000000000000e+00 1.309967477311859418e-01
3.400000000000000000e+01 0.000000000000000000e+00 1.266536643056543898e-01
3.400000000000000000e+01 1.000000000000000000e+00 2.119024928624613779e-01
3.400000000000000000e+01 2.000000000000000000e+00 1.017842997634572089e-01
3.400000000000000000e+01 3.000000000000000000e+00 1.216172783712648198e-01
3.400000000000000000e+01 4.000000000000000000e+00 1.331437106435520712e-01
3.500000000000000000e+01 0.000000000000000000e+00 1.349791398117443086e-01
3.500000000000000000e+01 1.000000000000000000e+00 1.365032696679022162e-01
3.500000000000000000e+01 2.000000000000000000e+00 1.252754854269162443e-01
3.500000000000000000e+01 3.000000000000000000e+00 1.125647320921169536e-01
3.500000000000000000e+01 4.000000000000000000e+00 1.790339628903402092e-01
3.600000000000000000e+01 0.000000000000000000e+00 1.769201612374011467e-01
3.600000000000000000e+01 1.000000000000000000e+00 1.076217882661608810e-01
3.600000000000000000e+01 2.000000000000000000e+00 8.265871506377497901e-02
3.600000000000000000e+01 3.000000000000000000e+00 1.493693743844352884e-01
3.600000000000000000e+01 4.000000000000000000e+00 1.609877264524958995e-01
3.700000000000000000e+01 0.000000000000000000e+00 1.485885269492723815e-01
3.700000000000000000e+01 1.000000000000000000e+00 1.359900859779925031e-01
3.700000000000000000e+01 2.000000000000000000e+00 8.198882905301842217e-02
3.700000000000000000e+01 3.000000000000000000e+00 1.954141740773937264e-01
3.700000000000000000e+01 4.000000000000000000e+00 1.245271175382357265e-01
3.800000000000000000e+01 0.000000000000000000e+00 1.399457417217170596e-01
3.800000000000000000e+01 1.000000000000000000e+00 9.004291967446828582e-02
3.800000000000000000e+01 2.000000000000000000e+00 1.724901147231489573e-01
3.800000000000000000e+01 3.000000000000000000e+00 1.827697888167628126e-01
3.800000000000000000e+01 4.000000000000000000e+00 1.679946985481527988e-01
3.900000000000000000e+01 0.000000000000000000e+00 1.516875146747443948e-01
3.900000000000000000e+01 1.000000000000000000e+00 1.343172105163114027e-01
3.900000000000000000e+01 2.000000000000000000e+00 1.367336568312136069e-01
3.900000000000000000e+01 3.000000000000000000e+00 1.687314150896999099e-01
3.900000000000000000e+01 4.000000000000000000e+00 9.831248105240604496e-02
4.000000000000000000e+01 0.000000000000000000e+00 1.585197884383312550e-01
4.000000000000000000e+01 1.000000000000000000e+00 1.778039345597587917e-01
4.000000000000000000e+01 2.000000000000000000e+00 1.126805824124225835e-01
4.000000000000000000e+01 3.000000000000000000e+00 1.654018219434159886e-01
4.000000000000000000e+01 4.000000000000000000e+00 1.581744390461712890e-01
4.100000000000000000e+01 0.000000000000000000e+00 1.013694190305965415e-01
4.100000000000000000e+01 1.000000000000000000e+00 1.058796311795449918e-01
4.100000000000000000e+01 2.000000000000000000e+00 1.713704400243968862e-01
4.100000000000000000e+01 3.000000000000000000e+00 2.325058613428315768e-01
4.100000000000000000e+01 4.000000000000000000e+00 1.803098626897434165e-01
4.200000000000000000e+01 0.000000000000000000e+00 1.141973546671831430e-01
4.200000000000000000e+01 1.000000000000000000e+00 2.368165909032544925e-01
4.200000000000000000e+01 2.000000000000000000e+00 9.611553994168915704e-02
4.200000000000000000e+01 3.000000000000000000e+00 1.231776132456788020e-01
4.200000000000000000e+01 4.000000000000000000e+00 8.858867890141730594e-02
4.300000000000000000e+01 0.000000000000000000e+00 1.393887623847838986e-01
4.300000000000000000e+01 1.000000000000000000e+00 1.546151749266881370e-01
4.300000000000000000e+01 2.000000000000000000e+00 1.436857555142343756e-01
4.300000000000000000e+01 3.000000000000000000e+00 2.022252778617679436e-01
4.300000000000000000e+01 4.000000000000000000e+00 1.506902641941315901e-01
4.400000000000000000e+01 0.000000000000000000e+00 1.520147717884532124e-01
4.400000000000000000e+01 1.000000000000000000e+00 1.290726254274925655e-01
4.400000000000000000e+01 2.000000000000000000e+00 1.306588022011307693e-01
4.400000000000000000e+01 3.000000000000000000e+00 1.179905101203270884e-01
4.400000000000000000e+01 4.000000000000000000e+00 1.502335893284895418e-01
4.500000000000000000e+01 0.000000000000000000e+00 1.168404521997683659e-01
4.500000000000000000e+01 1.000000000000000000e+00 1.158805106735677631e-01
4.500000000000000000e+01 2.000000000000000000e+00 1.716016918192024010e-01
4.500000000000000000e+01 3.000000000000000000e+00 2.210804444189589102e-01
4.500000000000000000e+01 4.000000000000000000e+00 1.238497259072247753e-01
4.600000000000000000e+01 0.000000000000000000e+00 8.663005078340531295e-02
4.600000000000000000e+01 1.000000000000000000e+00 1.563692984832805166e-01
4.600000000000000000e+01 2.000000000000000000e+00 1.427439792364415261e-01
4.600000000000000000e+01 3.000000000000000000e+00 1.736764977912695074e-01
4.600000000000000000e+01 4.000000000000000000e+00 1.556878109018592082e-01
4.700000000000000000e+01 0.000000000000000000e+00 1.677377532170993835e-01
4.700000000000000000e+01 1.000000000000000000e+00 1.183658320014494142e-01
4.700000000000000000e+01 2.000000000000000000e+00 1.487011440875215806e-01
4.700000000000000000e+01 3.000000000000000000e+00 9.936155195239240734e-02
4.700000000000000000e+01 4.000000000000000000e+00 1.637716544380410644e-01
4.800000000000000000e+01 0.000000000000000000e+00 1.168781185095791320e-01
4.800000000000000000e+01 1.000000000000000000e+00 1.747738382327998774e-01
4.800000000000000000e+01 2.000000000000000000e+00 1.227719880702472371e-01
4.800000000000000000e+01 3.000000000000000000e+00 1.451929889926016626e-01
4.800000000000000000e+01 4.000000000000000000e+00 1.369285356201264403e-01
4.900000000000000000e+01 0.000000000000000000e+00 1.092878153727473989e-01
4.900000000000000000e+01 1.000000000000000000e+00 1.837497480762194657e-01
4.900000000000000000e+01 2.000000000000000000e+00 1.627770476984104764e-01
4.900000000000000000e+01 3.000000000000000000e+00 1.522685683803979839e-01
4.900000000000000000e+01 4.000000000000000000e+00 1.391572216984448551e-01
5.000000000000000000e+01 0.000000000000000000e+00 1.691038986472704064e-01
5.000000000000000000e+01 1.000000000000000000e+00 1.724350777650366928e-01
5.000000000000000000e+01 2.000000000000000000e+00 6.586452949887573738e-02
5.000000000000000000e+01 3.000000000000000000e+00 1.808394747617376175e-01
5.000000000000000000e+01 4.000000000000000000e+00 1.434784759035553636e-01
5.100000000000000000e+01 0.000000000000000000e+00 1.360262711379364997e-01
5.100000000000000000e+01 1.000000000000000000e+00 1.600924725811345428e-01
5.100000000000000000e+01 2.000000000000000000e+00 1.183727934915977248e-01
5.100000000000000000e+01 3.000000000000000000e+00 1.457511462860113516e-01
5.100000000000000000e+01 4.000000000000000000e+00 1.426443640896256360e-01
5.200000000000000000e+01 0.000000000000000000e+00 1.248482482179884140e-01
5.200000000000000000e+01 1.000000000000000000e+00 1.479929643565875141e-01
5.200000000000000000e+01 2.000000000000000000e+00 1.633251609969576246e-01
5.200000000000000000e+01 3.000000000000000000e+00 1.805243322984223797e-01
5.200000000000000000e+01 4.000000000000000000e+00 1.923300329558755573e-01
5.300000000000000000e+01 0.000000000000000000e+00 1.812036480943385597e-01
5.300000000000000000e+01 1.000000000000000000e+00 1.893779687256121336e-01
5.300000000000000000e+01 2.000000000000000000e+00 1.233273190759426458e-01
5.300000000000000000e+01 3.000000000000000000e+00 1.368441094920742063e-01
5.300000000000000000e+01 4.000000000000000000e+00 1.348044988625052287e-01
5.400000000000000000e+01 0.000000000000000000e+00 1.662780080783103076e-01
5.400000000000000000e+01 1.000000000000000000e+00 7.273934032133297367e-02
5.400000000000000000e+01 2.000000000000000000e+00 1.921939519052661416e-01
5.400000000000000000e+01 3.000000000000000000e+00 1.357737298351116284e-01
5.400000000000000000e+01 4.000000000000000000e+00 1.598844209972644370e-01
5.500000000000000000e+01 0.000000000000000000e+00 1.531148203659500606e-01
5.500000000000000000e+01 1.000000000000000000e+00 1.316508441840028298e-01
5.500000000000000000e+01 2.000000000000000000e+00 1.303442204734721888e-01
5.500000000000000000e+01 3.000000000000000000e+00 1.881853177257195586e-01
5.500000000000000000e+01 4.000000000000000000e+00 1.240543224631048269e-01
5.600000000000000000e+01 0.000000000000000000e+00 1.770257751812086833e-01
5.600000000000000000e+01 1.000000000000000000e+00 1.427418393427740961e-01
5.600000000000000000e+01 2.000000000000000000e+00 1.474990065270149753e-01
5.600000000000000000e+01 3.000000000000000000e+00 8.676226534475826868e-02
5.600000000000000000e+01 4.000000000000000000e+00 1.876815655482104439e-01
5.700000000000000000e+01 0.000000000000000000e+00 1.847858745866346741e-01
5.700000000000000000e+01 1.000000000000000000e+00 1.973431573118880622e-01
5.700000000000000000e+01 2.000000000000000000e+00 8.270599513881858600e-02
5.700000000000000000e+01 3.000000000000000000e+00 1.515821448869190957e-01
5.700000000000000000e+01 4.000000000000000000e+00 1.334863805400146874e-01
5.800000000000000000e+01 0.000000000000000000e+00 1.988771772925243264e-01
5.800000000000000000e+01 1.000000000000000000e+00 1.479601769754851637e-01
5.800000000000000000e+01 2.000000000000000000e+00 1.724733212741686172e-01
5.800000000000000000e+01 3.000000000000000000e+00 1.585961780038910862e-01
5.800000000000000000e+01 4.000000000000000000e+00 8.634435475356445899e-02
5.900000000000000000e+01 0.000000000000000000e+00 1.930656933406149356e-01
5.900000000000000000e+01 1.000000000000000000e+00 1.999304839864840533e-01
5.900000000000000000e+01 2.000000000000000000e+00 1.978979562116728041e-01
5.900000000000000000e+01 3.000000000000000000e+00 1.027037509439298751e-01
5.900000000000000000e+01 4.000000000000000000e+00 8.409276283337194235e-02
6.000000000000000000e+01 0.000000000000000000e+00 1.845384549378358829e-01
6.000000000000000000e+01 1.000000000000000000e+00 1.906546245152770935e-01
6.000000000000000000e+01 2.000000000000000000e+00 1.686973332472427867e-01
6.000000000000000000e+01 3.000000000000000000e+00 1.042041531875388255e-01
6.000000000000000000e+01 4.000000000000000000e+00 9.139393387313739237e-02
6.100000000000000000e+01 0.000000000000000000e+00 1.353826224912206000e-01
6.100000000000000000e+01 1.000000000000000000e+00 1.500926469264139140e-01
6.100000000000000000e+01 2.000000000000000000e+00 1.803666083591044245e-01
6.100000000000000000e+01 3.000000000000000000e+00 1.538182911037446199e-01
6.100000000000000000e+01 4.000000000000000000e+00 1.479595171563106160e-01
6.200000000000000000e+01 0.000000000000000000e+00 1.709626535131731628e-01
6.200000000000000000e+01 1.000000000000000000e+00 1.357028812247049465e-01
6.200000000000000000e+01 2.000000000000000000e+00 8.736167170005587623e-02
6.200000000000000000e+01 3.000000000000000000e+00 1.952404124314868761e-01
6.200000000000000000e+01 4.000000000000000000e+00 1.666188390202489600e-01
6.300000000000000000e+01 0.000000000000000000e+00 1.047664213876624284e-01
6.300000000000000000e+01 1.000000000000000000e+00 1.239079694690219113e-01
6.300000000000000000e+01 2.000000000000000000e+00 1.229834045714587321e-01
6.300000000000000000e+01 3.000000000000000000e+00 1.121179827279011193e-01
6.300000000000000000e+01 4.000000000000000000e+00 1.796831056513469860e-01
6.400000000000000000e+01 0.000000000000000000e+00 1.085144943798186101e-01
6.400000000000000000e+01 1.000000000000000000e+00 1.453236328088793883e-01
6.400000000000000000e+01 2.000000000000000000e+00 1.953811648436227788e-01
6.400000000000000000e+01 3.000000000000000000e+00 1.906840755783829333e-01
6.400000000000000000e+01 4.000000000000000000e+00 8.455363531579404568e-02
6.500000000000000000e+01 0.000000000000000000e+00 1.033507441626150686e-01
6.500000000000000000e+01 1.000000000000000000e+00 1.015354504418078535e-01
6.500000000000000000e+01 2.000000000000000000e+00 1.829074629685842057e-01
6.500000000000000000e+01 3.000000000000000000e+00 1.704011170186830737e-01
6.500000000000000000e+01 4.000000000000000000e+00 1.518448376733778360e-01
6.600000000000000000e+01 0.000000000000000000e+00 1.142489444327096509e-01
6.600000000000000000e+01 1.000000000000000000e+00 1.015416200473262254e-01
6.600000000000000000e+01 2.000000000000000000e+00 1.730396269686718946e-01
6.600000000000000000e+01 3.000000000000000000e+00 1.812795180873555956e-01
6.600000000000000000e+01 4.000000000000000000e+00 1.527435665123974828e-01
6.700000000000000000e+01 0.000000000000000000e+00 1.448708221990250011e-01
6.700000000000000000e+01 1.000000000000000000e+00 1.149644641318951499e-01
6.700000000000000000e+01 2.000000000000000000e+00 9.702440082095714624e-02
6.700000000000000000e+01 3.000000000000000000e+00 1.806718628121839476e-01
6.700000000000000000e+01 4.000000000000000000e+00 1.408139194822163875e-01
6.800000000000000000e+01 0.000000000000000000e+00 1.538373588329876307e-01
6.800000000000000000e+01 1.000000000000000000e+00 1.383036948364149421e-01
6.800000000000000000e+01 2.000000000000000000e+00 1.695319885730701970e-01
6.800000000000000000e+01 3.000000000000000000e+00 1.154330468810455951e-01
6.800000000000000000e+01 4.000000000000000000e+00 1.193802844369765692e-01
6.900000000000000000e+01 0.000000000000000000e+00 1.345974021595135739e-01
6.900000000000000000e+01 1.000000000000000000e+00 1.488571040592699679e-01
6.900000000000000000e+01 2.000000000000000000e+00 1.603422045322208944e-01
6.900000000000000000e+01 3.000000000000000000e+00 1.110332247393888416e-01
6.900000000000000000e+01 4.000000000000000000e+00 1.825096217267659915e-01
7.000000000000000000e+01 0.000000000000000000e+00 1.406827350968184176e-01
7.000000000000000000e+01 1.000000000000000000e+00 1.064861704964938510e-01
7.000000000000000000e+01 2.000000000000000000e+00 1.598500382464754233e-01
7.000000000000000000e+01 3.000000000000000000e+00 1.767215019858491831e-01
7.000000000000000000e+01 4.000000000000000000e+00 1.092701462613746149e-01
7.100000000000000000e+01 0.000000000000000000e+00 1.910805779012987871e-01
7.100000000000000000e+01 1.000000000000000000e+00 1.858150444277800184e-01
7.100000000000000000e+01 2.000000000000000000e+00 1.347314900647975378e-01
7.100000000000000000e+01 3.000000000000000000e+00 1.088366169822161528e-01
7.100000000000000000e+01 4.000000000000000000e+00 1.595615859084724697e-01
7.200000000000000000e+01 0.000000000000000000e+00 1.700935343516583043e-01
7.200000000000000000e+01 1.000000000000000000e+00 1.115926983998069832e-01
7.200000000000000000e+01 2.000000000000000000e+00 1.810677137773097634e-01
7.200000000000000000e+01 3.000000000000000000e+00 9.859124356644549669e-02
7.200000000000000000e+01 4.000000000000000000e+00 1.579386560678882612e-01
7.300000000000000000e+01 0.000000000000000000e+00 1.756212807692865974e-01
7.300000000000000000e+01 1.000000000000000000e+00 1.817951259906258610e-01
7.300000000000000000e+01 2.000000000000000000e+00 9.613791827804321621e-02
7.300000000000000000e+01 3.000000000000000000e+00 1.827443645267600447e-01
7.300000000000000000e+01 4.000000000000000000e+00 1.566657728885158529e-01
7.400000000000000000e+01 0.000000000000000000e+00 1.876493205777647333e-01
7.400000000000000000e+01 1.000000000000000000e+00 1.242704322797370531e-01
7.400000000000000000e+01 2.000000000000000000e+00 8.047729567074715651e-02
7.400000000000000000e+01 3.000000000000000000e+00 2.112702387917168301e-01
7.400000000000000000e+01 4.000000000000000000e+00 1.798030265819073326e-01
7.500000000000000000e+01 0.000000000000000000e+00 1.454076881949270539e-01
7.500000000000000000e+01 1.000000000000000000e+00 1.633107365556561719e-01
7.500000000000000000e+01 2.000000000000000000e+00 1.458462660670171440e-01
7.500000000000000000e+01 3.000000000000000000e+00 1.569401035588947613e-01
7.500000000000000000e+01 4.000000000000000000e+00 1.458159749001756711e-01
7.600000000000000000e+01 0.000000000000000000e+00 1.946176849615842142e-01
7.600000000000000000e+01 1.000000000000000000e+00 1.202954567527488028e-01
7.600000000000000000e+01 2.000000000000000000e+00 1.382904028104366967e-01
7.600000000000000000e+01 3.000000000000000000e+00 1.004887762760264674e-01
7.600000000000000000e+01 4.000000000000000000e+00 1.675953386223618113e-01
7.700000000000000000e+01 0.000000000000000000e+00 1.308726185630509353e-01
7.700000000000000000e+01 1.000000000000000000e+00 1.571764160124639043e-01
7.700000000000000000e+01 2.000000000000000000e+00 1.246840556868722832e-01
7.700000000000000000e+01 3.000000000000000000e+00 9.512485003785112192e-02
7.700000000000000000e+01 4.000000000000000000e+00 1.726117548053970885e-01
7.800000000000000000e+01 0.000000000000000000e+00 1.474612885028308285e-01
7.800000000000000000e+01 1.000000000000000000e+00 1.348966528368983897e-01
7.800000000000000000e+01 2.000000000000000000e+00 9.474218964185790459e-02
7.800000000000000000e+01 3.000000000000000000e+00 2.067917829970344068e-01
7.800000000000000000e+01 4.000000000000000000e+00 1.761553780837564476e-01
7.900000000000000000e+01 0.000000000000000000e+00 9.497200381379466982e-02
7.900000000000000000e+01 1.000000000000000000e+00 1.950433682003124836e-01
7.900000000000000000e+01 2.000000000000000000e+00 1.660626796671111627e-01
7.900000000000000000e+01 3.000000000000000000e+00 1.120477418203980752e-01
7.900000000000000000e+01 4.000000000000000000e+00 8.337996803469702178e-02
8.000000000000000000e+01 0.000000000000000000e+00 1.897898174693727069e-01
8.000000000000000000e+01 1.000000000000000000e+00 1.186814624824586301e-01
8.000000000000000000e+01 2.000000000000000000e+00 1.474364894827398798e-01
8.000000000000000000e+01 3.000000000000000000e+00 1.574762022859699517e-01
8.000000000000000000e+01 4.000000000000000000e+00 1.107217284559134929e-01
8.100000000000000000e+01 0.000000000000000000e+00 1.751809384249130297e-01
8.100000000000000000e+01 1.000000000000000000e+00 1.020074848667803513e-01
8.100000000000000000e+01 2.000000000000000000e+00 1.669779045182676891e-01
8.100000000000000000e+01 3.000000000000000000e+00 1.792810231299623580e-01
8.100000000000000000e+01 4.000000000000000000e+00 1.557711452039780842e-01
8.200000000000000000e+01 0.000000000000000000e+00 1.384814162934207282e-01
8.200000000000000000e+01 1.000000000000000000e+00 9.922724429770490850e-02
8.200000000000000000e+01 2.000000000000000000e+00 1.142569499451020348e-01
8.200000000000000000e+01 3.000000000000000000e+00 1.989228248758295736e-01
8.200000000000000000e+01 4.000000000000000000e+00 1.934697497312780345e-01
8.300000000000000000e+01 0.000000000000000000e+00 1.640162741974986182e-01
8.300000000000000000e+01 1.000000000000000000e+00 9.618330488726113681e-02
8.300000000000000000e+01 2.000000000000000000e+00 1.148438593707491878e-01
8.300000000000000000e+01 3.000000000000000000e+00 1.454661666401242670e-01
8.300000000000000000e+01 4.000000000000000000e+00 1.403945892615480195e-01
8.400000000000000000e+01 0.000000000000000000e+00 1.680219823247733890e-01
8.400000000000000000e+01 1.000000000000000000e+00 1.980854809853295484e-01
8.400000000000000000e+01 2.000000000000000000e+00 2.036620381991034179e-01
8.400000000000000000e+01 3.000000000000000000e+00 1.186235513250111923e-01
8.400000000000000000e+01 4.000000000000000000e+00 1.028638771926181084e-01
8.500000000000000000e+01 0.000000000000000000e+00 2.104792170033437937e-01
8.500000000000000000e+01 1.000000000000000000e+00 1.094409371995745950e-01
8.500000000000000000e+01 2.000000000000000000e+00 2.013701700390340688e-01
8.500000000000000000e+01 3.000000000000000000e+00 8.862955194822826066e-02
8.500000000000000000e+01 4.000000000000000000e+00 1.393197103052378205e-01
8.600000000000000000e+01 0.000000000000000000e+00 1.359986504117960127e-01
8.600000000000000000e+01 1.000000000000000000e+00 9.032121472182380595e-02
8.600000000000000000e+01 2.000000000000000000e+00 1.804591597215204901e-01
8.600000000000000000e+01 3.000000000000000000e+00 2.013577764489808686e-01
8.600000000000000000e+01 4.000000000000000000e+00 1.165009555619517245e-01
8.700000000000000000e+01 0.000000000000000000e+00 1.277591327189585568e-01
8.700000000000000000e+01 1.000000000000000000e+00 1.700425359948065651e-01
8.700000000000000000e+01 2.000000000000000000e+00 1.388627799944229524e-01
8.700000000000000000e+01 3.000000000000000000e+00 1.534610051388917984e-01
8.700000000000000000e+01 4.000000000000000000e+00 1.285783370408637438e-01
8.800000000000000000e+01 0.000000000000000000e+00 2.063051976209556992e-01
8.800000000000000000e+01 1.000000000000000000e+00 1.409815807330039583e-01
8.800000000000000000e+01 2.000000000000000000e+00 1.428937333449556701e-01
8.800000000000000000e+01 3.000000000000000000e+00 1.001258609048785858e-01
8.800000000000000000e+01 4.000000000000000000e+00 1.654894625948874209e-01
8.900000000000000000e+01 0.000000000000000000e+00 1.078384067700213500e-01
8.900000000000000000e+01 1.000000000000000000e+00 1.326846030729730286e-01
8.900000000000000000e+01 2.000000000000000000e+00 1.584234570547742582e-01
8.900000000000000000e+01 3.000000000000000000e+00 1.291138348683514292e-01
8.900000000000000000e+01 4.000000000000000000e+00 1.231121863934538235e-01
9.000000000000000000e+01 0.000000000000000000e+00 2.344937001316040603e-01
9.000000000000000000e+01 1.000000000000000000e+00 1.685535633917305542e-01
9.000000000000000000e+01 2.000000000000000000e+00 1.218857547082204118e-01
9.000000000000000000e+01 3.000000000000000000e+00 1.130450513407787599e-01
9.000000000000000000e+01 4.000000000000000000e+00 1.283220498862540082e-01
9.100000000000000000e+01 0.000000000000000000e+00 1.491847284029871046e-01
9.100000000000000000e+01 1.000000000000000000e+00 1.205714662841710777e-01
9.100000000000000000e+01 2.000000000000000000e+00 1.234923091089799863e-01
9.100000000000000000e+01 3.000000000000000000e+00 1.546403319150439493e-01
9.100000000000000000e+01 4.000000000000000000e+00 1.238682629760731596e-01
9.200000000000000000e+01 0.000000000000000000e+00 1.349591539285484310e-01
9.200000000000000000e+01 1.000000000000000000e+00 1.777548077188718101e-01
9.200000000000000000e+01 2.000000000000000000e+00 1.129582297049795264e-01
9.200000000000000000e+01 3.000000000000000000e+00 1.441148407561260725e-01
9.200000000000000000e+01 4.000000000000000000e+00 1.000217036131163251e-01
9.300000000000000000e+01 0.000000000000000000e+00 1.890749103663611486e-01
9.300000000000000000e+01 1.000000000000000000e+00 1.121380749055834597e-01
9.300000000000000000e+01 2.000000000000000000e+00 1.383815856691794632e-01
9.300000000000000000e+01 3.000000000000000000e+00 1.197721739106910460e-01
9.300000000000000000e+01 4.000000000000000000e+00 1.475125504210154370e-01
9.400000000000000000e+01 0.000000000000000000e+00 1.399058319225227331e-01
9.400000000000000000e+01 1.000000000000000000e+00 1.346741880777106992e-01
9.400000000000000000e+01 2.000000000000000000e+00 9.426785874370460783e-02
9.400000000000000000e+01 3.000000000000000000e+00 2.110602439948849329e-01
9.400000000000000000e+01 4.000000000000000000e+00 1.281347928241591827e-01
9.500000000000000000e+01 0.000000000000000000e+00 1.934365914375810458e-01
9.500000000000000000e+01 1.000000000000000000e+00 1.612087966213498480e-01
9.500000000000000000e+01 2.000000000000000000e+00 1.843162313418182097e-01
9.500000000000000000e+01 3.000000000000000000e+00 1.134004845170754061e-01
9.500000000000000000e+01 4.000000000000000000e+00 9.335711368823151890e-02
9.600000000000000000e+01 0.000000000000000000e+00 1.378917481402654743e-01
9.600000000000000000e+01 1.000000000000000000e+00 8.862375486635173938e-02
9.600000000000000000e+01 2.000000000000000000e+00 1.670566825841467429e-01
9.600000000000000000e+01 3.000000000000000000e+00 1.669868316030390654e-01
9.600000000000000000e+01 4.000000000000000000e+00 1.066746843343844703e-01
9.700000000000000000e+01 0.000000000000000000e+00 2.105274795480834016e-01
9.700000000000000000e+01 1.000000000000000000e+00 1.378680240322656125e-01
9.700000000000000000e+01 2.000000000000000000e+00 1.079238841625615869e-01
9.700000000000000000e+01 3.000000000000000000e+00 1.167464790346995768e-01
9.700000000000000000e+01 4.000000000000000000e+00 1.626628233226122267e-01
9.800000000000000000e+01 0.000000000000000000e+00 1.409806415306384675e-01
9.800000000000000000e+01 1.000000000000000000e+00 1.694667056360878166e-01
9.800000000000000000e+01 2.000000000000000000e+00 1.869196956787010366e-01
9.800000000000000000e+01 3.000000000000000000e+00 1.030982410738188609e-01
9.800000000000000000e+01 4.000000000000000000e+00 1.187599443491831191e-01
9.900000000000000000e+01 0.000000000000000000e+00 1.117430370042857279e-01
9.900000000000000000e+01 1.000000000000000000e+00 1.106967543172145269e-01
9.900000000000000000e+01 2.000000000000000000e+00 1.732695643450460343e-01
9.900000000000000000e+01 3.000000000000000000e+00 1.648058590515699140e-01
9.900000000000000000e+01 4.000000000000000000e+00 1.500468700305565284e-01
