1.351593840083451805e-04 7.733269270643180419e-05
3.780004823424009119e-01 -4.153121564981038794e-01
7.138301045769023282e-05 5.827869181278905549e-05
1.184587648347121481e-04 8.279011069339459379e-05
4.665803398363997792e-05 8.414018108398395291e-05
4.066809785848099354e-05 1.015135128686741978e-05
1.082258075748826460e-04 7.523848562528602393e-05
7.181957456200600289e-05 6.345968191067186711e-05
5.842359269372234085e-05 5.894307505521838932e-05
3.552746116018086764e-01 5.444740616530787530e-02
6.865664168561503189e-05 2.904139495787459426e-05
1.126826405885030354e-04 7.992004246137117776e-05
8.761260167265664416e-05 1.096555033456700145e-04
9.263513665103050780e-05 3.522149607068031585e-05
3.366360569920243611e-05 1.733260821135771822e-05
7.961308582942121877e-05 4.166952457279576155e-05
9.341860653410043180e-02 6.362068114946078934e-02
4.887781762653856665e-01 -3.949969168099182748e-01
1.251132295690061047e-04 1.106292033176477121e-04
2.293443339142350532e-05 3.821475213877720804e-05
6.457461528605726092e-05 8.032471437942387390e-05
4.727168018242906555e-01 -2.474572557098177472e-01
4.393035487712398934e-02 1.703353238496337074e-01
4.724071536662447501e-01 -2.580702148932121354e-01
1.552770974809552444e-04 1.011383132109945274e-04
6.098321572401533370e-05 2.785636472204929345e-05
7.483074738662948665e-05 3.044028036957120429e-05
-2.292277146346905631e-02 4.427679908212051041e-01
1.167002171662160037e-04 8.453672776246202048e-05
8.268847152635193181e-05 4.365234956447593199e-05
5.570899686497369509e-05 6.677962818356796731e-05
1.607536105733483342e-04 1.036882160658280174e-04
3.522579474423452258e-05 7.007929190115712820e-06
4.317712649929843259e-05 3.181865015667097207e-05
9.215555050495343207e-05 5.873113001141984683e-05
4.151181559425088437e-05 5.408792903248414751e-05
5.694417441027358606e-05 3.491405440754187864e-05
9.120687244334721498e-05 5.167544690311907371e-05
1.176033196279091335e-04 8.074505215002184997e-05
9.385918347157782540e-05 5.949552830459703542e-05
2.901747691097488757e-01 -1.643597885289307392e-01
7.973053257335458192e-05 6.797704035326649437e-05
1.363893962327832087e-04 9.725974215646922651e-05
6.929303511936583232e-05 5.920777119533821161e-05
7.396761351523249164e-05 4.073996236053607301e-05
4.922757413974543361e-02 3.519833744905676715e-02
1.886741459292183652e-04 1.735416776096515058e-04
6.904583679348853531e-01 -5.557202187299173923e-01
4.241865475024432886e-06 1.096611125578465975e-05
7.986462160054603955e-05 5.483415150516934882e-05
8.400138658104222675e-05 4.008227572157590813e-05
8.495607066660535174e-07 7.271115653711973190e-06
8.719928518163564735e-05 5.179346667050068132e-05
7.416826886119006466e-05 5.844974911396951412e-05
1.550836987204140798e-04 1.174028032366103208e-04
1.308731319461869870e-04 7.582564519411289828e-05
-5.622649473813749049e-02 3.609320686362211400e-02
7.985820780744236271e-05 7.011488841695047989e-05
5.772522273578289563e-05 7.937889978262506051e-05
1.301820704440675796e-04 4.891079078377266970e-05
1.019834136363445527e-04 8.797591941544186209e-05
-8.900175600943922849e-02 3.198086654519589067e-01
7.890656035151426002e-05 5.667331685991015410e-05
8.944829735582855434e-01 -6.712116886121172188e-01
3.867101661509155797e-01 1.281338813341946214e-01
1.052795770972709508e-04 9.761220380030001368e-05
6.494020295525402794e-05 3.825102026247057869e-05
4.739450036971573432e-05 4.691654774839555301e-06
8.052180006475339073e-05 8.762931475558026668e-05
1.019408414181271658e-04 5.258347610713041980e-05
9.404255920665822532e-05 6.430767368544456719e-05
3.492432487800121652e-05 6.391685982126628536e-05
9.731222650399728633e-05 5.691725197533805303e-05
6.538964479894051230e-05 3.547078071534800575e-05
1.050649259156073245e-04 5.950820070497127886e-05
5.366633264195832116e-05 3.640236784470564499e-05
1.449136085133057028e-04 1.439852407313872826e-04
6.697601603256960745e-01 -5.170176238495187704e-01
6.090139307471138937e-05 7.842392289497011274e-05
5.798546001839695041e-01 -3.028796488908365725e-01
1.068561681960660106e-04 1.131735386526137464e-04
3.318828593169492812e-05 1.727853158795143924e-05
1.371727107383354210e-04 4.635745862501731393e-05
4.164628013678609575e-01 -1.014753229382129862e-01
5.791275593906523432e-05 6.012071741162891683e-05
1.164453935300025579e-04 5.492593965678154995e-05
9.014222014452112099e-05 8.583777724983489917e-05
9.583045808685445536e-05 4.768477342377491426e-05
1.213830375099306455e-06 -4.051149636935646264e-06
9.185917331644459982e-05 9.371929408937271558e-05
9.877664220233306448e-05 5.516038964646460981e-05
5.861011348248021114e-05 5.056067858481436085e-05
8.671783256863506342e-05 9.462320615068475782e-05
8.028324667461660402e-01 -3.476776473850233806e-01
3.573733137927424770e-05 2.575198021618872605e-05
6.194782773639504261e-03 6.622445784890044042e-04
1.044034278375795017e-04 1.058858983242734280e-04
7.347443961183259501e-05 1.015360212520651152e-04
6.415263018301711642e-05 4.432074578404415576e-05
7.847801729080350341e-01 -5.002263816678736985e-01
4.788067521372252870e-05 7.775098141698720772e-05
1.040319709925611297e-04 9.396274919865488934e-05
9.226591642512479009e-05 3.748281771401847058e-05
1.141525109124273164e-02 4.074100434861119106e-03
1.687713626382483789e-01 -5.331313060672077673e-04
-1.814165010898051534e-05 -1.510229852733022307e-05
-9.545574586508985939e-04 2.481650243078561136e-01
1.211363176830061359e-04 7.859069818763881178e-05
3.765310856479033297e-01 -2.744805916005904969e-02
1.410569362962907423e-04 1.117366469562619888e-04
1.177920793563722897e-04 5.870202964003534127e-05
1.522220961719791604e-04 1.102164780185278402e-04
-2.970657084343455989e-01 2.840177774503294117e-01
6.660617991645663150e-01 -4.612271689106757222e-01
7.963362159584745463e-05 9.133611033656354264e-05
1.801280354041400627e-05 1.493135832159579175e-05
4.390886459278444499e-05 3.345286476531860245e-05
9.724564977470869702e-05 7.487555054032478538e-05
1.329874748170492777e-04 9.732055296123804712e-05
1.043377598909306164e-04 5.419128386688049878e-05
1.647690303721592088e-04 1.254815682783979312e-04
-1.855301980299189222e-06 -4.369317038683191372e-06
1.041674965987905255e-04 6.805853452089902353e-05
1.152187529549027667e-04 8.517307637437414325e-05
3.856769884099874172e-06 -8.058230432559577546e-06
-1.356851826406887396e-01 2.190086336970926695e-01
1.480260442913705610e-04 1.237397246533583042e-04
6.116360778865639620e-05 4.939694529856852710e-05
6.862614097707066458e-05 4.254640090525687034e-05
8.614352104373227403e-01 -4.554463544612308845e-01
1.406514265127204518e-04 1.018124184907195158e-04
9.854532672484410546e-05 1.333177175650220069e-04
1.120585346974829963e-05 -8.680666042116328134e-06
4.253892717073316581e-05 4.536169244192359853e-05
9.579410946316254671e-01 -7.006487365073814644e-01
1.086971118953815844e-04 9.418413854487127260e-05
2.363352930196690738e-01 1.119358726794302851e-02
5.986261824113429589e-05 5.335689514349098320e-05
1.148125671160567907e-04 8.205492720970297563e-05
5.215030577384214272e-01 -3.515510986359624557e-01
6.277461782947452162e-02 4.396735761158591244e-02
2.420722669707669951e-05 9.826957944337461325e-06
8.526134359106520878e-05 6.055550840897146278e-05
8.984685158403876617e-05 4.169775147384706133e-05
1.107675766096011223e-04 9.576836696834942046e-05
7.565580017283404552e-05 5.057683537262834257e-05
6.695551031304634881e-05 4.717483309701179270e-05
1.488124011154848324e-04 9.454604016401176394e-05
4.947627921357877675e-05 4.906154703559844309e-05
5.870947962624002676e-05 3.247626722614137376e-05
8.511287372763286794e-05 6.852223812964666294e-05
1.431219235536271631e-02 1.049919182722787100e-02
2.675570075194335096e-01 -2.290875183304291740e-01
6.822841960576869465e-05 2.706505584088582215e-05
7.149451135127740567e-05 8.210256093521290516e-05
9.388819499885577339e-05 9.339528047501275852e-05
2.055008251533587077e-05 1.516037114466437122e-05
1.437416037068679352e-04 1.073935027253038567e-04
7.631852341434107734e-01 -5.376218186042277525e-01
6.337706400126648528e-05 6.222710262338256916e-05
6.615176842050539685e-01 -5.149449593300102768e-01
5.384198096037988332e-05 4.725331178588819392e-05
1.421015756741540173e-04 1.655518721580887518e-04
5.248632209636966417e-01 -2.837002587788290953e-01
6.645851625519483632e-05 5.155437481749759732e-05
8.941684450373614632e-05 6.480574727778760989e-05
8.938982040674353646e-01 -5.573859329712866906e-01
8.142296732070519261e-05 7.278750914311500381e-05
6.013352156594257031e-05 5.358274075752762002e-05
6.280584932304457131e-05 6.085754407836698517e-05
3.996891624815922012e-05 3.184495007589998721e-05
6.615939934033190841e-05 7.623827444973141191e-05
9.505346900448554336e-05 3.362898565262800829e-05
1.193432060344071450e-04 7.410922523317220575e-05
8.351405296848167905e-05 6.803289159568000539e-05
6.351069264032415816e-05 5.651943311884187677e-05
-3.532973358763498092e-03 -1.796953591664990912e-01
1.049969207800964928e-04 8.843321809787859560e-05
8.498960605140899460e-01 -2.951735992515853724e-01
1.185903639765021781e-04 9.773063401032555057e-05
6.236552390428119438e-05 8.874453158856270886e-05
5.954984620469324641e-01 -3.883274645580149231e-01
1.230301993874899098e-04 7.881990038000563864e-05
7.331821896203402915e-05 3.875440285639886325e-05
6.907199685909069277e-05 6.105570449389920238e-05
1.041922005362868302e-04 1.088250988332682456e-04
6.501995525385443372e-05 1.526806130033836107e-05
3.567814213277319402e-01 -1.760200241599817195e-01
7.929658997358766115e-01 -4.242778291588636397e-01
7.541521269355835845e-05 1.009916105317163382e-04
4.649293256161479704e-01 -2.764561770810027852e-01
1.034323906859920569e-04 5.986396546700201252e-05
4.998439152855247992e-05 5.044028578563427109e-05
9.187842360608124625e-05 7.417808193548203362e-05
9.056563735850910754e-05 7.257628702521361902e-05
8.765230358373712210e-05 4.642559984832272984e-05
1.136591470098100232e-04 1.019724096400477997e-04
4.029485441144393010e-05 2.106469580159877564e-05
8.037194739888001615e-05 5.561657732074449145e-05
7.084905585847958373e-05 5.185472764006183294e-05
3.483081121255651724e-01 -5.532683967359696559e-02
4.914466613688062702e-01 -2.059413447096599958e-01
1.149599137954781641e-04 1.248496994572727379e-04
1.379453897201339530e-04 8.089140945955333522e-05
2.729503019739288155e-06 -6.384983781234148065e-06
7.074382665795751041e-05 8.367029557852762684e-05
7.885604791302887329e-02 2.378783757655036912e-02
8.440762442981284937e-05 4.763308199878723225e-05
3.592365021129052507e-05 7.746590401028201846e-06
1.099681489966171697e-04 9.580540731402729579e-05
9.108541168512019769e-05 1.073583313737021711e-04
4.888671435077132088e-01 -2.876449297446786457e-01
3.924223626306462868e-05 3.799085778192257302e-05
9.609749222783044997e-01 -6.156486265185187046e-01
1.001608908563609191e-04 9.661026618686504230e-05
3.490746085950722995e-05 4.719288673700469059e-05
1.529874040994926823e-04 1.169199668245592106e-04
7.350955235496912661e-05 5.204375267149751881e-05
5.256109677175860274e-05 2.989262971577780770e-05
5.475579586328609416e-01 -2.527377260018293104e-01
4.298699628107421344e-01 -3.862591428738395005e-01
1.107616567744378598e-04 8.609505908624149597e-05
6.092508625852705029e-01 -4.425224809338429988e-01
1.062733599037900696e-04 8.234206102126145422e-05
8.547056161309156928e-05 1.190629816750117125e-04
1.647967900030875029e-05 1.351991853828363411e-06
8.166768846529005616e-05 3.569694530832103309e-05
6.458816819241836569e-05 7.190732721554293826e-05
9.513996579651994576e-05 8.234868458825722213e-05
1.412846855848376643e-04 8.665835230152457843e-05
1.027217233344153083e-04 5.774191701743979519e-05
7.159041309929297010e-05 7.762272298984368966e-05
4.941386486205704120e-05 3.128743796057543281e-05
5.939154917130091038e-05 1.982211120671145655e-05
1.102066801497835348e-04 8.630675996435295961e-05
1.302960450855348206e-04 1.039099153576017117e-04
8.799555316894629110e-05 3.934786042340925321e-05
4.366205342864930495e-05 3.164268569746552293e-05
3.677814824693255804e-05 4.342589615809435886e-05
7.397172265420917658e-02 3.551197718112382440e-02
3.989716797559040163e-05 3.399729682828691853e-05
7.227746255318341362e-01 -4.419733597326858110e-01
1.395683722539697174e-04 8.811737602762140427e-05
5.137584186671380771e-05 7.176514734706617696e-05
7.697043228112406715e-05 7.008943978343854723e-05
3.617263646104722116e-05 3.468979949966245036e-05
7.886208992049302644e-05 4.896412234509641629e-05
1.206731233707403558e-04 9.249346487061616006e-05
1.095243486792693533e-04 6.999202126697094868e-05
5.356506824658554037e-05 3.648341769138968457e-05
4.781166700352275090e-01 -1.642445614850772950e-01
7.118011635274869048e-05 3.691095712094926622e-05
1.014879422401660034e-04 1.302419239892361319e-04
8.358279796903034427e-05 3.315084365989203450e-05
6.716178080670558994e-05 3.923172428721682909e-05
5.095851707631107177e-05 4.604942277755652677e-05
7.578196839651165639e-01 -2.338154103355608027e-01
6.759788264612557804e-05 8.462059922092057677e-05
9.162779203526661852e-05 7.462789728858333497e-05
6.565764214196836424e-01 -4.659023786184469107e-01
9.299229593584110631e-05 6.908681825266096304e-05
9.199424403770970480e-05 4.585825951115141260e-05
3.152743606910190510e-01 -2.032830666570143718e-01
1.115353624203506834e-04 6.468043834711678067e-05
6.113333185285552401e-05 9.128963060753525179e-05
1.031161122790571116e-04 1.261074588072853538e-04
1.221434443297934847e-04 8.356883634030310684e-05
6.877872770226199921e-05 4.344866614897411163e-05
2.214697921281611609e-02 -3.876615363684548111e-03
7.411857140481919657e-05 2.544829008726060671e-05
7.222815673633125732e-05 4.209070814860294045e-05
1.371234036580755336e-04 1.183037069540356854e-04
4.834766573808999546e-01 -3.107292226626451326e-01
8.357234876284129845e-05 5.557725091575583095e-05
4.765094465828343393e-05 4.987692505814557805e-05
4.855689128791449982e-01 -3.822378603757238813e-01
2.647071955646083493e-05 -3.100449528261789341e-05
1.767573410806430199e-04 1.314593328822236335e-04
5.169594863338160414e-05 1.134871613244799448e-04
9.643420341882753702e-05 6.372523436876601627e-05
5.227448920225264972e-01 -3.742785785445986169e-01
-2.590377384936999317e-01 3.471315669030415330e-01
1.808038824782298379e-04 1.155457137831867643e-04
7.539116895724540821e-05 7.266239757469806083e-05
3.793624635521697930e-01 8.656155428660017651e-03
5.077595342773306292e-02 1.191124557025448338e-02
1.051882690066509356e-04 7.624483140110205435e-05
-6.472692865571927382e-06 -2.303929791133870428e-06
1.361338078184196932e-04 5.868013772326689386e-05
9.771289429560638855e-05 1.228423140094943918e-04
1.618705039271951590e-04 1.794330810233162857e-04
3.638152054579237309e-05 9.084113046466783001e-06
6.639783924211413902e-05 3.677609550370451502e-05
4.174860917227096735e-01 -2.939309798436180454e-01
5.265237361312582465e-01 -1.357165315402930339e-01
9.454127735491415650e-05 5.791158926028972090e-05
8.600804979159297513e-05 2.350769691632251338e-05
6.196952257289332618e-05 5.424868571805811367e-05
5.235480353339523125e-05 3.740640654808241746e-05
1.056602998486408319e-04 1.033750920649827317e-04
5.718320371502302489e-05 3.801214373406364719e-05
1.543286255729492808e-04 1.489240165894374916e-04
2.820933910223842322e-01 -4.129649831502165552e-02
5.841437883173673518e-01 -1.977699685352066195e-01
9.056348058326024316e-06 6.375794215472417263e-06
3.240253845249451148e-01 -1.906117064414318552e-01
5.881362385594751663e-01 -5.538704055920086189e-01
7.128303905200320534e-01 -1.105056229459801670e-01
8.900435681329840743e-05 1.229324711053224990e-04
7.779769203524367245e-05 7.092226291970173981e-05
9.545300021111440610e-05 7.011077747674638564e-05
3.649757844980770630e-05 1.712568286018964080e-05
9.149927103548540917e-05 9.018304689315582198e-05
1.443890819359784313e-04 9.711144078571521852e-05
2.627376394089916780e-05 -4.966278665404035774e-06
9.130679104985015904e-05 6.031190903449612723e-05
9.847820662640468126e-05 6.619504988217888501e-05
4.552834673909329750e-05 6.966800447062410464e-05
7.840255589217502014e-03 3.574429965423242279e-03
8.294138809355333783e-05 4.578569386526154208e-05
1.472172606337325291e-04 1.207848269827789832e-04
8.749295501495494361e-05 8.211788666282486733e-05
1.636360668187089029e-01 -2.238054877697931988e-01
5.585867167686188857e-05 6.375781363026867480e-05
7.515914137061646683e-01 -3.918465083976578889e-01
9.356039009798048083e-05 6.501313704329633020e-05
7.982695787643695972e-05 6.684028861758870813e-05
1.052764322340192467e-04 7.373070498001589308e-05
6.006984245490744041e-05 4.564270806486474410e-05
5.848211985402301447e-05 1.916855033656024538e-05
2.981709154050593506e-05 2.817454606347049472e-05
7.583726352636240627e-05 4.942134543120603224e-05
1.145729919331993027e-04 7.935956050194109481e-05
9.234154806804288314e-05 6.729500179277088639e-05
8.865330758334425841e-05 5.778791736207336359e-05
7.032304224806046192e-05 5.649099205486413647e-05
9.924771036310649295e-05 8.790079289927940501e-05
3.799686965410803121e-05 3.463277806653776311e-05
7.047606427884438585e-01 -1.909789744584308446e-01
6.453289120834277174e-05 2.291831988377376612e-05
6.696813608857194345e-05 2.462442773073064944e-05
1.094693283185126543e-04 5.863658465887170313e-05
-3.113520683622442720e-01 3.885376251998089447e-01
1.539169019644119401e-04 1.132804273261660565e-04
6.567931668657696538e-05 3.838680024352236178e-05
6.291324233492399109e-01 -4.447466166510863350e-01
4.058738046532557320e-01 -3.387992191811302067e-01
7.123509337219832444e-05 5.229743597371207183e-05
1.311578798023408353e-04 9.897579823529965729e-05
1.024370447532069677e-04 1.324936805234376439e-04
6.112021912940578041e-05 5.764604756744193210e-05
-1.474456870977265410e-01 3.667205113025870378e-01
1.329469069753664711e-04 6.639825314654536229e-05
1.250179673888840860e-04 8.430733725537922698e-05
5.236453507422075268e-05 1.269828706062457002e-05
3.912320328725244489e-01 -1.465409429674837671e-01
9.692377261862845169e-05 9.082003352642287718e-05
1.813080626679787200e-01 4.651156230932981112e-03
1.060955473244908033e-04 6.030031360546211688e-05
7.980799153289218567e-05 6.536514140635829747e-05
3.635095891531812673e-01 1.327668064960008665e-01
5.821396962521679442e-05 8.618736495462775025e-05
8.478447010882566724e-05 2.527147706747044054e-05
7.604553778553762699e-05 4.938505302603550984e-05
6.118229911275764321e-01 -3.258787667106084474e-01
1.382893887840192643e-04 1.311922396081068205e-04
1.234017413224460630e-04 1.118945613247622755e-04
2.576492667605602551e-05 2.681968313316335514e-06
4.040616809988549774e-01 -3.351028326110090383e-01
4.613112216718434078e-01 -1.729946816812805988e-01
1.174238554653574373e-04 9.863397346532496693e-05
1.047363734366187944e-04 7.154637273717122901e-05
1.998786977528840825e-01 -1.588023059704220252e-01
5.887915106387699993e-01 -2.901753394824703736e-01
5.042022250999563291e-05 8.578085394610296638e-05
-1.602513646507667255e-01 4.401540838220841523e-01
8.667233119635476483e-05 1.792641291164546530e-05
4.555743324180555609e-01 -2.679570193580497750e-01
7.814265606924854105e-05 6.419979736296696710e-05
1.387939026706626745e-04 1.057400480662002448e-04
1.114368241451234587e-01 3.900141437207451517e-02
1.571613232838617389e-04 8.164811059109028282e-05
1.183961896968481576e-05 2.976180828623619938e-05
6.459678969544879787e-06 6.666399591345104228e-06
6.706639363011572378e-05 8.840674423060943833e-05
1.001662884855772129e-04 6.684867659740022531e-05
7.924941022352928553e-05 8.218215554386711357e-05
9.578639458791894678e-05 6.774471481242164996e-05
4.356222387937950247e-01 -4.150830985206764301e-01
9.556441948396588251e-05 8.304772792606242391e-05
6.161693272975293182e-05 5.169268820463602577e-05
7.196993981986154337e-05 5.355883792123003912e-05
6.571131300220210041e-05 1.390181010535908115e-05
1.001169498062947461e-04 7.483720026797073370e-05
9.814286929668842154e-05 7.720347712735253266e-05
8.505674717330652249e-05 7.125134022734128092e-05
2.543440614898579977e-01 -2.150188086638500640e-01
4.848546659536792766e-05 4.692132241542527883e-06
1.024487572373687622e-04 1.037208617120815489e-04
1.440181967248655532e-04 1.038669865936090261e-04
4.313677880206396309e-01 -2.335268091147494340e-01
5.484507214395534106e-05 2.291962371334981259e-05
1.367249934169124936e-04 1.037803566347242064e-04
6.544610252506174682e-05 6.300749950263952886e-05
8.219382357836548924e-05 6.529237981803616452e-05
1.142956232616738817e-04 8.485668766347823229e-05
8.075122243304630628e-05 4.880052113011275019e-05
6.588779175716087959e-05 4.537915665538580062e-05
5.095783440609365125e-05 1.228476237241671647e-05
8.515407237281819258e-05 8.120234903350218676e-05
9.661215717023322459e-05 5.373897349736828809e-05
7.300888340857153110e-05 1.351081977551329322e-05
8.238507630264316206e-02 3.081941042824853927e-01
8.541471372609777367e-05 5.970708662404655486e-05
7.950813967221832888e-05 6.867797840433483849e-05
3.396054816727159801e-05 3.582684751884493185e-05
9.198423363586495985e-05 6.854952008148812665e-05
3.748870184748165292e-05 2.211703896738104430e-05
9.330360659455687647e-05 7.925378661339693199e-05
8.896088783073431427e-01 -3.190750866636924976e-01
5.068684436553364536e-01 -3.194749756450026013e-01
5.878924236629591273e-05 4.205458709843580616e-05
4.006515913011193253e-01 7.998392499241736842e-02
1.121674346207195394e-04 1.061099021155468788e-04
6.605645779219524404e-05 3.778106718431533789e-05
1.363679398986517239e-04 1.071450999870851448e-04
4.870063791755384064e-01 -2.678629437301120464e-01
5.114471737174027514e-05 2.739087022639327568e-05
7.743436202227846528e-05 9.748997973371123418e-05
4.725048670527536299e-01 -2.178642216922910269e-01
2.817757219629755055e-05 3.798428666334967497e-05
9.337723561612231160e-01 -7.044253074295079298e-01
3.248050081332551908e-01 -1.127676758901056675e-01
1.206514253553657104e-04 1.207729990699464302e-04
1.145438485574619446e-04 8.746980834451979151e-05
3.667516395534995820e-05 -4.006371756804301741e-06
1.754384432956776821e-04 1.800621774307074809e-04
7.853927986998672228e-01 -4.200583550155143620e-01
6.028143741002063983e-05 3.466466152783505273e-05
2.396618361409349744e-05 3.935902859747255532e-05
7.955982960415127370e-05 3.895850054310453885e-05
5.867666361561707511e-01 -3.249714481983574932e-01
4.843903339896745152e-05 5.703576794292164752e-05
1.050113100042801280e-04 9.811011626496890568e-05
9.105566883837372481e-05 6.503010724864162766e-05
9.331892214183480519e-05 8.416249207560190277e-05
4.301214497343900934e-05 2.614291970825389214e-05
5.278201890250570072e-01 -3.898317536634416935e-01
1.028022857911602779e-04 8.693760365681820141e-05
1.099544172649946221e-04 8.269812143667506035e-05
1.043023120725371559e-04 4.945221967938648474e-05
2.338214093506787161e-01 2.530676410231867332e-02
9.862546527125981837e-05 6.487668991126642872e-05
8.972592074516890968e-05 9.105171050350453418e-05
3.086297573693588673e-05 3.020859979514169095e-05
1.515288626051770969e-04 9.428262356506419734e-05
5.775560837498573615e-05 1.935570481608407366e-05
7.222069190026315390e-05 6.919200852751582209e-05
3.858324768939021775e-05 3.127748039959272455e-05
7.246048606188511168e-05 6.182478791847321965e-05
-3.384403413025275364e-01 2.995409439620373426e-01
5.265303698281327272e-01 -1.216611088651098627e-01
6.429353971388572779e-05 4.111080861244741785e-05
9.184488629680429581e-05 6.987655237831464489e-05
1.344308023503732741e-01 6.767347641769214106e-02
4.833535250944327705e-05 6.220154449924573655e-05
1.724372895396150782e-04 1.243126450181000872e-04
4.376310429350067643e-01 -2.939583331518021495e-02
7.071821623603746765e-05 4.301618201004746484e-05
-3.073983736299176273e-05 -1.802029106788625477e-05
1.055273933350400702e-04 9.203884591821133508e-05
7.574731613230569535e-05 4.651468749614638584e-05
1.234877561311287979e-04 8.066872866299035921e-05
3.067743406589803004e-05 6.319131075287540952e-06
6.171062613946161270e-05 4.954635174449833823e-05
4.343146676784213622e-01 -2.447819714623173659e-01
4.521650266704613902e-05 1.873523117002691361e-05
1.060531873603372558e-04 9.804674314198268679e-05
1.126416695124905673e-04 8.117311586208616418e-05
6.627758141562060717e-05 6.032643387129053690e-05
1.493016174756508639e-04 6.926953620015479675e-05
2.876181313895456428e-05 6.159689775384245510e-05
3.812327977623618247e-05 2.073659026141120649e-05
1.028108386992263203e-04 7.146419949976313697e-05
7.766338214024493566e-05 5.382203648748654226e-05
8.329514005693598689e-05 7.659388978330118733e-05
9.324251600396484354e-05 5.692861803935892915e-05
1.128459534199591333e-04 1.144651563400603462e-04
8.064716122496498065e-05 1.595530389148140543e-05
1.890557390434359497e-01 -9.230779951686524099e-02
1.205430997682930069e-04 1.063168378714384257e-04
1.156900864796805387e-04 1.371504846420690163e-04
6.178897846789362935e-01 -3.794063855564606680e-01
5.603224060615010771e-01 -5.753977055402972329e-01
6.354262151718142559e-05 5.907351247750701332e-05
7.735606704383658349e-05 3.109139036324872195e-05
6.847597902362053920e-05 4.752293066593574531e-05
6.590130062523496992e-05 5.182573260029864825e-05
1.455409215446500169e-04 1.005463414202545315e-04
3.380406114376721091e-05 4.299960682240033181e-05
