-5.277907348454948799e-01 6.081554701269438201e-01 9.223288586518534060e-02 -9.286842618865595589e-02
6.493111131322810703e-01 -6.549984315539382207e-01 2.655234633240259323e-01 -1.035864673487886911e+00
4.289438004047508440e-03 3.248771362189307749e-03 2.320645793617072319e-03 2.270282060585747125e-03
1.545612610079518875e-02 1.195066469709087781e-02 -9.337963561042959826e-02 -1.093395780762831393e-01
-7.668466096118434216e-02 -8.997832841855274433e-02 -3.657918981031469535e-02 -1.003041631349900348e-01
-9.270634972950261734e-06 -6.465861251605512033e-06 -2.498691583584880277e-05 -1.613333320712406242e-05
1.121930358843223162e-04 7.392483628587323942e-05 4.092360147087509373e-05 -5.919629454778822602e-05
-3.260439272969141363e-05 -4.064032207292693944e-05 3.414074088857903174e-05 3.365332170091962589e-06
-4.363208228598466215e-02 -4.879448002980005250e-02 -6.071264201668043203e-02 -8.566142015759958817e-02
2.189910916177440558e-05 4.275751300803359324e-05 -1.182093128789779541e-04 -1.636114127258794901e-04
-1.131785090725911658e-01 8.665156542881574664e-02 2.114589633278217973e-01 -4.669756038251088315e-01
-2.849803637727378949e-02 -9.554770173699649038e-03 6.421365203171558629e-03 -2.745782527957383798e-02
-4.789761103914698392e-02 -9.824517282455973166e-02 -1.874914884075110366e-01 -2.766642373108932351e-01
2.176541256489022969e-01 -3.210887034167464460e-01 2.439569282080423229e-01 -5.107219854424628336e-01
5.706617869909844554e-05 3.788675859853377168e-05 -5.157580750047849799e-05 -6.494569359961819253e-05
8.953660660533117877e-02 -4.809538612591517937e-01 4.316826002525753769e-01 -6.099033821490922325e-01
-1.063508317396670757e-05 6.119359452518787453e-06 -1.114012868098667087e-04 -1.332160528965709869e-04
1.421559588299399213e-01 -5.871016214284176249e-02 4.693694721909528189e-01 -2.258855000722173045e-01
-8.941064797142320771e-04 2.101058568585108515e-03 -1.280913061343360616e-02 -7.749970518119488408e-03
5.359380063244785833e-05 6.817315211439505397e-05 -1.615893289380096641e-05 -6.489290272683184561e-05
8.498778399017166928e-05 4.219988752459738761e-05 -2.603058190114808566e-05 -1.490434150166673971e-04
-7.467546273969839202e-05 -5.483706757514544096e-05 -8.616089098376808985e-06 -4.402298091561383765e-05
-2.434599254783851062e-06 -1.846173538073265873e-05 1.632415029445915435e-05 -9.125717378234127395e-06
2.015135870580946143e-05 6.552415971485821928e-05 -1.260950491604460638e-04 -8.670371334625386550e-05
2.694042174971172376e-01 -3.651558213747825854e-01 6.044783961618695883e-02 -3.430956185905461031e-01
3.464744084750838726e-01 -1.668754368499931473e-01 -1.043439536238239818e-01 9.843452327547536074e-02
-5.514069511042836815e-05 -2.262092180064434729e-05 -7.095189619257950321e-05 -6.796594525377586420e-05
-5.585576840840813387e-06 -3.267796361788753636e-05 2.215808635772450289e-05 -5.172927685219374339e-05
-2.360179920895292012e-05 -2.864498202834159208e-05 -2.945815833857508173e-06 -1.925673318740656227e-06
8.356404040074358385e-05 8.694732326929084545e-05 -9.032387527023698077e-05 -2.210236897053985752e-04
4.182820194016691320e-05 6.807310732097487135e-05 -4.212983349809010946e-05 -1.010388940856594080e-04
3.305747176460344865e-05 1.199765086740246695e-05 -1.247762848553429702e-05 -9.353145581129349061e-05
3.977544982285677322e-01 -7.408896729440633822e-01 -3.389688667838592490e-02 -4.923003664324266948e-01
4.844030026045589334e-05 8.489482728463801166e-06 -7.656142707537185366e-05 -1.093897821236296204e-04
-8.592893869082647296e-01 6.710344710918703104e-01 1.738602268609938661e-01 1.291653758188419376e-01
-5.330856985546344079e-05 3.852988541620748137e-06 -5.720572648658587395e-05 -1.379208161655388605e-04
1.177760055604320843e-05 1.394582698044274284e-05 4.771120071656523981e-05 1.829272922321167864e-05
2.343986736209330556e-05 8.719689093607452916e-06 -9.733111796379520617e-05 -7.577460084814364246e-05
1.046653371022619794e+00 -8.501943935473554870e-01 -6.782535864792443858e-01 -1.981177764194967314e-02
-4.786957000354505332e-01 1.632296571305117405e-01 7.565191266798603209e-01 -7.489729092290895451e-01
3.223291289742718650e-05 3.028622754115033107e-05 -1.432505899017046179e-04 -1.480953985546581324e-04
3.026112868215193348e-05 2.697705101156625072e-05 -7.061481723734550303e-05 -1.208324179406455092e-04
-9.457663460386169885e-05 -7.581654320875761842e-05 6.638728199741763159e-05 2.300140391904944814e-05
3.216202553773638839e-01 -3.925054437211894509e-01 2.587178579393594191e-01 -4.682993065398278199e-01
3.757244698622516551e-05 4.896529140000415256e-05 -2.672738823048412081e-05 -4.746522840293905917e-05
5.587054736933215748e-01 -6.245350745993925035e-01 -5.727004489104787766e-01 6.143660599053923227e-02
2.474180435988573753e-05 1.371562939076710407e-05 -4.799265101329502718e-05 -1.288184424710288637e-04
-8.269886952745945097e-01 5.941726827557506363e-01 4.645861181042862942e-01 -3.863044802623188390e-01
6.378253444234115166e-05 4.681240596354409056e-05 -1.531143781418465213e-05 -1.452090252823393579e-04
-8.954043185039065590e-06 -3.015836531549738074e-05 -1.712888559454080477e-05 3.193903609524719012e-06
-5.449417202393316284e-01 3.529662805303150352e-01 1.666899325748318339e-01 -3.102885402570798243e-02
5.601309429453263866e-05 2.903299284758573736e-05 -9.896195882347998043e-05 -1.606962068871755440e-04
2.200911443490280450e-01 -3.868911478024153472e-01 5.170679928289134697e-01 -5.285552250730041202e-01
-4.883473624482693196e-05 -1.323731203951987963e-05 -3.176781798051150685e-05 9.798428681545612282e-06
7.233274793741168265e-05 6.602380733308336233e-05 -9.882782367364057201e-05 -1.737204772467547940e-04
-2.784570458228618189e-06 1.879132589252155322e-05 -9.331634669529381048e-05 -1.005290280527214948e-04
-3.752936855658028031e-05 -1.426287492928971688e-05 4.454910972861087149e-05 4.580646877531955506e-05
-1.115191506268341468e-05 2.735928058884907116e-05 -1.375120543540623284e-04 -1.472743469651955879e-04
4.432046824284891634e-02 3.330086803436926174e-02 4.613059366339060108e-01 -4.133679789916838154e-01
6.958892076700089468e-01 -8.171901967006239831e-01 1.291999564983715432e-01 -6.188289132783407753e-01
5.621684017109214058e-05 2.032073856041393252e-05 -8.444473350185910490e-06 -2.486901200689302003e-05
1.156555759716438971e-05 9.932183164019410480e-06 1.185439431028806348e-05 -3.657634012834666076e-05
-3.219955037179030866e-01 1.348941496241847782e-01 3.496407487971034400e-01 -2.883611400865428998e-01
2.301216150653882797e-02 -1.428818835659044217e-01 -2.312493840090194264e-01 -3.890297487091904927e-01
-8.449241279958508261e-06 4.900419390765428047e-06 -7.426943073817408164e-05 -1.253831925288023241e-04
-3.669486266918453880e-05 -2.179650788866669650e-05 -5.451647657573950888e-05 -4.349937380377492561e-05
3.083474204848686925e-05 9.307780757814952536e-05 -4.328344616791845979e-05 -1.313359701311053881e-04
6.267459059476603311e-01 -3.497156672406175892e-01 -4.333484164667175675e-02 2.095223023698997503e-02
-6.950614907533636652e-05 -4.409787824683817736e-05 -7.231186172194672111e-05 -3.113646618317736934e-05
5.533178482897076478e-01 -6.674380536396745667e-01 4.273637132979334341e-01 -8.835373061658359228e-01
4.660572036199227757e-05 5.269898722889939443e-05 -9.095486587337171097e-05 -5.677599111995845456e-05
5.412411838267916529e-06 2.214932109560217163e-05 -1.078728917108824067e-04 -5.911598063102632499e-05
3.124259731249987997e-05 5.219549545270530175e-05 -9.971067196837461277e-05 -1.493861099231383500e-04
-1.152694832328792635e-01 4.065733981924717078e-02 7.878406099157113651e-01 -1.036397442864419594e+00
-7.231992976962078803e-05 -1.253285542725981864e-04 1.266427904506032718e-04 4.207175088892530201e-05
4.076611300046925603e-06 5.959859436668982517e-05 -1.679755673566774032e-04 -1.803282653185896069e-04
-3.086165121084186467e-05 -4.561734298167448157e-05 1.515764359736135104e-05 -1.299649106111748481e-05
5.601727928152895635e-05 2.824028502024530745e-05 -3.997361306608145173e-06 -8.818469145964452768e-05
2.924185916051963603e-03 -1.789970254477994335e-04 -4.279644871083636629e-03 -1.219728818004593186e-02
-2.384395678160511074e-05 -3.120002260605226989e-05 5.806142681481609374e-05 7.363003135490140717e-05
5.438454930021547468e-05 5.855504632202759824e-05 -5.473772178370112069e-05 -9.202454226158941666e-05
2.763702672200109690e-05 5.960254390343230565e-05 -5.607816617881249209e-05 -1.120776633628809066e-04
2.887226451257909332e-01 -5.675658772037218691e-01 2.994652611596919645e-01 -7.624596710698837709e-01
-4.241766587705397135e-02 -6.397657683108455562e-02 -5.528589671800894501e-02 2.426998931210509400e-02
-2.690805180361155458e-01 2.703603723822590732e-01 4.823796114377478794e-01 -4.973167632088452694e-01
4.219925998389593980e-02 -3.671449104008233516e-02 3.035445921654255641e-01 -3.409148602418152763e-01
-9.334721726625985760e-02 -2.539321913376089146e-01 2.773783732175679750e-01 -4.443653864850372615e-01
-4.400034573127455760e-06 -1.824670583150623201e-06 -5.422080040735005125e-05 -1.127811165352222034e-04
9.134174176553755479e-06 -2.009853571309856350e-06 -3.064864983803176934e-05 -8.668544493069765984e-05
4.589749091933586757e-05 7.558323191082191069e-05 -1.092974012947587286e-04 -6.086591525543928933e-05
4.382485518239838118e-01 -6.250547789462527204e-01 -2.403928109997334472e-01 -3.080939908923510107e-01
-3.111810536292730883e-05 -1.378176288927077385e-05 -3.474519877671738993e-05 -5.291528264444383749e-05
4.222382454590379610e-05 3.812690667131070284e-05 -8.078955836284621234e-06 -9.845472011123777324e-05
2.083615038799028761e-05 -3.327923876213445759e-05 -3.570300700787232354e-05 -5.974347354892752904e-05
-6.057954654681302342e-01 6.660793413562365872e-01 2.881338417609077274e-01 -3.433307046877230317e-01
7.977436372995173886e-02 -3.822682197382646363e-01 2.641345716576183333e-01 -6.656388638832584359e-01
-5.889465439459974361e-01 4.711438496693823863e-01 7.344143319762844180e-02 7.720596114152532274e-02
2.803723768102492611e-05 3.570146986614264632e-05 1.362708506675543171e-07 -3.763509292884434918e-05
3.467368373821447802e-01 -2.527478256219232167e-01 9.193374290151871964e-02 -4.497431211562010200e-01
2.867192449979170382e-05 -1.167577332539807985e-05 -1.054089507912887635e-04 -1.505285689565784171e-04
6.795406207267362761e-05 6.248272833366548919e-05 -1.570855909603326012e-05 -2.585350045239254074e-05
1.532814353323625910e-04 1.327927153551797539e-04 -6.576963443713015076e-05 -1.279423791939383773e-04
-2.570584263571009179e-02 3.415299199564830919e-03 -6.166072576894124357e-02 -5.642208518888235796e-02
-1.136245177754380118e-04 -9.748341644620513158e-05 -4.012306447577575387e-05 -1.051431293174906142e-04
2.885247380881142756e-02 -3.805097262088907306e-01 3.459486793085304601e-01 -3.466579396030852189e-01
1.862599389065318746e-05 3.457717317709807996e-05 -2.268605399312226902e-06 -5.055440621573314026e-05
3.064095376535665518e-05 7.881251635073994674e-05 -4.711850198208771131e-05 -6.608441263625262679e-05
6.421787414135782246e-01 -1.019252703396164694e+00 6.311804571089128790e-02 -1.360042319803058120e-01
-3.287876253533872629e-06 -2.153608601646039844e-05 -5.690779847254675086e-05 -5.328437101382549703e-05
8.146644047388406395e-06 3.394159370491790296e-05 -8.484785479256708759e-05 -1.746098148655301358e-04
8.845869658946106290e-06 4.934294698255088418e-05 -2.729244067968787256e-05 -4.686167764860602243e-05
8.224437909609427246e-05 9.161521313684651982e-05 -9.736085043904503522e-05 -1.120221450731523631e-04
5.662965133505510895e-01 -1.061635567904578137e+00 2.668922297956242140e-01 -9.764666424936110367e-01
3.882563789077083955e-05 -5.867765252038772630e-06 -3.709543174764907611e-05 -7.084317120370228294e-05
-8.433277677882620171e-01 4.385330592317820408e-01 3.615555939339901714e-01 -1.475458778236946045e-01
-2.778471412970953333e-02 -5.694437969166205038e-02 -3.979632805732025852e-02 -6.979506090971758503e-02
-1.025598589356856335e-05 2.819499610633913113e-05 -5.339438436816057454e-05 -7.544748916462153988e-05
6.222212445620195118e-05 4.720668047722300606e-05 -3.804897027758504218e-05 -6.630909471471265393e-05
7.022542971140380459e-04 -2.835846252464059303e-01 3.214320965715695699e-01 -4.167753801705408878e-01
5.311375530447978580e-05 6.653213267645716135e-05 -3.319009314743522575e-05 -8.285001212610710621e-05
2.490315938278088741e-05 4.601685984921679911e-05 -5.288902717606155300e-05 -7.922303907045816934e-05
-5.931143548146090572e-01 3.964532326061597778e-01 3.194159778997106014e-01 -6.608145610462452524e-01
2.149020311174310582e-01 -3.594585161984596433e-01 -3.095208754300598497e-01 -6.026774980920640568e-02
-8.090543696472302093e-02 -2.801184844016912923e-01 2.288471442517948651e-01 -6.180941533513755193e-01
6.494522933656796670e-01 -4.452671608876332954e-01 7.642935132644174123e-02 -2.540390009834844198e-01
-4.923316420321983133e-01 4.750134358323224171e-01 4.893651875564049014e-01 -3.627289150033302101e-01
-4.056692371432683158e-02 -4.264633376291936118e-02 -6.905233434309258900e-02 -4.784049366505628564e-02
-2.652971054669049894e-05 -1.869233527015105138e-05 1.171900815824920143e-06 -5.436766292846760345e-05
3.599155957049379051e-05 3.310324364671820966e-05 -1.437171052071174520e-04 -1.643152333653716518e-04
3.196716004230043540e-01 -5.786875920049869976e-02 1.925155774413902232e-01 -1.720853640707301624e-01
-1.967754025786714139e-05 2.858815747918077945e-05 -7.575699101057301282e-05 -9.694110312932130490e-05
-3.324085212653373755e-01 3.187770693592484883e-01 1.486432842237962182e-01 1.470492657617398224e-01
1.796334708181541173e-01 -2.802934922181440358e-01 -2.132606551954681698e-02 -3.930472718012879008e-01
5.766833299209728203e-01 -7.407571631466955964e-01 1.349840996169557328e-01 -6.791126202977763038e-01
-4.738258778201880073e-03 -8.596212027557695312e-02 1.187826901075051123e-01 -6.294877905320888090e-01
-4.540299708043540883e-01 4.373852180645355081e-01 3.283087131247673929e-01 -4.806695990282590092e-01
-7.501915856692313102e-06 2.145599698412995447e-05 -2.452931342959449880e-05 -6.747490933684440124e-06
-7.416110139753494430e-03 -1.832484387335936091e-02 -5.042880915212857862e-02 -1.400822413081672102e-01
5.577143720628577883e-01 -1.632834025232136055e-01 9.965336229871428475e-02 1.326395691072041749e-01
-2.234961403110512530e-05 -6.097652128915700959e-05 -6.605801118676896935e-05 -1.114630168780407943e-04
6.788056011823869027e-05 8.469077488413373695e-05 -3.473709284866413751e-05 -1.039382563403071691e-04
-4.532746264768407380e-05 -1.068691270207705797e-04 7.514681673060762557e-05 -2.711952225876001406e-05
-4.160099888831261496e-05 -1.040768197187870037e-05 -3.208170929344252936e-05 2.293831287507078787e-05
2.067968900437963664e-01 -3.361551272209171715e-01 -1.173047933577233415e-01 -5.581584054733356171e-01
1.259867457725154143e-05 7.154160853731672716e-05 -7.350348120677529097e-05 -5.405567401189192284e-05
4.887685787425529387e-05 2.602588100323991016e-05 -9.859820727743908906e-05 -1.582908446034196506e-04
4.971157108046917443e-05 3.978118670372613266e-05 -4.422646078104052706e-05 -3.754300218566128215e-05
-3.934237860458801909e-05 -7.520659889639217993e-05 -6.728408198895935162e-05 -8.920531870362811489e-05
-3.875484142872027693e-01 3.183655305185780215e-01 4.410301901847237249e-01 -3.375584020550222442e-01
-4.389035378199699917e-06 1.183575005329304229e-05 1.113960580592283459e-05 -4.699780527834764341e-05
5.565274826391976027e-05 8.347586653323450643e-06 -4.496878857647717572e-05 -9.265751496839227388e-05
-8.479614724382562585e-01 5.447113659441935596e-01 7.946844411915124917e-01 -8.521480518013183625e-01
4.911073066740609394e-01 -4.984397387923225620e-01 1.726189664485117681e-01 -3.143350606088923249e-01
8.818729680553459837e-06 4.670083310980783554e-05 -1.099441784010583200e-04 -1.095665644465357633e-04
-1.882564775201980845e-02 -3.538347508938582096e-03 -4.521442038731780105e-02 -2.301945996662108085e-02
9.205781015777124709e-01 -8.753273463443669300e-01 -3.070545724284318712e-01 -7.085937582957613223e-02
-7.675825004578991084e-01 4.915852250571801085e-01 5.897745279925141748e-01 -8.272403931981033853e-01
-4.987775348663606167e-02 -6.562168496546253935e-03 -2.902655055129827605e-02 -4.677420003648533053e-02
9.355362334118548506e-02 -4.963576618983498584e-02 1.303009041716741145e-01 -5.089314860296666465e-01
3.053480593437112918e-05 1.948691559429089500e-05 -4.542437362141792681e-05 2.192450851759587262e-06
9.866582493689448848e-05 9.815094827944199050e-05 -1.072730976250540616e-05 -5.832214862720780564e-05
-2.322616152506325023e-05 -1.669236783863579400e-05 -4.721501602242753325e-05 -3.843397634664791449e-05
-4.327526078564229581e-05 -3.630997499258800898e-05 -3.062587836264485147e-05 -4.665797294466877786e-05
2.897762460278770449e-05 1.728275351099587025e-06 -4.814963425434249663e-05 -1.182139534042522897e-04
-1.267936739561771053e-01 -1.670122029141405673e-01 2.277383869452262177e-01 -5.718216353497631577e-01
3.789137886944228564e-06 -2.822672343070896738e-05 1.259747472954381061e-05 4.369627154959708326e-06
5.933892273732213063e-01 -8.816115190583500016e-01 7.567446601997218636e-02 -7.531465452292489537e-01
2.257124739957352567e-05 1.652538237574431359e-05 5.388622165879261068e-05 1.211471896324619827e-05
4.872271139788636490e-05 1.054060326416276415e-04 -1.731657696804567116e-04 -1.534812873174442943e-04
-5.365899970042238287e-01 1.112135307064710671e-01 4.146474840130361939e-01 -7.177012301908003433e-01
3.432782952095313478e-01 -4.513478646982871378e-01 -1.321447678832082251e-01 -9.483728074914378470e-02
5.789993958552012158e-05 7.852868041716970092e-05 -4.332915990783706470e-05 -1.114028247259684956e-04
-2.100773760823014107e-05 -4.488196469275870619e-05 -4.678246079900777021e-05 -9.260964951296592011e-05
-5.579937584454799371e-01 5.200967194589088960e-01 6.623065473379862178e-01 -4.685017615346149245e-01
8.223076525598804667e-04 -7.556556733050318877e-04 -9.693233722667247976e-03 -8.698796836197807136e-03
3.669300531518716966e-05 5.831134512138218116e-05 -1.091036103521062742e-04 -1.723000376538152197e-04
-1.593251021354847863e-01 4.412256003465017118e-01 4.375183551149997019e-01 -4.536926244760830507e-01
7.348982399491897632e-02 -1.770128554308528224e-01 -5.960403310240744434e-02 -5.732508406235325635e-03
-1.405507660408145676e-01 -2.430510866928642377e-01 -2.201144368734414547e-01 9.581495970821259089e-03
3.186167345670075091e-01 -3.882866009826351217e-01 3.819275535513035336e-01 -7.049686762339792967e-01
3.372264725688656761e-01 -2.910610761717101203e-01 3.176502689996841267e-01 -4.172058308907996005e-01
6.833988342804146548e-05 7.095245451364172408e-05 4.405585301802327977e-05 -6.124052779307185082e-05
-2.742288142105747870e-05 -2.032286718850116636e-05 -4.938051543440695950e-05 -3.948580547439382708e-05
-8.333508132522063022e-06 1.766254304582170757e-05 -7.296100355448905468e-05 -9.293592651404622017e-05
-5.825406186536183362e-02 -2.382304330306171392e-01 -2.674848101827418945e-01 -2.534277601700801741e-01
2.073315771780583221e-05 2.079103261901759237e-05 3.461170132667855311e-05 -4.737793924101269400e-05
-6.772650532485609168e-05 -4.715858495198703350e-05 2.146371463092733498e-05 -3.883457300227989791e-06
-1.952302553566087976e-06 -9.247880512723468245e-06 -6.376726324760580340e-05 -7.485950453345956265e-05
4.707054037967151605e-01 -3.784789129838442845e-01 -2.163453955177064292e-01 -3.895128273058627855e-01
3.196055296950931943e-05 3.097955421697100444e-05 -6.234513009384376535e-05 -9.886137411553561657e-05
3.108278787996987530e-05 1.076524885314876688e-05 5.588715560073471880e-05 -1.186471776664543440e-05
-4.529229140949865304e-06 2.431985340425576989e-05 -1.375198766664170952e-04 -1.834825611712397422e-04
5.569338816342431925e-05 7.673598898530424443e-06 -3.471192072569503391e-05 -5.308695233640188326e-05
-7.022075136996971674e-05 -3.945010671269247153e-05 -1.662518695218140457e-05 -2.341032026542632212e-05
3.039310027456281141e-05 2.295309385230544583e-05 -1.900945268581180660e-05 -6.367286117856919370e-05
1.685483165303633551e-05 5.619829534415510394e-05 -8.630504902394612481e-05 -1.173286327407687822e-04
3.403539025818941381e-05 6.839041261495118604e-05 -8.215385874350906634e-05 -9.500226980377537306e-05
-1.470761683473171988e-05 -1.037402964684507202e-04 6.054522243693776943e-05 -6.611493077756218644e-06
4.114056155553930116e-01 -1.569254216265787427e-01 2.276510985440664547e-01 -1.194967455850936694e-01
-2.569162021601728574e-01 -9.992469863677093389e-02 -1.770781508825420569e-01 -3.533013943457147810e-01
-6.880343175239300724e-01 2.338287212874895216e-01 2.040870472414724190e-01 -5.985260261715749097e-01
8.803274934632714377e-01 -6.386861201142929323e-01 -9.612788219391678324e-02 -2.017140179829450975e-03
1.766465182905547771e-01 8.452491659084916675e-02 2.420971476866359828e-02 -1.817075417620913624e-01
-4.241800528983320495e-01 -4.188347442472982463e-02 4.928879252852319537e-01 -9.616141372109042740e-01
-4.446071335572170306e-06 1.240802358358569717e-05 -8.384462362960354341e-05 -7.048886968577447985e-05
-5.217423817555317205e-05 -1.078734995744668695e-05 2.794474583979048019e-06 4.589550071571361210e-07
-2.832093972288136086e-01 -1.888723239768800577e-01 -2.039229240655140163e-01 -2.263447467565033178e-01
4.147966763666652290e-01 -6.745962037217134721e-01 3.885823543646995670e-01 -7.633355909406607243e-01
1.036740947911998973e-04 4.853504187497129985e-05 -2.309730562183567241e-05 -3.671054666280185766e-05
5.914320100211686669e-05 9.537095758844783009e-05 -6.986915393955441358e-05 -1.355516168472104942e-04
6.684594539453082700e-07 -1.018240934588915381e-05 -9.813311043248756698e-06 -6.877007242310770655e-05
1.126298752474850113e-04 5.407460789759840669e-05 -1.227580309340835750e-05 -1.473205202784531247e-04
4.237418961364790765e-05 4.096892189068183996e-05 -1.058887931278336051e-05 3.687083429377139888e-06
-3.603151679366208698e-02 -1.180210853488426574e-02 -2.750755691606260669e-02 -4.388608019108667518e-02
-5.944052507690774506e-02 -4.261743297641244765e-02 -5.882994058788015151e-02 -6.151223558716644585e-02
6.742398615000493923e-05 1.584794353483091314e-05 -7.412226728403882082e-05 -1.111303567012894111e-04
3.202478501113769001e-07 7.193370349604477797e-06 -6.987830954787823995e-05 -1.164446797168330015e-04
-9.036473561216121222e-06 -8.436721786775351181e-06 2.441060892793583376e-05 -4.319029573492393385e-05
-4.565745691969079394e-06 3.212576719446368041e-05 -2.360986824143371918e-05 -9.271909830770415839e-05
-1.297528363792649049e-05 -2.808478306701384783e-05 3.286109922812517589e-06 2.765854734135652555e-05
-9.391372688915605726e-01 4.954938391425163791e-01 3.489710264815215068e-01 -4.697786208924363827e-01
5.447231952172419981e-05 4.087487953871944593e-05 -8.043068804505356328e-05 -6.838484794662861752e-05
2.677746357109909094e-05 -1.395179949749935997e-05 -4.958829418867594303e-05 -4.345631270567844795e-05
8.658716402346766650e-02 -1.801662143919056103e-01 3.489709019449677707e-01 -9.097372322509467146e-01
3.142920345791230856e-05 5.924327028146106801e-06 2.726546728559274169e-05 -3.705679996941900776e-05
3.996717303467493891e-05 6.668317387003826549e-05 -1.915668353037585825e-06 -5.448612824716095792e-05
-3.521357119390183116e-02 -2.799415693752150061e-02 -8.123250922728240953e-02 -6.674955246822664168e-02
5.340625862371269905e-01 -4.982615677587594605e-01 -1.162808567555291828e-01 -6.025893906620481966e-01
4.178249629073034210e-01 -6.901972823809815472e-01 1.561811713762806808e-01 -5.169172244613715606e-01
-4.743962896515934724e-01 4.022187651383797857e-01 2.246375895374244924e-01 -4.616546512412633002e-02
-6.788321376662746071e-03 2.351907382282053972e-03 -9.858355247950563796e-03 -9.788202141567857451e-03
7.595238625718484058e-05 5.212175894291807101e-05 -1.100179044649092730e-05 -7.170110132906171521e-05
8.543056157878905956e-05 1.817980411622816960e-05 -1.095407567965982063e-04 -1.584607297138274193e-04
-5.198236870872836884e-05 -7.463305124863307892e-05 8.514458815122003834e-05 4.261560174221422104e-05
-3.432661101972631421e-06 -6.143418400995217294e-06 -2.248014111232905470e-05 -5.076553122451962015e-05
7.160290373663215358e-02 -1.775834840250519464e-01 1.405781579590525618e-02 -6.282591693511752062e-01
2.394083902740000515e-06 -1.322171903400542460e-05 7.929012744374348712e-05 3.566631715148361033e-05
2.534816119164166407e-05 6.808391249064449195e-05 -4.040444834232142699e-05 -5.348286487161203821e-05
1.901194598057101837e-01 -5.586789145825161729e-01 -6.974623657829531753e-02 -4.110039493072827343e-01
6.608922419219478581e-06 2.016054361713574938e-05 -8.713790163133582501e-05 -1.210756654007222896e-04
1.742080451072399949e-05 7.510721924379351426e-05 -1.179484161741522585e-04 -2.085416757102453468e-04
1.267291196728821678e-01 1.026085024630376402e-01 5.344278293594844076e-01 -5.508250065447881649e-01
-3.082281867924044512e-05 -8.781643126345962339e-05 -4.022276485177494809e-05 -5.673897984755363799e-05
-1.308326502868308330e-06 1.193865646460662909e-05 -8.153920272212799062e-05 -2.715339787723544017e-05
-1.958222161734850944e-05 -3.432484835337551676e-05 5.586739686876687300e-05 2.787232031880071311e-05
3.609887151571867792e-01 -4.394213458153196639e-01 9.672987010500616600e-02 -5.599412315567463549e-01
2.723660645551959674e-05 6.669861043598109137e-05 -2.630938190915859629e-05 -1.925604054180957752e-05
5.394352154668147215e-01 -6.492177237144830526e-01 -3.015635554643883998e-01 -1.742086765814492288e-01
-1.767035103732988926e-05 -2.656188365655782007e-05 1.297678459150356840e-05 -1.955970614076883057e-05
-2.035161186820026447e-01 2.841276521614587158e-02 -1.005951079402944356e-02 -5.026562611094768096e-01
-4.195773471470149758e-05 -3.680768976962566218e-05 4.945167716908127793e-05 4.598146530072735655e-05
-3.553376221216712500e-03 -3.386767994372009288e-02 -3.598431786316174524e-02 -1.057891074072597470e-01
5.280711083627856835e-05 3.369388368293381160e-05 -3.067430334389062668e-05 -9.287633718264211454e-05
2.373695116568160201e-05 2.699568453090769759e-05 -2.294650834433445457e-05 -5.726497342122259074e-06
6.132631355646633292e-06 2.295699708291009452e-05 -8.708920194513068128e-05 -1.546813653631064331e-04
-4.637275839729869924e-05 -4.966311293513462125e-05 -5.981675245099141196e-05 -4.106440558749716626e-05
-8.546995296172338330e-02 -6.089345769093360006e-02 2.408449378965735188e-01 -1.818563780213901526e-01
-1.929872629978339471e-02 -1.375163528392122081e-01 3.148436272908991529e-01 -6.391857883902326565e-01
6.210028840083150104e-05 6.638417123740162512e-05 -3.038247617404272289e-05 -1.099976443592056655e-04
3.147550637750154786e-05 3.874215629771345586e-05 -8.235488213364930768e-05 -9.563900306056980665e-05
-3.875862397797209813e-02 -3.681998279931966711e-02 -4.040837380040805671e-02 -1.034391512232748778e-01
1.203529594407663731e-05 5.532145670052650521e-05 -9.303816968375960980e-05 -7.661897075826651414e-05
9.785451401301130153e-05 4.703219828831862564e-05 -5.993921192070595576e-05 -8.240512932144620573e-05
-8.047756262420846160e-05 -5.831750971535980184e-05 1.623390263729934213e-05 -1.555443710652051808e-05
1.577833193935355149e-01 -9.290131289734682163e-02 5.003826566543120302e-01 -4.165475922026047328e-01
5.099887882591936733e-05 5.209758101142057446e-05 -5.193769184888930924e-05 -7.307990636201318888e-05
4.198955109144434332e-05 6.188485568285076682e-05 -1.255928405092308182e-04 -1.351869739653219975e-04
5.284857504288589108e-02 -1.870892826855098667e-01 4.506127016005581076e-01 -3.524841694140292692e-01
-7.287344532137594421e-05 -7.965845774418426077e-05 -1.573823653121509978e-05 1.985060189391706662e-05
2.619898160363316221e-03 7.672581066599751254e-03 4.364855487999158394e-03 -1.087880677318101286e-01
1.552650215271222055e-05 2.201005262209024274e-05 -5.087824707992339167e-05 -9.005841401473633687e-05
5.095949617989290609e-05 5.406583920648299013e-05 -3.888146393840509750e-05 -1.695620800813411357e-04
1.145376814062982259e-04 3.057002741639340180e-05 -2.566238222134330322e-05 -6.099493146961581407e-05
-2.873231757383845064e-01 -1.183577192435368575e-01 1.466457540830615469e-01 -4.762145735110585587e-01
-2.505240010667761363e-01 -1.150877285704081029e-02 -6.611004040909798651e-02 1.563334845765698422e-01
8.629481814908085662e-05 3.021662695055136024e-05 1.474773034233295638e-05 -5.973907977172028115e-05
3.076765586705943346e-03 3.607601716060713538e-03 -1.061121151034652432e-02 -2.217911024665553468e-02
-4.050235683228690237e-02 -3.101755584122498077e-01 -1.433924390026812268e-01 -2.946376461335082353e-01
-4.255943866513499531e-05 1.154565355961156630e-05 -6.192026198979864700e-05 -1.897976652423579032e-05
1.037988375210055452e-05 1.133809602838498189e-05 8.424703457021991831e-05 4.751070423692388715e-05
-9.715465636177388065e-02 -1.950075833000927961e-01 1.726194954794627867e-01 -3.916716499590130462e-01
-4.534226725770498789e-01 4.562333900361884020e-01 4.035970985182665838e-01 -5.004302181539562744e-01
2.034016529806413457e-05 3.037476108190835969e-05 3.471966658909878315e-05 -6.244799001690468554e-05
5.955281483710774815e-01 -7.839939029498368406e-01 -2.865703154362209681e-01 -1.145962676785690498e-01
3.465953760016208141e-05 4.157203230431122501e-05 -1.545477411968149389e-04 -1.388611446660671547e-04
-5.405366574091181268e-05 -4.841579071110554256e-05 -3.805052303856610186e-05 -2.423772831443325994e-05
6.140108513126087705e-05 -1.604958985973617221e-06 2.600858434511274576e-05 1.485557735694348812e-06
-4.735061345838507962e-02 -2.476288500669606568e-02 -7.767771417370086806e-02 -7.640970550715388276e-02
1.082096929853193360e-04 1.315598204671275116e-04 -1.582857109963134261e-05 -1.272460792671597791e-04
1.103268881730831708e-02 -3.480631512351976542e-01 1.958160656885479800e-01 -6.163291274885720483e-01
-2.168912609425799332e-01 -1.480035104396984214e-01 4.009654145592368990e-01 -6.796678288674263824e-01
2.959824384186584556e-01 -3.954480502223698957e-01 2.278136295875097805e-01 -3.434047254744577726e-01
1.961124984985362363e-01 -1.338646632736724684e-01 2.592084514247640636e-01 -3.878178288414235730e-01
-1.759924020745240458e-02 3.532780671224076009e-03 -9.998755990526972393e-02 -7.243480548899089433e-02
2.733627482851540099e-05 5.489962365125553359e-05 -7.360690377929684375e-05 -8.532083219904802523e-05
-1.275487532555441006e-01 -1.850945101821341310e-01 6.090969117471482785e-02 -7.698415064033725663e-01
7.540928869470447699e-06 -4.113103974365858972e-05 -2.955107960534859418e-05 -9.945000101173319623e-05
2.914354253389971137e-05 7.456416218802228938e-05 -9.863892138127489237e-05 -6.842819443342553951e-05
5.660063511550763593e-01 -5.990751971714950441e-01 3.031177737348018653e-01 -5.630978420568283349e-01
-3.815806092036588891e-05 1.400265352238709443e-05 1.953282452625361079e-05 3.903510862222203800e-05
4.519346638282092531e-06 -2.708587016815260689e-05 -3.552247763890242505e-05 -1.126547982694709338e-04
-3.606478598931104295e-05 -5.628351527151504764e-05 -6.984044327179291054e-05 -3.998005065360210820e-05
7.358877191296002527e-05 1.317852945717952191e-04 -5.949297691682825420e-05 -7.693607092236719170e-05
5.976505877678815921e-05 5.399418827171891243e-05 1.704179145447834551e-05 -6.465355335278863153e-05
-1.167328180360826528e-01 -2.719787527962005402e-01 5.906604679613511322e-02 -2.404815712373409853e-01
6.547315707111401066e-05 6.635669124764781207e-05 -8.443102493778894039e-05 -1.013235363259508870e-04
5.731345755588279350e-06 3.889354652345186229e-05 -5.218030421363116565e-05 -3.560810872258218156e-05
5.230044311513157851e-01 -8.634052802443160646e-01 1.221082011721365684e-01 -5.462322577562381820e-01
-3.711920243530016637e-05 -2.868067456409437150e-05 8.806434388188783203e-06 -3.568614762875813257e-05
-3.254158831118476591e-01 1.759720875004784912e-01 3.039709135334309198e-01 -6.955987013842183098e-01
3.911278173720041844e-05 -1.087253126340743946e-06 -4.779154136195371607e-05 -1.123527005030177181e-04
-5.121418066729976903e-01 3.798237655537605728e-01 3.570827332635212459e-02 -4.458208979488096357e-01
4.954816510763881781e-05 3.401607720221287842e-05 -5.057942968514428166e-05 -5.881381762673515710e-05
4.227846724751462975e-05 7.521186292936696890e-05 -3.983472372603455116e-05 -9.351202907752934697e-05
-6.907408025860211514e-05 -1.202471268350404656e-04 5.411875214074116796e-05 7.313846266547644999e-06
6.100861711248500852e-02 -1.622886880500631346e-01 3.936356866695000511e-01 -4.647330936990556327e-01
-2.385140779028002456e-05 -1.081278790567171037e-05 4.266699078489878026e-05 3.498904009165715334e-05
3.208006162340188983e-01 -1.766103933585308206e-01 8.802306318058425449e-02 -5.140907958300551250e-01
-1.726511594532582350e-01 -2.161153491091512002e-01 -1.118133335174332360e-01 -6.962871573291347094e-01
1.973921871658347141e-05 2.561031812118402492e-05 -8.710476751825027455e-05 -8.721070990606997781e-05
-2.336375320570744929e-01 -4.623908069469467308e-01 -1.890249262013390663e-01 -6.915219631984513837e-01
8.899007061131597516e-06 -5.728225036729517875e-05 8.404259510613703687e-05 8.784559019178331339e-05
7.995154014172233187e-05 5.774090243159294653e-05 -5.973768269303158462e-06 -1.215403698961210895e-04
2.539488751937924533e-05 3.782474607721933484e-05 -3.448348447005705026e-05 -9.347985403911384706e-05
3.910357257866456398e-06 4.800375631882045936e-05 -8.801307313024950871e-05 -7.675331369390424199e-05
3.668384407964611133e-05 2.535092654529314272e-05 -1.749206912196067586e-05 -7.641465889500358470e-05
-3.805994251089226399e-01 -1.502999942203565586e-01 -1.146664074871095035e-01 -2.047922628435314141e-01
4.672101451601334599e-05 2.889926486556785887e-05 -8.042755939874217960e-05 -1.061812390529143370e-04
2.368423009017721608e-06 -1.406995327172471755e-05 -3.021693531558293125e-06 -2.427174785858309390e-05
7.260026805510559449e-05 5.449015227363316439e-05 7.422758424353108828e-06 -7.742437497829191624e-05
4.253868964019733023e-05 2.161589022981791114e-05 -3.350149654613978007e-05 -2.418405966173032317e-05
-4.705981967868394951e-06 5.346776178773166569e-05 -8.424608072392624760e-05 -1.437701509750693475e-04
-1.358243240412074606e-04 -1.373568307246152273e-04 3.201923911087465447e-05 -2.499640533435182631e-05
2.716507878894203011e-05 1.336376390589316627e-05 -4.091535214899666651e-05 -8.096696919159664465e-05
1.149652339393669639e-04 6.253496329962913210e-05 -1.215225784512527614e-05 -6.158475172429785246e-05
-4.717663692987399404e-01 3.400815152047685919e-01 3.208708905349785812e-01 -5.707404629879286873e-01
3.293768879545718760e-05 1.564307401385992040e-05 1.507000012912067897e-05 -3.495658732076607246e-05
-6.528552225590956201e-05 -1.432380242389375306e-04 3.787935907939124253e-05 2.157511130125217328e-05
-3.343673072027649740e-01 2.051676611452132870e-01 2.568415228880810419e-01 -7.500366669265865482e-01
8.866383746344632939e-05 1.067608860925253642e-04 -1.414424506170626039e-04 -1.301979577766665711e-04
-2.327797493698638975e-01 -1.596997728514283066e-01 -1.207747554080000063e-01 -5.647010326301722394e-01
1.104875997666699235e-04 6.609523012768886061e-05 8.991733006585216236e-06 -4.995152043566369768e-05
5.755382017676238363e-06 9.451614421210745362e-07 4.032752087310732452e-06 -2.932219151946932874e-05
3.045407395138540380e-05 2.206941517961464786e-05 -3.473585503546087593e-05 -4.056993619012966160e-05
-2.944118934636767113e-05 -2.242319058085200505e-05 -2.870771898908281079e-05 -5.166891256364220685e-05
-2.697133086665698398e-01 4.377800281266195359e-01 1.729882765005771594e-01 -3.937367289880989163e-01
-6.878945549196483122e-06 5.382061192079444088e-05 -6.251109221055932267e-05 -9.617406684334423223e-05
3.771828147358907701e-01 -3.293872435654469633e-01 9.758922158871542740e-02 -2.775879922387045062e-01
-6.906921811823388193e-05 -1.148431859979338903e-04 3.956269975196724504e-05 1.211106774179126488e-05
4.045976812592597008e-05 5.340582596785524937e-06 -8.395746446652551200e-05 -1.273578965478802682e-04
1.231097137194834060e-02 2.039024671477684958e-02 -2.708247392215190966e-02 -9.311236873228503907e-02
-6.665489234747901809e-03 5.741737555503558313e-03 -7.039961357234758577e-02 -5.751920125127333444e-02
7.398600683618923400e-06 -2.759471274864209959e-05 1.314203066972380564e-05 -4.411782023581669086e-05
6.002469396100135884e-02 -1.978269533052128271e-01 1.667688095561377093e-01 -3.532996023246808837e-01
1.126265220018408059e-05 1.360417092452885953e-05 -2.221965987805575720e-05 -4.963868449212552488e-05
-4.131337905576959457e-01 1.398228057095551036e-01 1.693524514022236027e-01 -4.876157362670332507e-01
6.848730335368758456e-05 6.558816609226286417e-05 -1.863981478412886632e-04 -1.629719516124388142e-04
-8.736518417084622457e-02 1.936608287642681558e-01 3.335450858738950863e-01 -7.138068789784929313e-01
5.664294339909696774e-01 -5.091991674326306061e-01 2.636265805055750810e-01 -3.717465717056605556e-01
-1.067572591545938566e-04 -9.883967365351421764e-05 7.015373440910531108e-05 6.513394135372817760e-05
1.382589786605447749e-05 2.169594933606581479e-05 -3.390702512076195570e-05 -7.391051508281468662e-05
-4.819233683870916690e-02 -8.203703040172342920e-02 2.932253334514220433e-01 -5.000835874539389936e-01
7.828812214327550813e-05 5.869035109301963597e-05 -3.150149617653857866e-05 -7.494084375159293745e-05
5.086335756938934426e-05 3.632707063717968530e-05 -1.885506104582025585e-05 -3.198791452137855980e-06
-4.189075697351794525e-01 -4.046508608737925949e-01 8.144504479224590199e-02 -8.702839235905143189e-01
1.763898171083345072e-05 -1.512088213078968513e-05 -2.103257368560636564e-05 7.437911888385169071e-06
-7.255839302865561479e-06 -4.872890968125931420e-05 1.307989746684637463e-05 5.672688313832189731e-06
3.805744383227500769e-05 7.255608660636427975e-05 -8.787496407879911216e-05 -1.505102798816537898e-04
1.974373219835023676e-05 4.630155310616293756e-05 -4.194151393711649403e-05 -1.089088287754890003e-04
-1.457853880402177060e-01 -1.757262548049224604e-01 3.285776923981123532e-01 -6.882509478934042413e-01
5.080721681189077758e-05 3.792836560792221259e-05 -4.297283557084342681e-05 -7.116519754558254011e-05
-2.616847814706888542e-01 -4.447446395670177216e-02 7.036924355016939137e-01 -5.534843546038105133e-01
4.128167408124168490e-05 4.224261190480036165e-05 -8.640831037934112850e-05 -6.467616610293495678e-05
-1.775076314655773813e-01 -2.627478919741066399e-01 -5.677854193550825601e-02 -3.932307340014812302e-01
4.824787495981834357e-05 5.950494324359305981e-05 -4.678837065819525131e-05 -9.364580617334988040e-05
6.962529173065404309e-02 1.184322422268153652e-01 5.601809320060449071e-01 -6.589159989469165479e-01
7.635024912511133042e-06 3.230273449688557771e-05 -5.804410274274519465e-05 -1.474652556906207573e-05
-4.778683095868226078e-05 -4.908544833695327139e-05 -6.878195455490361716e-05 -8.533429833394181284e-05
-1.440730176674831121e-05 -5.709736635798368955e-05 -1.640685172996456354e-06 2.030158257465873863e-05
2.723493862524390541e-05 4.739697042037481316e-05 -4.712019154276038142e-05 -1.747672816357687044e-04
-2.318878821325645630e-05 -4.233015477448525722e-05 -4.274636999706856041e-05 -4.956669259958658902e-05
1.023824559163832832e-04 1.459858272207507804e-04 -8.822276211878346997e-05 -1.879327784406445748e-04
3.238635279166368619e-01 -3.626048278609030895e-01 -2.397845251148664480e-01 7.392282474005167081e-02
-6.280943636579188194e-01 9.624010557933897550e-03 1.807908266064242320e-01 -6.363545452599983498e-01
4.533204470178196499e-01 -4.007734090797939186e-01 2.268886777229880969e-01 -1.437747606216955576e-01
1.977971646143384665e-01 -3.745615867625033402e-01 -1.665506593364243226e-01 -4.139164753319493073e-01
3.466632671560589373e-05 3.749191051441588888e-05 -9.435297081187521239e-06 -4.869092619650864468e-05
-3.974066761104094042e-02 -1.731135247195392940e-02 -3.617259993087021397e-02 -3.837220733145983720e-02
-2.808808081381758523e-05 1.038797258473094790e-05 -3.626209625912108986e-06 -3.448697600673086735e-05
5.833149919174476534e-05 5.220850073516222268e-05 -2.258997856453495920e-05 -8.495578927314151568e-05
-1.016230134309098199e-01 3.561785365834012618e-01 -4.077073485646782736e-01 -1.236907736449140149e-01
1.860138348302753097e-01 -6.290208157251422350e-01 2.417475852249700019e-01 -1.059447597966045596e+00
8.338908409968240202e-05 7.256238467416064924e-05 1.834698053326794983e-05 -3.454664642351223648e-05
-3.217186342552529428e-06 -5.176691471836847888e-05 2.151845021982227909e-05 -2.568900473691691089e-05
-7.546617716339948227e-05 -9.609898239525975949e-05 3.324110060055309108e-05 2.359554239245404450e-06
6.932657823635397407e-05 3.815334714402555347e-05 2.919806773968591795e-05 1.726283654181125725e-05
-3.120556763089825658e-01 1.361367320189338370e-01 9.176102019986816238e-02 -1.932743760431628044e-01
-4.975486898875395252e-05 -1.045779282898595978e-04 -1.639094950582264471e-05 -7.891554495073622836e-05
-6.190242266194988939e-06 -8.836257757438419565e-06 -5.510247018698605454e-05 -1.145745346012585434e-04
5.586183227264667362e-05 1.042429341390448805e-04 -9.903206323042799714e-05 -1.533192090979326402e-04
-1.304510494405566358e-02 -3.809947568480963331e-02 -2.438905366131539562e-02 -2.719996319233080467e-02
5.466541232123161377e-05 5.964557274575867980e-05 -1.128695529510285927e-05 -8.064139477126917085e-05
1.303864396783971873e-05 4.643806462050500370e-05 -2.514827968141608518e-05 9.806143635356079957e-06
1.221272259701306900e-01 -4.384522079014506746e-01 5.716144331807434531e-01 -8.012447956319821429e-01
-3.149897129571296376e-06 2.078094370088607616e-05 -1.256986223212891343e-04 -1.603758584153481984e-04
4.183267123793837916e-01 -3.580412109136727472e-01 2.291518678735036396e-01 -4.483485019305328834e-01
-2.763207595994536059e-05 2.727012597341928903e-05 -5.352174545374548299e-05 -7.100124351759147447e-05
6.204012671328238415e-01 -5.040220269041508772e-01 -2.266690783664455089e-01 -9.581161478723516922e-02
1.085687744032815677e-02 -2.680366973249176943e-01 1.538558104031902407e-01 -6.211461200515000503e-01
-3.415860602241217042e-02 -1.276378245311093592e-03 -3.832036837304134136e-02 -4.959175502332097141e-02
-3.501043350527558654e-05 -4.181408050278402790e-05 2.653822157827905289e-05 1.233195674305812609e-05
-2.168181808743958696e-06 2.800907267396699518e-05 -2.669476391169049517e-05 -5.764492300434835939e-05
8.178041179142226946e-01 -1.140374085770904822e+00 -2.692173296018308681e-01 -4.696873981235726303e-01
2.457689478510938937e-05 6.821847860953037456e-05 -8.106513238129671776e-05 -1.364757526024924219e-04
-5.341699272186230252e-02 1.265059103872241408e-01 1.951004636608629217e-01 -3.497382884531097247e-01
1.008244664812190994e+00 -8.804318059290341392e-01 1.193311698683175576e-01 -4.920890213411142078e-01
-8.961387175800071825e-01 4.562792893324688070e-01 8.380052216748669347e-02 -2.366201261662706154e-02
5.176576562174156599e-05 4.153919778930662406e-05 -9.201117432172273381e-06 -6.280380715834916637e-05
-4.666740403059866926e-01 -4.133449171897811414e-02 4.251488782528335952e-01 -1.103447934374647277e+00
6.306805531146519254e-05 4.675356158653446180e-05 -9.033959856201298705e-05 -5.497901334859075687e-05
2.691843804114179561e-01 -5.092437343357796298e-01 2.732071112114473621e-01 -4.552672622600362762e-01
-9.276390770662221375e-06 -5.501235791628538546e-07 -3.006026106078800130e-05 -7.035939592071533090e-06
3.014960765342204841e-05 3.403727165211084725e-06 -3.723152691433444001e-05 -4.930126678240594825e-05
3.974626647722863827e-05 9.210103765647444671e-05 -6.521944668749057167e-05 -1.888662135976390240e-04
-9.515204245044127046e-06 -1.316507513224262450e-05 -5.006181808471406043e-05 -5.366699687120502670e-05
3.852116379885823827e-05 2.268257164005997155e-05 -2.017832980275944540e-05 -2.551654216501169492e-05
1.360335292640089521e-04 1.672539167561568746e-04 -5.654554756603505708e-05 -1.232863924039737471e-04
3.316116148001267416e-01 -7.030498554302950787e-01 -5.197280117484984197e-02 -5.603678367308445596e-01
-7.232408040900181190e-01 3.674382989064943206e-01 3.983852293261721522e-01 -2.437911021878414186e-01
-3.309436795861837172e-02 -6.831678362611683097e-02 -4.802655732379859654e-02 -8.994717980857827588e-02
4.492980117085827594e-05 3.465502023442367375e-05 -6.265413157797903546e-05 -9.744821658842910974e-05
7.560288728445250703e-05 7.956671870337287387e-05 -3.316293685334608613e-05 -1.624211412413881553e-04
-2.569418868693029907e-05 -3.822901184800696009e-05 -6.135201503671994802e-05 -6.407291753598167393e-05
1.932039729964968970e-05 5.565993192278272794e-06 -1.643110852099022778e-05 -2.445303327614598308e-05
-6.961705794519544338e-05 -6.004524420208215868e-05 2.894875519629942469e-05 1.033345293606950730e-05
6.153149380597282558e-01 -9.397604043111005279e-01 -3.169553490166537868e-01 -1.749546044857096805e-01
1.705159050988421570e-05 1.081892820647582490e-05 -2.056281510895006947e-06 -1.485010860723582658e-05
4.590065038205571083e-05 7.159210729101560537e-05 -9.144341059827128335e-05 -1.270863308028628814e-04
1.340358586332023386e-02 -9.956088980144706113e-02 1.906473045365522923e-01 -9.434027228569270840e-02
-7.057125554667057488e-01 4.682373272547361021e-01 3.190390819561186309e-01 -9.607331517720782976e-01
-3.347462556688456017e-05 1.792407506330842069e-06 -2.944260880452505299e-05 -1.405722976982322445e-04
4.877550978438062734e-01 -3.080605551113546614e-01 -1.766907976218878296e-01 -6.182725087166307532e-02
-2.172918548992504584e-01 -9.841037781855346833e-02 -7.754608202844788523e-02 -3.136037485928368507e-01
2.343252099166685985e-05 5.679777305778888351e-05 -7.602656895016463023e-05 -5.113065965520673339e-05
6.285289765068954315e-01 -6.253352986238985833e-01 1.193991731441429033e-01 -2.308280081307383935e-01
3.620947950104597059e-05 5.764325612101707828e-05 -1.087315553308560272e-05 -6.278396364447984376e-05
5.003640963828196453e-01 -7.618680783537071788e-01 1.811188796433707907e-02 -5.582655102610801778e-01
-5.926327391608551265e-01 2.737291985688969365e-01 3.612512078153445327e-01 -5.167740972332819371e-01
8.106006570382414678e-01 -8.695226599249779031e-01 -1.858031196799421192e-01 -2.160639495443769098e-01
3.472256338818633622e-06 6.122782363914107677e-05 -1.028942017620327752e-04 -8.048848166793709535e-05
5.724680783860252031e-01 -4.759408918995887139e-01 -4.404552420368125221e-01 3.104576209100179951e-01
7.457656810761072001e-04 -1.087486385706571725e-02 5.344302526677651155e-01 -8.478202083162647007e-01
-7.997572082011517036e-01 4.421443628565578932e-01 3.448930165400388992e-01 -7.250263019962671640e-01
5.590666320243431161e-05 4.009351929990689250e-05 -5.929538148743058085e-05 -1.009278764067001192e-04
-3.012354785255744088e-05 -4.301088419632421371e-05 -1.985332834434905597e-05 -3.514325326352768188e-05
-8.944210444891518311e-06 4.322677117505228925e-06 -6.323814164337426212e-06 -3.749684013611427044e-05
4.646503854737989766e-05 1.883538904298916080e-05 -2.193441575631470110e-05 -4.030855718233601680e-05
-6.491703291886037619e-02 -8.188126441231229069e-02 -1.749343085120470126e-02 -6.424412224527473181e-02
7.895480282549307270e-05 8.558029969999006231e-05 -1.669169708672933240e-04 -1.216423187731961248e-04
-4.161540851026198640e-01 3.170103062670052707e-01 8.835289859400259349e-01 -8.223320807736563820e-01
6.100902140284854676e-05 6.001806555847145972e-05 -6.028691874072618188e-05 -8.061687338031171845e-05
-6.087234700564469380e-05 -4.188380552919508990e-05 4.932410428955494369e-06 -3.245092413060389860e-05
1.513643235881583196e-05 4.068530171915012633e-05 -3.061413752303667520e-05 -4.943229888477474880e-05
3.004813874186240422e-05 3.785456546207095969e-05 -7.376089027590255771e-05 -1.398516182787653433e-04
5.145337705634696057e-01 -8.534981111436991119e-01 9.215206407051099169e-02 -3.764783783723025801e-01
3.913337533493888576e-01 -5.484069331014388426e-01 -4.762495514711355404e-02 -4.783201469910083881e-01
-1.577336953926344876e-01 -5.906290692180825308e-02 1.741661381325431412e-01 -3.745515854742675899e-01
-1.523761875755024592e-05 4.453736127632752772e-06 -3.278588649464951008e-05 -6.111116293061697401e-05
-1.934882888107896104e-01 3.147046263344223105e-01 4.154866642278377542e-01 -2.899056662063520529e-01
2.894835723725174782e-05 2.002650685075228775e-05 -1.051609496573975225e-04 -1.195172922929778000e-04
-8.240730762314877819e-03 -1.015782451447902988e-02 -4.247911487392644521e-03 -2.901064550643241147e-03
4.581629743783507318e-05 3.645498655767413678e-05 -2.427654267067933184e-06 -6.422902991979316262e-05
5.090848805768550113e-05 4.660438222308918761e-05 -7.676324632294750949e-05 -1.712669620399684097e-04
4.353678724799787475e-05 1.868648077926723168e-05 -2.496062465446178394e-05 -3.413966443720364103e-05
-3.945949324911533496e-01 3.440524014085618032e-01 2.173578090359811754e-01 -2.866065059885300470e-01
1.025225300866589262e-04 5.964774989340786105e-05 -6.192423252529185294e-05 -5.046074132610923140e-05
1.031995704213736386e-06 5.012697956831624660e-05 -1.815086366252777336e-05 -7.892711864258987789e-05
-6.180008213691217842e-05 -4.360900553207178491e-05 -4.953149013462725841e-05 -1.153889202245389988e-04
9.965339914863427517e-02 -5.602052576820358842e-01 3.699437553347222907e-01 -5.103059525768686155e-01
3.902382950829357878e-05 3.341122149851749417e-05 -6.137649362125879372e-05 -7.307031334160573092e-05
1.662001933667503206e-01 -5.180597495427251287e-02 -3.515351083132417509e-02 -1.895771136033649884e-01
2.930958192350508098e-06 1.645911533290575501e-05 -2.956977056031197338e-05 -7.661017124738924810e-05
-4.532515431625244173e-01 2.459654546298431776e-01 2.237431674611265742e-01 -2.266288426637639852e-01
6.792516483464839684e-05 1.975201394705333749e-05 -2.735405747378355436e-05 -9.656129265383466399e-05
-3.172196220770224367e-02 -1.974391591447888228e-01 -1.634953990590974904e-01 -3.368868010342220831e-01
-1.696916568756310563e-05 -1.062931031419845300e-05 1.220841155720471873e-05 -3.528012806473627294e-05
5.719983593093979707e-05 2.433530851724142053e-05 -8.280593611542655321e-05 -4.894081279612850013e-05
7.485968597811802790e-05 3.691289999057701282e-05 1.184649170491601401e-05 -8.343643309987255354e-05
-6.195916016477676092e-01 2.356310944613676517e-01 2.032456693890883626e-01 -4.958483083552157611e-01
-1.535110355957246611e-02 -2.029759259389198878e-01 3.593705057288155980e-02 -5.428895791022382289e-01
3.278607964750910320e-01 -4.397664340951298323e-01 5.328630241038487952e-02 -2.366699296636299299e-01
3.516381712454927990e-05 2.402494536501897636e-05 -4.718510052655174660e-05 -5.658625687919309108e-05
9.623267906394303295e-02 -1.761630523021360528e-01 4.642794439213288604e-01 -6.001599734955623822e-01
-1.507028700355595996e-01 -1.189409592542177152e-01 -1.133184375210709582e-01 -3.868924152639027780e-01
6.194113475460227287e-06 5.948427910845617030e-05 -6.810447223554560027e-05 -5.913405079832636076e-05
8.322452150145236128e-05 4.355571984609202143e-05 -4.537792560383504945e-05 -1.249798138060051933e-04
-1.964256476519930068e-05 1.486027703401546361e-05 -6.422035334436147921e-05 -7.288853697929829087e-05
2.079916736752319695e-01 -2.673381879380137827e-01 5.815646234091461642e-01 -8.175581083910059554e-01
-1.050605393300944602e-04 -8.170640255761992216e-05 4.230949301875313960e-05 3.011644288908274942e-05
4.047807982118105158e-05 4.130866203941164594e-05 -1.092701082851005204e-04 -6.575482917548152535e-05
