0.0 0.0 0.017011895129644565
0.0 1.0 0.122334816331769222
0.0 2.0 0.017112769542212660
0.0 3.0 0.033172417076438233
0.0 4.0 0.069818761978352434
1.0 0.0 0.015632548367947884
1.0 1.0 0.067827113484655560
1.0 2.0 0.026832885875025889
1.0 3.0 0.067958064687015207
1.0 4.0 0.105011914658028088
2.0 0.0 0.052763023031250252
2.0 1.0 0.021575248810310893
2.0 2.0 0.070904759953452356
2.0 3.0 0.055588577638204996
2.0 4.0 0.041911697093287806
3.0 0.0 0.071053852042032697
3.0 1.0 0.088037426069127261
3.0 2.0 0.058695234749693140
3.0 3.0 0.085043086083232328
3.0 4.0 0.037721944897206136
4.0 0.0 0.089311324287957572
4.0 1.0 0.026543542570181052
4.0 2.0 0.017543846531925034
4.0 3.0 0.078147064713926045
4.0 4.0 0.038997999598587484
5.0 0.0 0.001407190618380251
5.0 1.0 0.048970834521236919
5.0 2.0 0.055313029982838213
5.0 3.0 0.001867164215822906
5.0 4.0 0.141732721658685723
6.0 0.0 0.059214433894088134
6.0 1.0 0.069206169450763008
6.0 2.0 0.048063753970531170
6.0 3.0 0.067389321268694916
6.0 4.0 0.026405165979609714
7.0 0.0 0.089996793471267461
7.0 1.0 0.027834747877557700
7.0 2.0 0.063103637049816863
7.0 3.0 0.070621642212813557
7.0 4.0 0.079343171681092881
8.0 0.0 0.106620428069218912
8.0 1.0 0.071531893921459561
8.0 2.0 0.039816959312517379
8.0 3.0 0.056085249412745460
8.0 4.0 0.030077665447548002
9.0 0.0 0.049402601631052180
9.0 1.0 0.085589790762965134
9.0 2.0 0.029427593363658373
9.0 3.0 0.088174529872276156
9.0 4.0 0.012433275668445163
10.0 0.0 0.013091570344973808
10.0 1.0 0.098588192939613378
10.0 2.0 0.070943645702662067
10.0 3.0 0.026020674220496393
10.0 4.0 0.103654486152031378
11.0 0.0 0.072566767676179408
11.0 1.0 0.032225189008382199
11.0 2.0 0.101498806956137055
11.0 3.0 0.056594591245608075
11.0 4.0 0.077878199504524903
12.0 0.0 0.014451082011196119
12.0 1.0 0.035901623159837109
12.0 2.0 0.032678284934013951
12.0 3.0 0.091600015599483026
12.0 4.0 0.075554265693624112
13.0 0.0 0.035821812124186114
13.0 1.0 0.086854723932092953
13.0 2.0 0.019565659679669865
13.0 3.0 0.043285263250791531
13.0 4.0 0.099785125933673918
14.0 0.0 0.058398812028130194
14.0 1.0 0.063923161089514874
14.0 2.0 0.096245467212466268
14.0 3.0 0.105660874628568976
14.0 4.0 0.088142748071763699
15.0 0.0 0.124411673045397159
15.0 1.0 0.020019132328221806
15.0 2.0 0.055246557207188567
15.0 3.0 0.082613902522791438
15.0 4.0 0.050480372666968878
16.0 0.0 0.055631233764836370
16.0 1.0 0.064938376146094795
16.0 2.0 0.080529579263564230
16.0 3.0 0.065925969214558108
16.0 4.0 0.059024458109550565
17.0 0.0 0.043113283594366600
17.0 1.0 0.044492498344774006
17.0 2.0 0.066753171221143798
17.0 3.0 0.051057393568014156
17.0 4.0 0.069576422281534794
18.0 0.0 0.048251938584507957
18.0 1.0 0.034032744634816835
18.0 2.0 0.059705665579030676
18.0 3.0 0.035241925320033715
18.0 4.0 0.032338340369283430
19.0 0.0 0.066096585667731328
19.0 1.0 0.020254314949930116
19.0 2.0 0.028944115961127181
19.0 3.0 0.056793012679887386
19.0 4.0 0.094895382897460440
20.0 0.0 0.016120134892892768
20.0 1.0 0.075226235730045235
20.0 2.0 0.055866700367549982
20.0 3.0 0.061533805687151874
20.0 4.0 0.047823371489591010
21.0 0.0 0.032076898712294029
21.0 1.0 0.041598952839773988
21.0 2.0 0.035805630649431978
21.0 3.0 0.040763172311033616
21.0 4.0 0.102581212290379614
22.0 0.0 0.028333510499118530
22.0 1.0 0.074841017768357138
22.0 2.0 0.096453166578284316
22.0 3.0 0.041824084356891826
22.0 4.0 0.023554855653935260
23.0 0.0 0.054258971382347407
23.0 1.0 0.049687238489157723
23.0 2.0 0.040378717418854744
23.0 3.0 0.046486801222357724
23.0 4.0 0.047781812139537347
24.0 0.0 0.048633422035974906
24.0 1.0 0.057830061539882703
24.0 2.0 0.033174875514130210
24.0 3.0 0.059306853983158617
24.0 4.0 0.043217799945174766
25.0 0.0 0.039451110904249187
25.0 1.0 0.054283923859536586
25.0 2.0 0.035519666041402886
25.0 3.0 0.111799300481054825
25.0 4.0 0.059237627183780485
26.0 0.0 0.063327007324137305
26.0 1.0 0.028384207531146809
26.0 2.0 0.048988315926214457
26.0 3.0 0.076328983846443627
26.0 4.0 0.074730244625082487
27.0 0.0 0.047659892135416673
27.0 1.0 0.014673531836105605
27.0 2.0 0.101292909411594301
27.0 3.0 0.030801952128510328
27.0 4.0 0.069485169405940045
28.0 0.0 0.069553617999055142
28.0 1.0 0.074423024652526495
28.0 2.0 0.039230879920193994
28.0 3.0 0.102742933213291393
28.0 4.0 0.047826250047720703
29.0 0.0 0.096034621125768493
29.0 1.0 0.029223894403944014
29.0 2.0 0.058977057056595089
29.0 3.0 0.038725512572389799
29.0 4.0 0.036276230328634453
30.0 0.0 0.054183423810300536
30.0 1.0 0.077097459096224341
30.0 2.0 0.048071181103138960
30.0 3.0 0.079370014472394529
30.0 4.0 0.035149503540803463
31.0 0.0 0.025011387643109926
31.0 1.0 0.075203497157312740
31.0 2.0 0.036625328336776376
31.0 3.0 0.105412400038716741
31.0 4.0 0.029842251613730619
32.0 0.0 0.043219882658749202
32.0 1.0 0.031365085344917804
32.0 2.0 0.029441821197284029
32.0 3.0 0.066450826228466223
32.0 4.0 0.058397142672462529
33.0 0.0 0.007519482568144439
33.0 1.0 0.068363674412760075
33.0 2.0 0.037488868691053792
33.0 3.0 0.117153916774140748
33.0 4.0 0.050872941580633498
34.0 0.0 0.014250718671288522
34.0 1.0 0.064380743487121223
34.0 2.0 0.055700269964141368
34.0 3.0 0.057894176465601341
34.0 4.0 0.070340563502996764
35.0 0.0 0.103826569152231055
35.0 1.0 0.063043372154140687
35.0 2.0 0.002629284618353373
35.0 3.0 0.041552599640776428
35.0 4.0 0.078574112394018764
36.0 0.0 0.054430763231684887
36.0 1.0 0.072820069166672746
36.0 2.0 0.032357209681477830
36.0 3.0 0.061406294485088414
36.0 4.0 0.073198502080208186
37.0 0.0 0.060194916703062588
37.0 1.0 0.018875887609859063
37.0 2.0 0.050045091406151307
37.0 3.0 0.068944713196118959
37.0 4.0 0.061806198292431419
38.0 0.0 0.041889014835515478
38.0 1.0 0.120461119382845899
38.0 2.0 0.033076639653375414
38.0 3.0 0.015168529566184041
38.0 4.0 0.042945265790855641
39.0 0.0 0.075373101627784961
39.0 1.0 0.061957006835807987
39.0 2.0 0.050226733321290032
39.0 3.0 0.038117669405042388
39.0 4.0 0.073677515492513765
40.0 0.0 0.047788289384761755
40.0 1.0 0.015499492779890933
40.0 2.0 0.045276977613990660
40.0 3.0 0.086941345230635403
40.0 4.0 0.056746174616846189
41.0 0.0 0.001757109282781527
41.0 1.0 0.052486432320106163
41.0 2.0 0.083066453445973049
41.0 3.0 0.022027754675930385
41.0 4.0 0.081490356947230447
42.0 0.0 0.041210097980387286
42.0 1.0 0.088746024351941608
42.0 2.0 0.009151965906306844
42.0 3.0 0.034870974493437019
42.0 4.0 0.056592455618610142
43.0 0.0 0.069574650958450751
43.0 1.0 0.073453770492262219
43.0 2.0 0.046528502278985875
43.0 3.0 0.052967671702668244
43.0 4.0 0.017089681263816936
44.0 0.0 0.025614492935646542
44.0 1.0 0.055766594270925091
44.0 2.0 0.032797874289422352
44.0 3.0 0.083457057389965117
44.0 4.0 0.045176671330981404
45.0 0.0 0.034838420513068111
45.0 1.0 0.067954950262952160
45.0 2.0 0.080719589525543159
45.0 3.0 0.056874805079559859
45.0 4.0 0.011420757585947362
46.0 0.0 0.072966728809077314
46.0 1.0 0.042260200997755654
46.0 2.0 0.098521234283464196
46.0 3.0 0.051491083814272379
46.0 4.0 0.030630610493084031
47.0 0.0 0.077337891635404443
47.0 1.0 0.048540318249810990
47.0 2.0 0.034108490728235442
47.0 3.0 0.045718601038034337
47.0 4.0 0.075217563180745531
48.0 0.0 0.124338002966134731
48.0 1.0 0.080077667201886388
48.0 2.0 0.038129422246469008
48.0 3.0 0.054113514695424199
48.0 4.0 0.033794250923494966
49.0 0.0 0.054467401688482811
49.0 1.0 0.017218627633093026
49.0 2.0 0.038335157563205366
49.0 3.0 0.022756283852579412
49.0 4.0 0.094516949129319280
50.0 0.0 0.035810905231823065
50.0 1.0 0.074168965277760041
50.0 2.0 0.053782498809983606
50.0 3.0 0.013828995091489923
50.0 4.0 0.091739868808073124
51.0 0.0 0.039001176276790755
51.0 1.0 0.025925247536532643
51.0 2.0 0.067589832870415492
51.0 3.0 0.062596779859769830
51.0 4.0 0.064372827235914684
52.0 0.0 0.073159889128439223
52.0 1.0 0.061047971127967365
52.0 2.0 0.052116691090433979
52.0 3.0 0.023139858513677582
52.0 4.0 0.062637327611532512
53.0 0.0 0.045924932265059143
53.0 1.0 0.093157722763844639
53.0 2.0 0.055684402758608767
53.0 3.0 0.025861550747414960
53.0 4.0 0.104124874752794111
54.0 0.0 0.055192994420928100
54.0 1.0 0.118278446604658430
54.0 2.0 0.035224118064097386
54.0 3.0 0.035565224679333617
54.0 4.0 0.042588651279454617
55.0 0.0 0.053396544200441973
55.0 1.0 0.142955459893479769
55.0 2.0 0.056261433221586186
55.0 3.0 0.036656266657002536
55.0 4.0 0.052199436488110977
56.0 0.0 0.034616324760450692
56.0 1.0 0.049458484297304400
56.0 2.0 0.070444586632167669
56.0 3.0 0.024669151372154606
56.0 4.0 0.106487603695718608
57.0 0.0 0.024546343215305105
57.0 1.0 0.019862919203588115
57.0 2.0 0.071531924912485306
57.0 3.0 0.076949027075958437
57.0 4.0 0.058971581596760692
58.0 0.0 0.062999293135389392
58.0 1.0 0.039421744735510904
58.0 2.0 0.049517194991819363
58.0 3.0 0.085953798404054718
58.0 4.0 0.055861563939641562
59.0 0.0 0.083344298272163997
59.0 1.0 0.057233460144068229
59.0 2.0 0.063802187407086014
59.0 3.0 0.070307849272679745
59.0 4.0 0.023641140727749442
60.0 0.0 0.064517836946832358
60.0 1.0 0.043352393195178821
60.0 2.0 0.049778112250544349
60.0 3.0 0.058838479240541412
60.0 4.0 0.037086128335257054
61.0 0.0 0.068554800355995829
61.0 1.0 0.032575090338597845
61.0 2.0 0.056168188172788278
61.0 3.0 0.033040753430690378
61.0 4.0 0.061094900357694423
62.0 0.0 0.067098269838921726
62.0 1.0 0.055595940582350012
62.0 2.0 0.038964258225743093
62.0 3.0 0.053647269978185877
62.0 4.0 0.042489550311878371
63.0 0.0 0.054347801258510173
63.0 1.0 0.028710369604406153
63.0 2.0 0.069249556520828259
63.0 3.0 0.091064697320913601
63.0 4.0 0.062860965134227842
64.0 0.0 0.077796085715069685
64.0 1.0 0.065656693125158982
64.0 2.0 0.092802495984727645
64.0 3.0 0.060667506183408507
64.0 4.0 0.061865035009996627
65.0 0.0 0.046149478652533868
65.0 1.0 0.036253610448558675
65.0 2.0 0.067336939851221508
65.0 3.0 0.014599374696332126
65.0 4.0 0.065281513353078649
66.0 0.0 0.021511427521508829
66.0 1.0 0.086901216328526015
66.0 2.0 0.040196343051911249
66.0 3.0 0.053175128346631108
66.0 4.0 0.036238207890823888
67.0 0.0 0.055195375939310329
67.0 1.0 0.035746277324501398
67.0 2.0 0.023681497901742281
67.0 3.0 0.082792527263258989
67.0 4.0 0.096761072158418934
68.0 0.0 0.102405358301257604
68.0 1.0 0.036286100628167096
68.0 2.0 0.025161099362433926
68.0 3.0 0.027653388380397041
68.0 4.0 0.034783292122645720
69.0 0.0 0.051805838471444834
69.0 1.0 0.059001158406511919
69.0 2.0 0.029389881066917398
69.0 3.0 0.023436642080225147
69.0 4.0 0.078157227774288240
70.0 0.0 0.068896547799625812
70.0 1.0 0.061893805316751996
70.0 2.0 0.042157835131166173
70.0 3.0 0.028602624593373264
70.0 4.0 0.029207817640858180
71.0 0.0 0.045681917095897279
71.0 1.0 0.123905069988852257
71.0 2.0 0.082280996664738620
71.0 3.0 0.052510558669148527
71.0 4.0 0.051894070391366343
72.0 0.0 0.044753322117927721
72.0 1.0 0.051925866864339289
72.0 2.0 0.044416367778521218
72.0 3.0 0.011160191044521716
72.0 4.0 0.080902736425632060
73.0 0.0 0.020328817983695666
73.0 1.0 0.008077215837574685
73.0 2.0 0.089239138513998353
73.0 3.0 0.063502528893421270
73.0 4.0 0.064009752064615635
74.0 0.0 0.043135920476902262
74.0 1.0 0.072295871675202100
74.0 2.0 0.055753471304522198
74.0 3.0 0.060859260669379078
74.0 4.0 0.059521591399168641
75.0 0.0 0.082021938011532625
75.0 1.0 0.040077951291855325
75.0 2.0 0.055917098480991717
75.0 3.0 0.014240440537495425
75.0 4.0 0.119730644036908612
76.0 0.0 0.033478143608709654
76.0 1.0 0.122190173479613071
76.0 2.0 0.013367100138923935
76.0 3.0 0.049617663407746093
76.0 4.0 0.043803542238209953
77.0 0.0 0.083712244946022418
77.0 1.0 0.028977476731399450
77.0 2.0 0.033814780253138041
77.0 3.0 0.021906305299857959
77.0 4.0 0.059877606046309040
78.0 0.0 0.099259691228612848
78.0 1.0 0.117711671013335822
78.0 2.0 0.037064476646247055
78.0 3.0 0.033183293420478308
78.0 4.0 0.021262208230050799
79.0 0.0 0.017879040383063531
79.0 1.0 0.014700890657953656
79.0 2.0 0.056821840067630323
79.0 3.0 0.067886872763989470
79.0 4.0 0.093912097318702287
80.0 0.0 0.022889474545488876
80.0 1.0 0.057834285046675989
80.0 2.0 0.025628493980537841
80.0 3.0 0.088765989605731538
80.0 4.0 0.106304304198616917
81.0 0.0 0.058456353916942871
81.0 1.0 0.046422969373112619
81.0 2.0 0.028097288917717855
81.0 3.0 0.064668600426105977
81.0 4.0 0.042550663308828951
82.0 0.0 0.016025917352376580
82.0 1.0 0.033604923330774548
82.0 2.0 0.058271005724443645
82.0 3.0 0.082976292305683902
82.0 4.0 0.041294815045534755
83.0 0.0 0.053886861439638986
83.0 1.0 0.016918131176061526
83.0 2.0 0.045348719177521729
83.0 3.0 0.106394012262697540
83.0 4.0 0.055478035719529549
84.0 0.0 0.053350954522083376
84.0 1.0 0.021814483613449891
84.0 2.0 0.031179971957490414
84.0 3.0 0.107765889882982524
84.0 4.0 0.037465811552867052
85.0 0.0 0.016711976763705078
85.0 1.0 0.072838711257921962
85.0 2.0 0.057077639053497241
85.0 3.0 0.022696261834527630
85.0 4.0 0.067098985580280324
86.0 0.0 0.061289311594427867
86.0 1.0 0.116909831071507139
86.0 2.0 0.044259033999050040
86.0 3.0 0.015980086410253055
86.0 4.0 0.016684683408293439
87.0 0.0 0.026853240292468151
87.0 1.0 0.009170246229797872
87.0 2.0 0.079345389949687581
87.0 3.0 0.042502799406900632
87.0 4.0 0.091914554341096855
88.0 0.0 0.103458003543457439
88.0 1.0 0.026608366037371795
88.0 2.0 0.054029185601753869
88.0 3.0 0.046879852397011756
88.0 4.0 0.042861970263628452
89.0 0.0 0.045751207327952126
89.0 1.0 0.051438186658501431
89.0 2.0 0.044813292231816591
89.0 3.0 0.028311909200307364
89.0 4.0 0.066372474152712191
90.0 0.0 0.032944660750580335
90.0 1.0 0.092904062570174667
90.0 2.0 0.059719301939263877
90.0 3.0 0.059683537855602667
90.0 4.0 0.021661744353244871
91.0 0.0 0.022454285410808829
91.0 1.0 0.024525897327805045
91.0 2.0 0.041511044719586193
91.0 3.0 0.106162915653297760
91.0 4.0 0.095514769931306809
92.0 0.0 0.052534855046927550
92.0 1.0 0.023772528386989511
92.0 2.0 0.030263229694885180
92.0 3.0 0.081986138589505847
92.0 4.0 0.040671488785648385
93.0 0.0 0.060681481930255375
93.0 1.0 0.035159310416783343
93.0 2.0 0.036970119389666906
93.0 3.0 0.041764308167935617
93.0 4.0 0.080989347937272277
94.0 0.0 0.026812668493201939
94.0 1.0 0.050236736479155594
94.0 2.0 0.100468143363782528
94.0 3.0 0.021650909164479169
94.0 4.0 0.030356410391586028
95.0 0.0 0.041126945082323799
95.0 1.0 0.046774604604283190
95.0 2.0 0.068959908439804402
95.0 3.0 0.048695134514101956
95.0 4.0 0.048752148563856006
96.0 0.0 0.031634854246834369
96.0 1.0 0.044911208081642728
96.0 2.0 0.014376731020925911
96.0 3.0 0.054847625299441830
96.0 4.0 0.070695892497650722
97.0 0.0 0.030033596764422188
97.0 1.0 0.050073604031386033
97.0 2.0 0.071318426259070991
97.0 3.0 0.048189075812249432
97.0 4.0 0.063844891546704835
98.0 0.0 0.021044403355149809
98.0 1.0 0.038413150554278463
98.0 2.0 0.068870138802072295
98.0 3.0 0.075431790360626375
98.0 4.0 0.046977913756908782
99.0 0.0 0.072001636777925801
99.0 1.0 0.049566975658428422
99.0 2.0 0.092763412713121773
99.0 3.0 0.028147738687718193
99.0 4.0 0.066451561776290094
