0.0 0.0 0.095404537192812999
0.0 1.0 0.049567065874105871
0.0 2.0 0.054544380198539244
0.0 3.0 0.087456178556280073
0.0 4.0 0.059732094467351268
1.0 0.0 0.027691459863124480
1.0 1.0 0.080380510869224930
1.0 2.0 0.057057858745041413
1.0 3.0 0.050830436651842031
1.0 4.0 0.091552072199907686
2.0 0.0 0.048155695971376478
2.0 1.0 0.082974693251134046
2.0 2.0 0.083198602047511949
2.0 3.0 0.063608622127715744
2.0 4.0 0.023489996695411720
3.0 0.0 0.054842730175223176
3.0 1.0 0.093484029505403826
3.0 2.0 0.057007348530728738
3.0 3.0 0.100693011359154400
3.0 4.0 0.027271393795224943
4.0 0.0 0.061078469573973865
4.0 1.0 0.058372674503793326
4.0 2.0 0.034904854891184244
4.0 3.0 0.056984423427463814
4.0 4.0 0.115161786211297953
5.0 0.0 0.042051423337335754
5.0 1.0 0.050612991559102746
5.0 2.0 0.072524894016034486
5.0 3.0 0.087972383914624475
5.0 4.0 0.057414456586994622
6.0 0.0 0.051032490204118694
6.0 1.0 0.116412146193387425
6.0 2.0 0.024877091261413201
6.0 3.0 0.032654872507921331
6.0 4.0 0.066842458972995400
7.0 0.0 0.041772372261283587
7.0 1.0 0.040238932392592783
7.0 2.0 0.065374298346481133
7.0 3.0 0.087014379685040333
7.0 4.0 0.065559163048812250
8.0 0.0 0.033617471759985348
8.0 1.0 0.061604075718975977
8.0 2.0 0.100775839719891402
8.0 3.0 0.054082402261206267
8.0 4.0 0.053711856198188385
9.0 0.0 0.049968997777312341
9.0 1.0 0.156202862459447672
9.0 2.0 0.075009106516133253
9.0 3.0 0.007443319445094493
9.0 4.0 0.059689883489197688
10.0 0.0 0.058633805055696001
10.0 1.0 0.005225928374184279
10.0 2.0 0.062340228316838525
10.0 3.0 0.057332532443391267
10.0 4.0 0.116168555579053451
11.0 0.0 0.092766576132094020
11.0 1.0 0.006361709663961226
11.0 2.0 0.063644787405422731
11.0 3.0 0.059689024180987579
11.0 4.0 0.090334428384497720
12.0 0.0 0.082950431803017269
12.0 1.0 0.043257870587413857
12.0 2.0 0.058190771950128783
12.0 3.0 0.102184275793565954
12.0 4.0 0.081602773739694920
13.0 0.0 0.084692737439940352
13.0 1.0 0.045297877521157943
13.0 2.0 0.034956660867446677
13.0 3.0 0.072558198768923374
13.0 4.0 0.071639964701922479
14.0 0.0 0.067957037405709270
14.0 1.0 0.045228057018435117
14.0 2.0 0.068832581334503429
14.0 3.0 0.046431587337695396
14.0 4.0 0.074229668131414281
15.0 0.0 0.038731398940291553
15.0 1.0 0.122859655722377947
15.0 2.0 0.077671836081089518
15.0 3.0 0.059318879158676244
15.0 4.0 0.069106198805535507
16.0 0.0 0.093515340622225801
16.0 1.0 0.023135960979189948
16.0 2.0 0.094493766665163875
16.0 3.0 0.058504384823323964
16.0 4.0 0.049475664136919908
17.0 0.0 0.082093289154161822
17.0 1.0 0.075294932618175991
17.0 2.0 0.065973942899837365
17.0 3.0 0.004273081581000163
17.0 4.0 0.079197494644771743
18.0 0.0 0.069720783646261719
18.0 1.0 0.046760356373165488
18.0 2.0 0.076303914161393788
18.0 3.0 0.099853023264150076
18.0 4.0 0.026686523147402223
19.0 0.0 0.046616921232286210
19.0 1.0 0.088639131544236804
19.0 2.0 0.077200064901909574
19.0 3.0 0.046646033296280115
19.0 4.0 0.090373775386002789
20.0 0.0 0.055189746313179813
20.0 1.0 0.083754549699968456
20.0 2.0 0.063022744127636449
20.0 3.0 0.081840118987566768
20.0 4.0 0.028386173034837717
21.0 0.0 0.013828558386949977
21.0 1.0 0.040966766984185235
21.0 2.0 0.088556647946989392
21.0 3.0 0.091812506397854890
21.0 4.0 0.110196041512785753
22.0 0.0 0.080766700774050251
22.0 1.0 0.115642525479832975
22.0 2.0 0.034645310992118136
22.0 3.0 0.077838438880134933
22.0 4.0 0.072095213085377557
23.0 0.0 0.013935674939033343
23.0 1.0 0.033478175407711183
23.0 2.0 0.074647136647887261
23.0 3.0 0.098557780241652848
23.0 4.0 0.072005523934088544
24.0 0.0 0.125177556614064212
24.0 1.0 0.003014105291200879
24.0 2.0 0.074849777401673631
24.0 3.0 0.085729596978648070
24.0 4.0 0.010336550912062935
25.0 0.0 0.025211759117751607
25.0 1.0 0.118770955223413160
25.0 2.0 0.046195555951721631
25.0 3.0 0.048752620373509623
25.0 4.0 0.103341128256292381
26.0 0.0 0.107454918049638137
26.0 1.0 0.097287840548714255
26.0 2.0 0.019509786956098472
26.0 3.0 0.036709432571022167
26.0 4.0 0.112959045024239618
27.0 0.0 0.086511981149506423
27.0 1.0 0.041043997524979989
27.0 2.0 0.047945900382371308
27.0 3.0 0.085753868205305561
27.0 4.0 0.058692923690042517
28.0 0.0 0.064908705539581918
28.0 1.0 0.016587724996542798
28.0 2.0 0.062730782407203006
28.0 3.0 0.061695415647678935
28.0 4.0 0.086419858259332183
29.0 0.0 0.054761084083338893
29.0 1.0 0.050016201465617638
29.0 2.0 0.106167430665029650
29.0 3.0 0.041234677722217068
29.0 4.0 0.041808592098238610
30.0 0.0 0.064099149671245970
30.0 1.0 0.109558108108849250
30.0 2.0 0.031887764227980210
30.0 3.0 0.047265656808066617
30.0 4.0 0.065668619759246538
31.0 0.0 0.078154647972222685
31.0 1.0 0.015489154252677042
31.0 2.0 0.110236994836748620
31.0 3.0 0.085928166264739286
31.0 4.0 0.052708723761438696
32.0 0.0 0.078324415989585214
32.0 1.0 0.042556878357413341
32.0 2.0 0.132294497286720325
32.0 3.0 0.062318673849452985
32.0 4.0 0.050360584540563330
33.0 0.0 0.069104832634414817
33.0 1.0 0.103056600597438930
33.0 2.0 0.064442861649285865
33.0 3.0 0.048176967981691847
33.0 4.0 0.051330691335878725
34.0 0.0 0.030109403683852988
34.0 1.0 0.060236489179580029
34.0 2.0 0.066894664211598301
34.0 3.0 0.085583959556430417
34.0 4.0 0.064204402614098974
35.0 0.0 0.050951779706402064
35.0 1.0 0.030581943749914589
35.0 2.0 0.081511367587603162
35.0 3.0 0.111532540271697650
35.0 4.0 0.091984135179319942
36.0 0.0 0.065429262442010402
36.0 1.0 0.067054137063995406
36.0 2.0 0.090275413316267775
36.0 3.0 0.051095073819652226
36.0 4.0 0.055931104749916270
37.0 0.0 0.090118217339892295
37.0 1.0 0.045481222505673415
37.0 2.0 0.042905313487767473
37.0 3.0 0.093379851922533744
37.0 4.0 0.076452165627794777
38.0 0.0 0.054368193468958728
38.0 1.0 0.072359489803329888
38.0 2.0 0.043858648358012356
38.0 3.0 0.070525898986768032
38.0 4.0 0.069215868336144626
39.0 0.0 0.060753066820003976
39.0 1.0 0.092566211756460584
39.0 2.0 0.028207586897607866
39.0 3.0 0.058865889715345343
39.0 4.0 0.052697295230675262
40.0 0.0 0.051894237319701414
40.0 1.0 0.061836279881179464
40.0 2.0 0.103312440433982522
40.0 3.0 0.097790621096703806
40.0 4.0 0.007882248578386489
41.0 0.0 0.065820955313756882
41.0 1.0 0.070112259234615240
41.0 2.0 0.059409699598397786
41.0 3.0 0.024849719895294314
41.0 4.0 0.089670096751778283
42.0 0.0 0.084158531425170574
42.0 1.0 0.056423790587957878
42.0 2.0 0.032740512559949114
42.0 3.0 0.112480959018196769
42.0 4.0 0.083107051220373943
43.0 0.0 0.034879611213430299
43.0 1.0 0.115863867874020476
43.0 2.0 0.054388776949358369
43.0 3.0 0.036902086187661651
43.0 4.0 0.070490065311680422
44.0 0.0 0.052167851075791805
44.0 1.0 0.084907085551345268
44.0 2.0 0.067757931965049228
44.0 3.0 0.080711621760565511
44.0 4.0 0.088257985795510779
45.0 0.0 0.011993808426974752
45.0 1.0 0.055651200548151480
45.0 2.0 0.057445062360463484
45.0 3.0 0.075893569618510792
45.0 4.0 0.104075628918770258
46.0 0.0 0.072124640512718163
46.0 1.0 0.062877686197722715
46.0 2.0 0.036208866747433274
46.0 3.0 0.041205130166244615
46.0 4.0 0.082406231730424023
47.0 0.0 0.099425567245013752
47.0 1.0 0.061310533307865851
47.0 2.0 0.032473471882997970
47.0 3.0 0.034109230232924066
47.0 4.0 0.068049154164582459
48.0 0.0 0.032121582007419519
48.0 1.0 0.087884937544766298
48.0 2.0 0.097562176829556133
48.0 3.0 0.054502056616022296
48.0 4.0 0.060189038427581366
49.0 0.0 0.029866840015421649
49.0 1.0 0.058284863241264612
49.0 2.0 0.089957855470542206
49.0 3.0 0.079461356625119939
49.0 4.0 0.038422039796670582
50.0 0.0 0.061822402756001746
50.0 1.0 0.049708393849003121
50.0 2.0 0.101071694178001520
50.0 3.0 0.058419795021954643
50.0 4.0 0.046457443105007601
51.0 0.0 0.040678085865338463
51.0 1.0 0.102386005612944128
51.0 2.0 0.063710170136737965
51.0 3.0 0.071483463775834533
51.0 4.0 0.077051597305844530
52.0 0.0 0.071110799437457489
52.0 1.0 0.063231187359330712
52.0 2.0 0.037159685263676322
52.0 3.0 0.079028544383109023
52.0 4.0 0.065199207932115616
53.0 0.0 0.096761683520532715
53.0 1.0 0.091058395050531010
53.0 2.0 0.048904798010630052
53.0 3.0 0.023699245425926455
53.0 4.0 0.050456501920505853
54.0 0.0 0.051541343490614865
54.0 1.0 0.108913734705050488
54.0 2.0 0.055404445368337905
54.0 3.0 0.060924319830432158
54.0 4.0 0.041041265735889190
55.0 0.0 0.057094354660069957
55.0 1.0 0.059724758795838176
55.0 2.0 0.130835167583298495
55.0 3.0 0.080581492737481053
55.0 4.0 0.068735748839526517
56.0 0.0 0.058357567186854406
56.0 1.0 0.038312464428692183
56.0 2.0 0.134330840983508726
56.0 3.0 0.063429612344836975
56.0 4.0 0.067238689512199204
57.0 0.0 0.045015701351273626
57.0 1.0 0.078788052972657091
57.0 2.0 0.004444434742247212
57.0 3.0 0.095912847837111098
57.0 4.0 0.092827366705012043
58.0 0.0 0.144675485616737265
58.0 1.0 0.024912018702452719
58.0 2.0 0.046332813151230910
58.0 3.0 0.047479440754417998
58.0 4.0 0.075862123298191850
59.0 0.0 0.066810850866436566
59.0 1.0 0.059554700537848629
59.0 2.0 0.048388786222634164
59.0 3.0 0.039242024454057139
59.0 4.0 0.089814166647944116
60.0 0.0 0.041479123861798320
60.0 1.0 0.128888840480893330
60.0 2.0 0.067777040480261050
60.0 3.0 0.078702394476005869
60.0 4.0 0.006522915593394015
61.0 0.0 0.037935580902281184
61.0 1.0 0.068530965052483891
61.0 2.0 0.113872406769121207
61.0 3.0 0.092153020288815363
61.0 4.0 0.063086510597733805
62.0 0.0 0.073422107676232612
62.0 1.0 0.024568084096094935
62.0 2.0 0.075477161085522951
62.0 3.0 0.108170180832812643
62.0 4.0 0.024241632612743043
63.0 0.0 0.065939200490474692
63.0 1.0 0.071252572645989873
63.0 2.0 0.051650983394799503
63.0 3.0 0.056409904947348342
63.0 4.0 0.057614916108378704
64.0 0.0 0.113712488477532056
64.0 1.0 0.069313104522299329
64.0 2.0 0.026298284012807673
64.0 3.0 0.051393405188641064
64.0 4.0 0.102412089587611055
65.0 0.0 0.067775497727343148
65.0 1.0 0.061890644869027192
65.0 2.0 0.079672617148921543
65.0 3.0 0.044907582932607992
65.0 4.0 0.040396046576354802
66.0 0.0 0.024149103240853117
66.0 1.0 0.053735943196623621
66.0 2.0 0.086854910824570475
66.0 3.0 0.069086462578412333
66.0 4.0 0.064291784643845273
67.0 0.0 0.054202380434641186
67.0 1.0 0.079895331067759617
67.0 2.0 0.030460717500605791
67.0 3.0 0.097267861846725062
67.0 4.0 0.044082895732832500
68.0 0.0 0.045093142188990104
68.0 1.0 0.077593114797993981
68.0 2.0 0.044994677001594492
68.0 3.0 0.115358205734803793
68.0 4.0 0.045924663541244720
69.0 0.0 0.071557168604352475
69.0 1.0 0.045367662928908398
69.0 2.0 0.052590866420573021
69.0 3.0 0.100714497993598981
69.0 4.0 0.102162884563662737
70.0 0.0 0.049417251034390611
70.0 1.0 0.046158036210358709
70.0 2.0 0.095596974686420366
70.0 3.0 0.090500612143762593
70.0 4.0 0.036562955557502899
71.0 0.0 0.049205071775369091
71.0 1.0 0.080032061490614606
71.0 2.0 0.044893824796400431
71.0 3.0 0.075562151382779524
71.0 4.0 0.062320539060798236
72.0 0.0 0.077215659673452688
72.0 1.0 0.062653677955184534
72.0 2.0 0.060836054510076662
72.0 3.0 0.054504332074959812
72.0 4.0 0.072698513219203148
73.0 0.0 0.113239446503693469
73.0 1.0 0.100643579714225342
73.0 2.0 0.018848013402408489
73.0 3.0 0.045842404056618574
73.0 4.0 0.059499352974393883
74.0 0.0 0.092539158624913895
74.0 1.0 0.075338460815162989
74.0 2.0 0.059931956066172423
74.0 3.0 0.069210255707001359
74.0 4.0 0.062056332082334388
75.0 0.0 0.056687207809104898
75.0 1.0 0.060761333814627394
75.0 2.0 0.052949542961095622
75.0 3.0 0.062574973425152530
75.0 4.0 0.104711340049732177
76.0 0.0 0.101102474981689894
76.0 1.0 0.109258670379308434
76.0 2.0 0.020247063058405543
76.0 3.0 0.005481422680762306
76.0 4.0 0.067947883760993422
77.0 0.0 0.073248643980857148
77.0 1.0 0.066920290373217103
77.0 2.0 0.072690708948723079
77.0 3.0 0.051135195459106594
77.0 4.0 0.076181345112254426
78.0 0.0 0.048062523257422544
78.0 1.0 0.053062940995526435
78.0 2.0 0.046106086658666272
78.0 3.0 0.075412122224808531
78.0 4.0 0.076116844699571196
79.0 0.0 0.065384149846726899
79.0 1.0 0.028163257177929016
79.0 2.0 0.036694648200474772
79.0 3.0 0.088585119728091605
79.0 4.0 0.105344953691996951
80.0 0.0 0.053066400741626205
80.0 1.0 0.037335184408168715
80.0 2.0 0.104603736508462997
80.0 3.0 0.052792024508337317
80.0 4.0 0.062780075975478439
81.0 0.0 0.083207585093114336
81.0 1.0 0.058190666950782913
81.0 2.0 0.048740975366909259
81.0 3.0 0.036049944234753453
81.0 4.0 0.069914602110711987
82.0 0.0 0.067881282648716401
82.0 1.0 0.053038109827582461
82.0 2.0 0.061781029326559413
82.0 3.0 0.062519534993809550
82.0 4.0 0.062043672892943318
83.0 0.0 0.029027014915990083
83.0 1.0 0.068137800846378091
83.0 2.0 0.026737265052927478
83.0 3.0 0.073471471264512186
83.0 4.0 0.118916369025185570
84.0 0.0 0.059872861549302728
84.0 1.0 0.043400966439566903
84.0 2.0 0.076898470745182565
84.0 3.0 0.091628870211497543
84.0 4.0 0.047013369939711898
85.0 0.0 0.104601234656252678
85.0 1.0 0.058714123643063595
85.0 2.0 0.035953154152119235
85.0 3.0 0.074543319561745383
85.0 4.0 0.058148179694948635
86.0 0.0 0.028331431220611859
86.0 1.0 0.098503224806841816
86.0 2.0 0.042370287848456173
86.0 3.0 0.102103637825722862
86.0 4.0 0.088267293279020151
87.0 0.0 0.031151719503469136
87.0 1.0 0.151481811519920628
87.0 2.0 0.096103231946921525
87.0 3.0 0.041484099587993289
87.0 4.0 0.028834003684615202
88.0 0.0 0.055076213356965206
88.0 1.0 0.069872340558711943
88.0 2.0 0.045034840286935177
88.0 3.0 0.084761175076933204
88.0 4.0 0.067607164398086159
89.0 0.0 0.075727661264388735
89.0 1.0 0.030171755876403677
89.0 2.0 0.059099542239154874
89.0 3.0 0.079317363540200692
89.0 4.0 0.084542132874358300
90.0 0.0 0.071872113255503411
90.0 1.0 0.059658789937163205
90.0 2.0 0.072547055845089442
90.0 3.0 0.075603583695988963
90.0 4.0 0.025751625133967653
91.0 0.0 0.107507486970689681
91.0 1.0 0.039605477181538735
91.0 2.0 0.058020359769633448
91.0 3.0 0.029866998346547612
91.0 4.0 0.059149897620480910
92.0 0.0 0.039223488669803130
92.0 1.0 0.072354981491134285
92.0 2.0 0.046562351632625426
92.0 3.0 0.069344378362961978
92.0 4.0 0.130107636593588649
93.0 0.0 0.047240798455271737
93.0 1.0 0.128646245178822283
93.0 2.0 0.107634872724710756
93.0 3.0 0.050100602376828840
93.0 4.0 0.021759555619956576
94.0 0.0 0.082548828495286136
94.0 1.0 0.055179819816849100
94.0 2.0 0.091302980522776966
94.0 3.0 0.021201737084594025
94.0 4.0 0.047148249713741784
95.0 0.0 0.051810026360254918
95.0 1.0 0.031813253047435569
95.0 2.0 0.086786837709128678
95.0 3.0 0.082706689661834379
95.0 4.0 0.053651344741893717
96.0 0.0 0.104945204309153467
96.0 1.0 0.041871247903365438
96.0 2.0 0.026610597059484362
96.0 3.0 0.076675003877106546
96.0 4.0 0.056900558734908950
97.0 0.0 0.066414418447310442
97.0 1.0 0.067422224891441188
97.0 2.0 0.096761926446740795
97.0 3.0 0.056253913516644424
97.0 4.0 0.023741050488649273
98.0 0.0 0.095776905784656127
98.0 1.0 0.108104114374807506
98.0 2.0 0.070117125234897479
98.0 3.0 0.069835991174518802
98.0 4.0 0.052670609130772955
99.0 0.0 0.052719240217475760
99.0 1.0 0.049836127233866920
99.0 2.0 0.049619717533518050
99.0 3.0 0.108534204935066242
99.0 4.0 0.033402733784489463
