0.0 0.0 0.330000000000000016
0.0 1.0 0.380000000000000004
0.0 2.0 0.289999999999999980
0.0 3.0 0.419999999999999984
0.0 4.0 0.390000000000000013
1.0 0.0 0.230000000000000010
1.0 1.0 0.369999999999999996
1.0 2.0 0.320000000000000007
1.0 3.0 0.369999999999999996
1.0 4.0 0.299999999999999989
2.0 0.0 0.429999999999999993
2.0 1.0 0.429999999999999993
2.0 2.0 0.299999999999999989
2.0 3.0 0.320000000000000007
2.0 4.0 0.380000000000000004
3.0 0.0 0.429999999999999993
3.0 1.0 0.359999999999999987
3.0 2.0 0.359999999999999987
3.0 3.0 0.320000000000000007
3.0 4.0 0.400000000000000022
4.0 0.0 0.320000000000000007
4.0 1.0 0.359999999999999987
4.0 2.0 0.380000000000000004
4.0 3.0 0.260000000000000009
4.0 4.0 0.380000000000000004
5.0 0.0 0.349999999999999978
5.0 1.0 0.440000000000000002
5.0 2.0 0.380000000000000004
5.0 3.0 0.409999999999999976
5.0 4.0 0.260000000000000009
6.0 0.0 0.380000000000000004
6.0 1.0 0.400000000000000022
6.0 2.0 0.349999999999999978
6.0 3.0 0.409999999999999976
6.0 4.0 0.380000000000000004
7.0 0.0 0.289999999999999980
7.0 1.0 0.380000000000000004
7.0 2.0 0.369999999999999996
7.0 3.0 0.369999999999999996
7.0 4.0 0.359999999999999987
8.0 0.0 0.309999999999999998
8.0 1.0 0.400000000000000022
8.0 2.0 0.330000000000000016
8.0 3.0 0.260000000000000009
8.0 4.0 0.320000000000000007
9.0 0.0 0.380000000000000004
9.0 1.0 0.369999999999999996
9.0 2.0 0.309999999999999998
9.0 3.0 0.330000000000000016
9.0 4.0 0.429999999999999993
10.0 0.0 0.340000000000000024
10.0 1.0 0.400000000000000022
10.0 2.0 0.260000000000000009
10.0 3.0 0.400000000000000022
10.0 4.0 0.349999999999999978
11.0 0.0 0.330000000000000016
11.0 1.0 0.320000000000000007
11.0 2.0 0.260000000000000009
11.0 3.0 0.340000000000000024
11.0 4.0 0.380000000000000004
12.0 0.0 0.369999999999999996
12.0 1.0 0.280000000000000027
12.0 2.0 0.330000000000000016
12.0 3.0 0.419999999999999984
12.0 4.0 0.309999999999999998
13.0 0.0 0.349999999999999978
13.0 1.0 0.330000000000000016
13.0 2.0 0.340000000000000024
13.0 3.0 0.340000000000000024
13.0 4.0 0.289999999999999980
14.0 0.0 0.330000000000000016
14.0 1.0 0.280000000000000027
14.0 2.0 0.359999999999999987
14.0 3.0 0.260000000000000009
14.0 4.0 0.340000000000000024
15.0 0.0 0.330000000000000016
15.0 1.0 0.330000000000000016
15.0 2.0 0.409999999999999976
15.0 3.0 0.380000000000000004
15.0 4.0 0.330000000000000016
16.0 0.0 0.400000000000000022
16.0 1.0 0.349999999999999978
16.0 2.0 0.400000000000000022
16.0 3.0 0.369999999999999996
16.0 4.0 0.330000000000000016
17.0 0.0 0.400000000000000022
17.0 1.0 0.299999999999999989
17.0 2.0 0.340000000000000024
17.0 3.0 0.419999999999999984
17.0 4.0 0.320000000000000007
18.0 0.0 0.390000000000000013
18.0 1.0 0.380000000000000004
18.0 2.0 0.340000000000000024
18.0 3.0 0.270000000000000018
18.0 4.0 0.359999999999999987
19.0 0.0 0.369999999999999996
19.0 1.0 0.340000000000000024
19.0 2.0 0.359999999999999987
19.0 3.0 0.450000000000000011
19.0 4.0 0.359999999999999987
20.0 0.0 0.330000000000000016
20.0 1.0 0.349999999999999978
20.0 2.0 0.299999999999999989
20.0 3.0 0.450000000000000011
20.0 4.0 0.390000000000000013
21.0 0.0 0.359999999999999987
21.0 1.0 0.320000000000000007
21.0 2.0 0.280000000000000027
21.0 3.0 0.369999999999999996
21.0 4.0 0.340000000000000024
22.0 0.0 0.390000000000000013
22.0 1.0 0.349999999999999978
22.0 2.0 0.409999999999999976
22.0 3.0 0.359999999999999987
22.0 4.0 0.369999999999999996
23.0 0.0 0.390000000000000013
23.0 1.0 0.270000000000000018
23.0 2.0 0.429999999999999993
23.0 3.0 0.349999999999999978
23.0 4.0 0.429999999999999993
24.0 0.0 0.369999999999999996
24.0 1.0 0.340000000000000024
24.0 2.0 0.289999999999999980
24.0 3.0 0.289999999999999980
24.0 4.0 0.369999999999999996
25.0 0.0 0.409999999999999976
25.0 1.0 0.400000000000000022
25.0 2.0 0.400000000000000022
25.0 3.0 0.429999999999999993
25.0 4.0 0.330000000000000016
26.0 0.0 0.419999999999999984
26.0 1.0 0.369999999999999996
26.0 2.0 0.440000000000000002
26.0 3.0 0.280000000000000027
26.0 4.0 0.419999999999999984
27.0 0.0 0.400000000000000022
27.0 1.0 0.349999999999999978
27.0 2.0 0.359999999999999987
27.0 3.0 0.409999999999999976
27.0 4.0 0.330000000000000016
28.0 0.0 0.450000000000000011
28.0 1.0 0.380000000000000004
28.0 2.0 0.369999999999999996
28.0 3.0 0.390000000000000013
28.0 4.0 0.330000000000000016
29.0 0.0 0.330000000000000016
29.0 1.0 0.390000000000000013
29.0 2.0 0.359999999999999987
29.0 3.0 0.320000000000000007
29.0 4.0 0.369999999999999996
30.0 0.0 0.359999999999999987
30.0 1.0 0.349999999999999978
30.0 2.0 0.349999999999999978
30.0 3.0 0.419999999999999984
30.0 4.0 0.340000000000000024
31.0 0.0 0.330000000000000016
31.0 1.0 0.369999999999999996
31.0 2.0 0.340000000000000024
31.0 3.0 0.369999999999999996
31.0 4.0 0.390000000000000013
32.0 0.0 0.369999999999999996
32.0 1.0 0.299999999999999989
32.0 2.0 0.369999999999999996
32.0 3.0 0.309999999999999998
32.0 4.0 0.380000000000000004
33.0 0.0 0.400000000000000022
33.0 1.0 0.380000000000000004
33.0 2.0 0.369999999999999996
33.0 3.0 0.330000000000000016
33.0 4.0 0.340000000000000024
34.0 0.0 0.380000000000000004
34.0 1.0 0.309999999999999998
34.0 2.0 0.369999999999999996
34.0 3.0 0.390000000000000013
34.0 4.0 0.409999999999999976
35.0 0.0 0.320000000000000007
35.0 1.0 0.289999999999999980
35.0 2.0 0.359999999999999987
35.0 3.0 0.380000000000000004
35.0 4.0 0.320000000000000007
36.0 0.0 0.380000000000000004
36.0 1.0 0.359999999999999987
36.0 2.0 0.400000000000000022
36.0 3.0 0.380000000000000004
36.0 4.0 0.390000000000000013
37.0 0.0 0.349999999999999978
37.0 1.0 0.369999999999999996
37.0 2.0 0.309999999999999998
37.0 3.0 0.369999999999999996
37.0 4.0 0.340000000000000024
38.0 0.0 0.349999999999999978
38.0 1.0 0.369999999999999996
38.0 2.0 0.419999999999999984
38.0 3.0 0.330000000000000016
38.0 4.0 0.250000000000000000
39.0 0.0 0.320000000000000007
39.0 1.0 0.320000000000000007
39.0 2.0 0.400000000000000022
39.0 3.0 0.400000000000000022
39.0 4.0 0.429999999999999993
40.0 0.0 0.359999999999999987
40.0 1.0 0.380000000000000004
40.0 2.0 0.440000000000000002
40.0 3.0 0.299999999999999989
40.0 4.0 0.309999999999999998
41.0 0.0 0.320000000000000007
41.0 1.0 0.340000000000000024
41.0 2.0 0.369999999999999996
41.0 3.0 0.409999999999999976
41.0 4.0 0.369999999999999996
42.0 0.0 0.349999999999999978
42.0 1.0 0.309999999999999998
42.0 2.0 0.369999999999999996
42.0 3.0 0.450000000000000011
42.0 4.0 0.349999999999999978
43.0 0.0 0.359999999999999987
43.0 1.0 0.400000000000000022
43.0 2.0 0.380000000000000004
43.0 3.0 0.340000000000000024
43.0 4.0 0.380000000000000004
44.0 0.0 0.330000000000000016
44.0 1.0 0.380000000000000004
44.0 2.0 0.340000000000000024
44.0 3.0 0.289999999999999980
44.0 4.0 0.349999999999999978
45.0 0.0 0.349999999999999978
45.0 1.0 0.349999999999999978
45.0 2.0 0.440000000000000002
45.0 3.0 0.320000000000000007
45.0 4.0 0.419999999999999984
46.0 0.0 0.359999999999999987
46.0 1.0 0.369999999999999996
46.0 2.0 0.359999999999999987
46.0 3.0 0.349999999999999978
46.0 4.0 0.419999999999999984
47.0 0.0 0.429999999999999993
47.0 1.0 0.330000000000000016
47.0 2.0 0.359999999999999987
47.0 3.0 0.380000000000000004
47.0 4.0 0.429999999999999993
48.0 0.0 0.330000000000000016
48.0 1.0 0.340000000000000024
48.0 2.0 0.349999999999999978
48.0 3.0 0.400000000000000022
48.0 4.0 0.280000000000000027
49.0 0.0 0.409999999999999976
49.0 1.0 0.349999999999999978
49.0 2.0 0.340000000000000024
49.0 3.0 0.369999999999999996
49.0 4.0 0.349999999999999978
50.0 0.0 0.270000000000000018
50.0 1.0 0.359999999999999987
50.0 2.0 0.330000000000000016
50.0 3.0 0.369999999999999996
50.0 4.0 0.369999999999999996
51.0 0.0 0.419999999999999984
51.0 1.0 0.380000000000000004
51.0 2.0 0.390000000000000013
51.0 3.0 0.400000000000000022
51.0 4.0 0.369999999999999996
52.0 0.0 0.429999999999999993
52.0 1.0 0.349999999999999978
52.0 2.0 0.330000000000000016
52.0 3.0 0.330000000000000016
52.0 4.0 0.340000000000000024
53.0 0.0 0.349999999999999978
53.0 1.0 0.380000000000000004
53.0 2.0 0.299999999999999989
53.0 3.0 0.450000000000000011
53.0 4.0 0.390000000000000013
54.0 0.0 0.419999999999999984
54.0 1.0 0.349999999999999978
54.0 2.0 0.380000000000000004
54.0 3.0 0.349999999999999978
54.0 4.0 0.260000000000000009
55.0 0.0 0.380000000000000004
55.0 1.0 0.419999999999999984
55.0 2.0 0.320000000000000007
55.0 3.0 0.330000000000000016
55.0 4.0 0.419999999999999984
56.0 0.0 0.320000000000000007
56.0 1.0 0.340000000000000024
56.0 2.0 0.289999999999999980
56.0 3.0 0.409999999999999976
56.0 4.0 0.299999999999999989
57.0 0.0 0.309999999999999998
57.0 1.0 0.340000000000000024
57.0 2.0 0.440000000000000002
57.0 3.0 0.400000000000000022
57.0 4.0 0.340000000000000024
58.0 0.0 0.369999999999999996
58.0 1.0 0.330000000000000016
58.0 2.0 0.390000000000000013
58.0 3.0 0.390000000000000013
58.0 4.0 0.359999999999999987
59.0 0.0 0.309999999999999998
59.0 1.0 0.309999999999999998
59.0 2.0 0.429999999999999993
59.0 3.0 0.400000000000000022
59.0 4.0 0.440000000000000002
60.0 0.0 0.400000000000000022
60.0 1.0 0.369999999999999996
60.0 2.0 0.280000000000000027
60.0 3.0 0.429999999999999993
60.0 4.0 0.349999999999999978
61.0 0.0 0.250000000000000000
61.0 1.0 0.349999999999999978
61.0 2.0 0.340000000000000024
61.0 3.0 0.330000000000000016
61.0 4.0 0.359999999999999987
62.0 0.0 0.349999999999999978
62.0 1.0 0.299999999999999989
62.0 2.0 0.359999999999999987
62.0 3.0 0.390000000000000013
62.0 4.0 0.349999999999999978
63.0 0.0 0.280000000000000027
63.0 1.0 0.390000000000000013
63.0 2.0 0.330000000000000016
63.0 3.0 0.380000000000000004
63.0 4.0 0.309999999999999998
64.0 0.0 0.289999999999999980
64.0 1.0 0.380000000000000004
64.0 2.0 0.400000000000000022
64.0 3.0 0.419999999999999984
64.0 4.0 0.400000000000000022
65.0 0.0 0.390000000000000013
65.0 1.0 0.359999999999999987
65.0 2.0 0.390000000000000013
65.0 3.0 0.359999999999999987
65.0 4.0 0.359999999999999987
66.0 0.0 0.359999999999999987
66.0 1.0 0.239999999999999991
66.0 2.0 0.359999999999999987
66.0 3.0 0.369999999999999996
66.0 4.0 0.369999999999999996
67.0 0.0 0.340000000000000024
67.0 1.0 0.460000000000000020
67.0 2.0 0.390000000000000013
67.0 3.0 0.369999999999999996
67.0 4.0 0.409999999999999976
68.0 0.0 0.330000000000000016
68.0 1.0 0.299999999999999989
68.0 2.0 0.359999999999999987
68.0 3.0 0.359999999999999987
68.0 4.0 0.390000000000000013
69.0 0.0 0.299999999999999989
69.0 1.0 0.270000000000000018
69.0 2.0 0.330000000000000016
69.0 3.0 0.359999999999999987
69.0 4.0 0.309999999999999998
70.0 0.0 0.270000000000000018
70.0 1.0 0.369999999999999996
70.0 2.0 0.400000000000000022
70.0 3.0 0.429999999999999993
70.0 4.0 0.400000000000000022
71.0 0.0 0.309999999999999998
71.0 1.0 0.299999999999999989
71.0 2.0 0.460000000000000020
71.0 3.0 0.380000000000000004
71.0 4.0 0.450000000000000011
72.0 0.0 0.369999999999999996
72.0 1.0 0.409999999999999976
72.0 2.0 0.380000000000000004
72.0 3.0 0.320000000000000007
72.0 4.0 0.409999999999999976
73.0 0.0 0.349999999999999978
73.0 1.0 0.280000000000000027
73.0 2.0 0.320000000000000007
73.0 3.0 0.440000000000000002
73.0 4.0 0.450000000000000011
74.0 0.0 0.299999999999999989
74.0 1.0 0.359999999999999987
74.0 2.0 0.380000000000000004
74.0 3.0 0.349999999999999978
74.0 4.0 0.299999999999999989
75.0 0.0 0.380000000000000004
75.0 1.0 0.340000000000000024
75.0 2.0 0.289999999999999980
75.0 3.0 0.349999999999999978
75.0 4.0 0.400000000000000022
76.0 0.0 0.340000000000000024
76.0 1.0 0.359999999999999987
76.0 2.0 0.380000000000000004
76.0 3.0 0.330000000000000016
76.0 4.0 0.320000000000000007
77.0 0.0 0.380000000000000004
77.0 1.0 0.369999999999999996
77.0 2.0 0.320000000000000007
77.0 3.0 0.419999999999999984
77.0 4.0 0.359999999999999987
78.0 0.0 0.369999999999999996
78.0 1.0 0.409999999999999976
78.0 2.0 0.320000000000000007
78.0 3.0 0.280000000000000027
78.0 4.0 0.400000000000000022
79.0 0.0 0.380000000000000004
79.0 1.0 0.390000000000000013
79.0 2.0 0.340000000000000024
79.0 3.0 0.429999999999999993
79.0 4.0 0.390000000000000013
80.0 0.0 0.380000000000000004
80.0 1.0 0.369999999999999996
80.0 2.0 0.390000000000000013
80.0 3.0 0.349999999999999978
80.0 4.0 0.400000000000000022
81.0 0.0 0.409999999999999976
81.0 1.0 0.380000000000000004
81.0 2.0 0.400000000000000022
81.0 3.0 0.409999999999999976
81.0 4.0 0.309999999999999998
82.0 0.0 0.369999999999999996
82.0 1.0 0.390000000000000013
82.0 2.0 0.359999999999999987
82.0 3.0 0.390000000000000013
82.0 4.0 0.409999999999999976
83.0 0.0 0.369999999999999996
83.0 1.0 0.359999999999999987
83.0 2.0 0.419999999999999984
83.0 3.0 0.419999999999999984
83.0 4.0 0.349999999999999978
84.0 0.0 0.309999999999999998
84.0 1.0 0.390000000000000013
84.0 2.0 0.390000000000000013
84.0 3.0 0.340000000000000024
84.0 4.0 0.280000000000000027
85.0 0.0 0.400000000000000022
85.0 1.0 0.239999999999999991
85.0 2.0 0.330000000000000016
85.0 3.0 0.340000000000000024
85.0 4.0 0.349999999999999978
86.0 0.0 0.330000000000000016
86.0 1.0 0.409999999999999976
86.0 2.0 0.390000000000000013
86.0 3.0 0.359999999999999987
86.0 4.0 0.280000000000000027
87.0 0.0 0.309999999999999998
87.0 1.0 0.340000000000000024
87.0 2.0 0.359999999999999987
87.0 3.0 0.400000000000000022
87.0 4.0 0.299999999999999989
88.0 0.0 0.380000000000000004
88.0 1.0 0.380000000000000004
88.0 2.0 0.359999999999999987
88.0 3.0 0.299999999999999989
88.0 4.0 0.419999999999999984
89.0 0.0 0.349999999999999978
89.0 1.0 0.320000000000000007
89.0 2.0 0.359999999999999987
89.0 3.0 0.369999999999999996
89.0 4.0 0.419999999999999984
90.0 0.0 0.260000000000000009
90.0 1.0 0.340000000000000024
90.0 2.0 0.340000000000000024
90.0 3.0 0.419999999999999984
90.0 4.0 0.349999999999999978
91.0 0.0 0.369999999999999996
91.0 1.0 0.440000000000000002
91.0 2.0 0.390000000000000013
91.0 3.0 0.390000000000000013
91.0 4.0 0.299999999999999989
92.0 0.0 0.349999999999999978
92.0 1.0 0.349999999999999978
92.0 2.0 0.340000000000000024
92.0 3.0 0.409999999999999976
92.0 4.0 0.429999999999999993
93.0 0.0 0.369999999999999996
93.0 1.0 0.400000000000000022
93.0 2.0 0.320000000000000007
93.0 3.0 0.369999999999999996
93.0 4.0 0.390000000000000013
94.0 0.0 0.380000000000000004
94.0 1.0 0.419999999999999984
94.0 2.0 0.330000000000000016
94.0 3.0 0.440000000000000002
94.0 4.0 0.340000000000000024
95.0 0.0 0.369999999999999996
95.0 1.0 0.369999999999999996
95.0 2.0 0.340000000000000024
95.0 3.0 0.280000000000000027
95.0 4.0 0.369999999999999996
96.0 0.0 0.330000000000000016
96.0 1.0 0.369999999999999996
96.0 2.0 0.309999999999999998
96.0 3.0 0.409999999999999976
96.0 4.0 0.429999999999999993
97.0 0.0 0.309999999999999998
97.0 1.0 0.400000000000000022
97.0 2.0 0.369999999999999996
97.0 3.0 0.469999999999999973
97.0 4.0 0.440000000000000002
98.0 0.0 0.400000000000000022
98.0 1.0 0.380000000000000004
98.0 2.0 0.460000000000000020
98.0 3.0 0.409999999999999976
98.0 4.0 0.390000000000000013
99.0 0.0 0.390000000000000013
99.0 1.0 0.390000000000000013
99.0 2.0 0.409999999999999976
99.0 3.0 0.369999999999999996
99.0 4.0 0.330000000000000016
