0.0 0.0 0.598813209494324039
0.0 1.0 0.621259029927760498
0.0 2.0 0.599071207430340591
0.0 3.0 0.599965632786321867
0.0 4.0 0.606108772231291337
1.0 0.0 0.594169246646026883
1.0 1.0 0.631062951496388025
1.0 2.0 0.607327141382868918
1.0 3.0 0.624538190566199858
1.0 4.0 0.576982558639058341
2.0 0.0 0.607585139318885470
2.0 1.0 0.642414860681114530
2.0 2.0 0.598813209494324039
2.0 3.0 0.605550305009021406
2.0 4.0 0.609975083770083359
3.0 0.0 0.621775025799793601
3.0 1.0 0.633126934984520107
3.0 2.0 0.597007223942208398
3.0 3.0 0.600266345906005694
3.0 4.0 0.601254403299252504
4.0 0.0 0.632610939112487114
4.0 1.0 0.632094943240454121
4.0 2.0 0.589009287925696512
4.0 3.0 0.629392559498238691
4.0 4.0 0.605120714838044527
5.0 0.0 0.576367389060887580
5.0 1.0 0.593137254901960786
5.0 2.0 0.636996904024767829
5.0 3.0 0.605120714838044527
5.0 4.0 0.619683821634161025
6.0 0.0 0.621775025799793601
6.0 1.0 0.606811145510835925
6.0 2.0 0.584107327141382804
6.0 3.0 0.577841738981012099
6.0 4.0 0.614528739582438366
7.0 0.0 0.602683178534571762
7.0 1.0 0.614035087719298267
7.0 2.0 0.618679050567595423
7.0 3.0 0.615259042873099071
7.0 4.0 0.609975083770083359
8.0 0.0 0.602425180598555210
8.0 1.0 0.611713106295149633
8.0 2.0 0.613519091847265163
8.0 3.0 0.619254231463184146
8.0 4.0 0.609545493599106480
9.0 0.0 0.611971104231166185
9.0 1.0 0.607585139318885470
9.0 2.0 0.607585139318885470
9.0 3.0 0.591975255606151718
9.0 4.0 0.624967780737176737
10.0 0.0 0.627708978328173295
10.0 1.0 0.636480908152734726
10.0 2.0 0.591589267285861697
10.0 3.0 0.638242117020362487
10.0 4.0 0.586691296503136006
11.0 0.0 0.612487100103199178
11.0 1.0 0.603715170278637747
11.0 2.0 0.596491228070175405
11.0 3.0 0.601125526247959452
11.0 4.0 0.619683821634161025
12.0 0.0 0.598039215686274495
12.0 1.0 0.636480908152734726
12.0 2.0 0.603457172342621195
12.0 3.0 0.596829624538190551
12.0 4.0 0.609545493599106480
13.0 0.0 0.622807017543859587
13.0 1.0 0.598813209494324039
13.0 2.0 0.621259029927760498
13.0 3.0 0.589827304751267323
13.0 4.0 0.615259042873099071
14.0 0.0 0.612487100103199178
14.0 1.0 0.617389060887512886
14.0 2.0 0.622291021671826594
14.0 3.0 0.605679182060314458
14.0 4.0 0.626385428301400538
15.0 0.0 0.603199174406604754
15.0 1.0 0.626676986584107309
15.0 2.0 0.608359133126935014
15.0 3.0 0.619683821634161025
15.0 4.0 0.613540682189191555
16.0 0.0 0.617905056759545879
16.0 1.0 0.593137254901960786
16.0 2.0 0.617389060887512886
16.0 3.0 0.629091846378554864
16.0 4.0 0.608686313257152722
17.0 0.0 0.622807017543859587
17.0 1.0 0.597781217750257943
17.0 2.0 0.622807017543859587
17.0 3.0 0.581836927571097173
17.0 4.0 0.609975083770083359
18.0 0.0 0.604231166150670851
18.0 1.0 0.623323013415892691
18.0 2.0 0.622033023735810042
18.0 3.0 0.643526076123378310
18.0 4.0 0.610533550992353291
19.0 0.0 0.627708978328173295
19.0 1.0 0.598297213622291046
19.0 2.0 0.608875128998968007
19.0 3.0 0.605120714838044527
19.0 4.0 0.594982386802989982
20.0 0.0 0.597007223942208398
20.0 1.0 0.619969040247677960
20.0 2.0 0.593653250773993779
20.0 3.0 0.637812526849385719
20.0 4.0 0.623249420053269221
21.0 0.0 0.613003095975232171
21.0 1.0 0.597007223942208398
21.0 2.0 0.607585139318885470
21.0 3.0 0.610404673941060238
21.0 4.0 0.605679182060314458
22.0 0.0 0.599329205366357032
22.0 1.0 0.584365325077399356
22.0 2.0 0.631062951496388025
22.0 3.0 0.586261706332159127
22.0 4.0 0.618395051121230388
23.0 0.0 0.609133126934984559
23.0 1.0 0.602425180598555210
23.0 2.0 0.577915376676986559
23.0 3.0 0.614399862531145313
23.0 4.0 0.615688633044075950
24.0 0.0 0.583333333333333370
24.0 1.0 0.612487100103199178
24.0 2.0 0.592621259029927794
24.0 3.0 0.609975083770083359
24.0 4.0 0.648810035226394022
25.0 0.0 0.616357069143446790
25.0 1.0 0.589267285861713064
25.0 2.0 0.613519091847265163
25.0 3.0 0.620671879027407836
25.0 4.0 0.601125526247959452
26.0 0.0 0.631062951496388025
26.0 1.0 0.627708978328173295
26.0 2.0 0.602425180598555210
26.0 3.0 0.598977575393074946
26.0 4.0 0.602543173812183142
27.0 0.0 0.602167182662538769
27.0 1.0 0.592621259029927794
27.0 2.0 0.594427244582043324
27.0 3.0 0.605550305009021406
27.0 4.0 0.638671707191339477
28.0 0.0 0.602425180598555210
28.0 1.0 0.618421052631578982
28.0 2.0 0.614035087719298267
28.0 3.0 0.614399862531145313
28.0 4.0 0.582137640690781000
29.0 0.0 0.604747162022703844
29.0 1.0 0.602425180598555210
29.0 2.0 0.608359133126935014
29.0 3.0 0.628962969327261812
29.0 4.0 0.603831944325113890
30.0 0.0 0.627708978328173295
30.0 1.0 0.620485036119711064
30.0 2.0 0.628740970072239502
30.0 3.0 0.610404673941060238
30.0 4.0 0.586132829280866074
31.0 0.0 0.602683178534571762
31.0 1.0 0.591589267285861697
31.0 2.0 0.609133126934984559
31.0 3.0 0.605979895179998285
31.0 4.0 0.628962969327261812
32.0 0.0 0.602167182662538769
32.0 1.0 0.617389060887512886
32.0 2.0 0.608875128998968007
32.0 3.0 0.610834264112037117
32.0 4.0 0.614829452702122192
33.0 0.0 0.585139318885448900
33.0 1.0 0.612229102167182626
33.0 2.0 0.617389060887512886
33.0 3.0 0.590987198212904907
33.0 4.0 0.638242117020362487
34.0 0.0 0.602941176470588314
34.0 1.0 0.627708978328173295
34.0 2.0 0.607327141382868918
34.0 3.0 0.600824813128275625
34.0 4.0 0.623679010224245989
35.0 0.0 0.588751289989680071
35.0 1.0 0.610939112487100089
35.0 2.0 0.612487100103199178
35.0 3.0 0.604261534496090658
35.0 4.0 0.638671707191339477
36.0 0.0 0.612487100103199178
36.0 1.0 0.621259029927760498
36.0 2.0 0.598297213622291046
36.0 3.0 0.604691124667067648
36.0 4.0 0.614958329753415245
37.0 0.0 0.608875128998968007
37.0 1.0 0.618421052631578982
37.0 2.0 0.601909184726522217
37.0 3.0 0.586562419451842953
37.0 4.0 0.620113411805137904
38.0 0.0 0.612487100103199178
38.0 1.0 0.627450980392156854
38.0 2.0 0.608617131062951455
38.0 3.0 0.624967780737176737
38.0 4.0 0.629521436549531743
39.0 0.0 0.613003095975232171
39.0 1.0 0.589525283797729616
39.0 2.0 0.609649122807017552
39.0 3.0 0.624967780737176737
39.0 4.0 0.598977575393074946
40.0 0.0 0.617905056759545879
40.0 1.0 0.641898864809081537
40.0 2.0 0.592621259029927794
40.0 3.0 0.609975083770083359
40.0 4.0 0.624108600395222979
41.0 0.0 0.622807017543859587
41.0 1.0 0.558823529411764719
41.0 2.0 0.637512899896800822
41.0 3.0 0.601254403299252504
41.0 4.0 0.630251739840192449
42.0 0.0 0.612487100103199178
42.0 1.0 0.616873065015479893
42.0 2.0 0.626418988648090869
42.0 3.0 0.610404673941060238
42.0 4.0 0.605550305009021406
43.0 0.0 0.608617131062951455
43.0 1.0 0.626934984520123750
43.0 2.0 0.603199174406604754
43.0 3.0 0.623679010224245989
43.0 4.0 0.600266345906005694
44.0 0.0 0.595975232198142413
44.0 1.0 0.617905056759545879
44.0 2.0 0.590041279669762608
44.0 3.0 0.628962969327261812
44.0 4.0 0.601683993470229384
45.0 0.0 0.597781217750257943
45.0 1.0 0.617389060887512886
45.0 2.0 0.626160990712074317
45.0 3.0 0.605550305009021406
45.0 4.0 0.624967780737176737
46.0 0.0 0.613519091847265163
46.0 1.0 0.612487100103199178
46.0 2.0 0.616873065015479893
46.0 3.0 0.606409485350975164
46.0 4.0 0.605120714838044527
47.0 0.0 0.622549019607843146
47.0 1.0 0.600361197110423128
47.0 2.0 0.624355005159958676
47.0 3.0 0.587421599793796712
47.0 4.0 0.624538190566199858
48.0 0.0 0.598555211558307487
48.0 1.0 0.577915376676986559
48.0 2.0 0.617389060887512886
48.0 3.0 0.625955838130423547
48.0 4.0 0.606839075521952043
49.0 0.0 0.632610939112487114
49.0 1.0 0.612229102167182626
49.0 2.0 0.646284829721362253
49.0 3.0 0.582696107913050931
49.0 4.0 0.628962969327261812
50.0 0.0 0.594427244582043324
50.0 1.0 0.599071207430340591
50.0 2.0 0.614035087719298267
50.0 3.0 0.595970444196236793
50.0 4.0 0.614829452702122192
51.0 0.0 0.594169246646026883
51.0 1.0 0.598039215686274495
51.0 2.0 0.597265221878225061
51.0 3.0 0.638671707191339477
51.0 4.0 0.608686313257152722
52.0 0.0 0.615583075335397356
52.0 1.0 0.603715170278637747
52.0 2.0 0.617389060887512886
52.0 3.0 0.620113411805137904
52.0 4.0 0.597259214709167430
53.0 0.0 0.598813209494324039
53.0 1.0 0.622807017543859587
53.0 2.0 0.608101135190918463
53.0 3.0 0.601683993470229384
53.0 4.0 0.606108772231291337
54.0 0.0 0.589525283797729616
54.0 1.0 0.602425180598555210
54.0 2.0 0.602941176470588314
54.0 3.0 0.592404845777128597
54.0 4.0 0.642237305610447562
55.0 0.0 0.598813209494324039
55.0 1.0 0.621259029927760498
55.0 2.0 0.616099071207430349
55.0 3.0 0.606108772231291337
55.0 4.0 0.615259042873099071
56.0 0.0 0.599329205366357032
56.0 1.0 0.621259029927760498
56.0 2.0 0.585397316821465452
56.0 3.0 0.601254403299252504
56.0 4.0 0.628962969327261812
57.0 0.0 0.594427244582043324
57.0 1.0 0.609133126934984559
57.0 2.0 0.599587203302373584
57.0 3.0 0.605979895179998285
57.0 4.0 0.610103960821376412
58.0 0.0 0.586687306501547989
58.0 1.0 0.603457172342621195
58.0 2.0 0.612229102167182626
58.0 3.0 0.639101297362316356
58.0 4.0 0.601555116418936331
59.0 0.0 0.592363261093911242
59.0 1.0 0.617647058823529438
59.0 2.0 0.617905056759545879
59.0 3.0 0.643955666294355189
59.0 4.0 0.605120714838044527
60.0 0.0 0.593911248710010331
60.0 1.0 0.613519091847265163
60.0 2.0 0.622549019607843146
60.0 3.0 0.620242288856430957
60.0 4.0 0.594982386802989982
61.0 0.0 0.632352941176470562
61.0 1.0 0.599329205366357032
61.0 2.0 0.597007223942208398
61.0 3.0 0.630251739840192449
61.0 4.0 0.589698427699974159
62.0 0.0 0.612229102167182626
62.0 1.0 0.627192982456140413
62.0 2.0 0.599329205366357032
62.0 3.0 0.609975083770083359
62.0 4.0 0.596700747486897498
63.0 0.0 0.594427244582043324
63.0 1.0 0.632094943240454121
63.0 2.0 0.607585139318885470
63.0 3.0 0.611263854283013996
63.0 4.0 0.615688633044075950
64.0 0.0 0.594427244582043324
64.0 1.0 0.622291021671826594
64.0 2.0 0.612229102167182626
64.0 3.0 0.591846378554858665
64.0 4.0 0.633817338259300644
65.0 0.0 0.612229102167182626
65.0 1.0 0.628224974200206399
65.0 2.0 0.616099071207430349
65.0 3.0 0.605120714838044527
65.0 4.0 0.596829624538190551
66.0 0.0 0.597007223942208398
66.0 1.0 0.602425180598555210
66.0 2.0 0.626160990712074317
66.0 3.0 0.611263854283013996
66.0 4.0 0.585273648938912316
67.0 0.0 0.597007223942208398
67.0 1.0 0.616357069143446790
67.0 2.0 0.614293085655314708
67.0 3.0 0.600395222957298746
67.0 4.0 0.618824641292207156
68.0 0.0 0.636480908152734726
68.0 1.0 0.607069143446852477
68.0 2.0 0.625386996904024772
68.0 3.0 0.557565082910903009
68.0 4.0 0.633946215310593697
69.0 0.0 0.613519091847265163
69.0 1.0 0.597007223942208398
69.0 2.0 0.602683178534571762
69.0 3.0 0.599836755735028815
69.0 4.0 0.614958329753415245
70.0 0.0 0.577399380804953566
70.0 1.0 0.613003095975232171
70.0 2.0 0.639318885448916463
70.0 3.0 0.637812526849385719
70.0 4.0 0.615817510095369003
71.0 0.0 0.617389060887512886
71.0 1.0 0.598555211558307487
71.0 2.0 0.578947368421052655
71.0 3.0 0.596400034367213672
71.0 4.0 0.647091674542486395
72.0 0.0 0.595975232198142413
72.0 1.0 0.631578947368421018
72.0 2.0 0.615583075335397356
72.0 3.0 0.564008935475556306
72.0 4.0 0.602113583641206263
73.0 0.0 0.607843137254902022
73.0 1.0 0.598297213622291046
73.0 2.0 0.617905056759545879
73.0 3.0 0.626815018472377306
73.0 4.0 0.615259042873099071
74.0 0.0 0.608101135190918463
74.0 1.0 0.628740970072239502
74.0 2.0 0.590041279669762608
74.0 3.0 0.624667067617492910
74.0 4.0 0.613970272360168323
75.0 0.0 0.617131062951496334
75.0 1.0 0.613003095975232171
75.0 2.0 0.579463364293085648
75.0 3.0 0.616247100266345882
75.0 4.0 0.595970444196236793
76.0 0.0 0.602425180598555210
76.0 1.0 0.623839009287925794
76.0 2.0 0.613519091847265163
76.0 3.0 0.596400034367213672
76.0 4.0 0.586261706332159127
77.0 0.0 0.626160990712074317
77.0 1.0 0.621001031991744057
77.0 2.0 0.622291021671826594
77.0 3.0 0.591545665435174839
77.0 4.0 0.597259214709167430
78.0 0.0 0.601393188854489225
78.0 1.0 0.635964912280701733
78.0 2.0 0.603715170278637747
78.0 3.0 0.619683821634161025
78.0 4.0 0.619683821634161025
79.0 0.0 0.613003095975232171
79.0 1.0 0.613003095975232171
79.0 2.0 0.594427244582043324
79.0 3.0 0.597688804880144309
79.0 4.0 0.615259042873099071
80.0 0.0 0.609133126934984559
80.0 1.0 0.628224974200206399
80.0 2.0 0.631578947368421018
80.0 3.0 0.577412148810035220
80.0 4.0 0.600695936076982573
81.0 0.0 0.606037151702786381
81.0 1.0 0.625902992776057765
81.0 2.0 0.637512899896800822
81.0 3.0 0.590987198212904907
81.0 4.0 0.591846378554858665
82.0 0.0 0.614035087719298267
82.0 1.0 0.615583075335397356
82.0 2.0 0.622033023735810042
82.0 3.0 0.613540682189191555
82.0 4.0 0.596400034367213672
83.0 0.0 0.603457172342621195
83.0 1.0 0.598297213622291046
83.0 2.0 0.607585139318885470
83.0 3.0 0.606108772231291337
83.0 4.0 0.623249420053269221
84.0 0.0 0.645768833849329260
84.0 1.0 0.618421052631578982
84.0 2.0 0.611455108359133082
84.0 3.0 0.587550476845089764
84.0 4.0 0.609545493599106480
85.0 0.0 0.622807017543859587
85.0 1.0 0.598039215686274495
85.0 2.0 0.583591331269349811
85.0 3.0 0.585273648938912316
85.0 4.0 0.619254231463184146
86.0 0.0 0.599329205366357032
86.0 1.0 0.654024767801857587
86.0 2.0 0.604747162022703844
86.0 3.0 0.619812698685454078
86.0 4.0 0.605249591889337579
87.0 0.0 0.632610939112487114
87.0 1.0 0.597265221878225061
87.0 2.0 0.594427244582043324
87.0 3.0 0.633387748088323654
87.0 4.0 0.610103960821376412
88.0 0.0 0.612487100103199178
88.0 1.0 0.608359133126935014
88.0 2.0 0.603715170278637747
88.0 3.0 0.610103960821376412
88.0 4.0 0.592404845777128597
89.0 0.0 0.618421052631578982
89.0 1.0 0.631578947368421018
89.0 2.0 0.600877192982456121
89.0 3.0 0.601555116418936331
89.0 4.0 0.581278460348827242
90.0 0.0 0.612487100103199178
90.0 1.0 0.631320949432404577
90.0 2.0 0.603199174406604754
90.0 3.0 0.619683821634161025
90.0 4.0 0.569292894578572017
91.0 0.0 0.602683178534571762
91.0 1.0 0.619453044375644968
91.0 2.0 0.627192982456140413
91.0 3.0 0.622390239711315463
91.0 4.0 0.597130337657874377
92.0 0.0 0.579979360165118640
92.0 1.0 0.626160990712074317
92.0 2.0 0.603199174406604754
92.0 3.0 0.633387748088323654
92.0 4.0 0.620242288856430957
93.0 0.0 0.613003095975232171
93.0 1.0 0.597265221878225061
93.0 2.0 0.626676986584107309
93.0 3.0 0.629392559498238691
93.0 4.0 0.601555116418936331
94.0 0.0 0.607585139318885470
94.0 1.0 0.632094943240454121
94.0 2.0 0.595975232198142413
94.0 3.0 0.605120714838044527
94.0 4.0 0.624108600395222979
95.0 0.0 0.613519091847265163
95.0 1.0 0.613261093911248722
95.0 2.0 0.631578947368421018
95.0 3.0 0.605550305009021406
95.0 4.0 0.592275968725835544
96.0 0.0 0.622807017543859587
96.0 1.0 0.638028895768833815
96.0 2.0 0.588751289989680071
96.0 3.0 0.613970272360168323
96.0 4.0 0.582266517742074052
97.0 0.0 0.601651186790505665
97.0 1.0 0.622291021671826594
97.0 2.0 0.597523219814241502
97.0 3.0 0.643526076123378310
97.0 4.0 0.613970272360168323
98.0 0.0 0.584365325077399356
98.0 1.0 0.617389060887512886
98.0 2.0 0.623323013415892691
98.0 3.0 0.642666895781424552
98.0 4.0 0.577841738981012099
99.0 0.0 0.613261093911248722
99.0 1.0 0.616357069143446790
99.0 2.0 0.603199174406604754
99.0 3.0 0.595540854025259914
99.0 4.0 0.615688633044075950
