0.0 0.0 0.289999999999999980
0.0 1.0 0.359999999999999987
0.0 2.0 0.349999999999999978
0.0 3.0 0.429999999999999993
0.0 4.0 0.440000000000000002
1.0 0.0 0.359999999999999987
1.0 1.0 0.330000000000000016
1.0 2.0 0.340000000000000024
1.0 3.0 0.369999999999999996
1.0 4.0 0.320000000000000007
2.0 0.0 0.320000000000000007
2.0 1.0 0.400000000000000022
2.0 2.0 0.340000000000000024
2.0 3.0 0.340000000000000024
2.0 4.0 0.409999999999999976
3.0 0.0 0.419999999999999984
3.0 1.0 0.330000000000000016
3.0 2.0 0.400000000000000022
3.0 3.0 0.289999999999999980
3.0 4.0 0.429999999999999993
4.0 0.0 0.299999999999999989
4.0 1.0 0.330000000000000016
4.0 2.0 0.349999999999999978
4.0 3.0 0.340000000000000024
4.0 4.0 0.349999999999999978
5.0 0.0 0.340000000000000024
5.0 1.0 0.380000000000000004
5.0 2.0 0.309999999999999998
5.0 3.0 0.400000000000000022
5.0 4.0 0.299999999999999989
6.0 0.0 0.330000000000000016
6.0 1.0 0.409999999999999976
6.0 2.0 0.390000000000000013
6.0 3.0 0.359999999999999987
6.0 4.0 0.380000000000000004
7.0 0.0 0.299999999999999989
7.0 1.0 0.320000000000000007
7.0 2.0 0.369999999999999996
7.0 3.0 0.380000000000000004
7.0 4.0 0.369999999999999996
8.0 0.0 0.320000000000000007
8.0 1.0 0.349999999999999978
8.0 2.0 0.309999999999999998
8.0 3.0 0.309999999999999998
8.0 4.0 0.369999999999999996
9.0 0.0 0.369999999999999996
9.0 1.0 0.400000000000000022
9.0 2.0 0.289999999999999980
9.0 3.0 0.349999999999999978
9.0 4.0 0.400000000000000022
10.0 0.0 0.349999999999999978
10.0 1.0 0.359999999999999987
10.0 2.0 0.320000000000000007
10.0 3.0 0.380000000000000004
10.0 4.0 0.340000000000000024
11.0 0.0 0.349999999999999978
11.0 1.0 0.359999999999999987
11.0 2.0 0.239999999999999991
11.0 3.0 0.409999999999999976
11.0 4.0 0.340000000000000024
12.0 0.0 0.400000000000000022
12.0 1.0 0.309999999999999998
12.0 2.0 0.299999999999999989
12.0 3.0 0.369999999999999996
12.0 4.0 0.340000000000000024
13.0 0.0 0.330000000000000016
13.0 1.0 0.330000000000000016
13.0 2.0 0.320000000000000007
13.0 3.0 0.309999999999999998
13.0 4.0 0.359999999999999987
14.0 0.0 0.349999999999999978
14.0 1.0 0.309999999999999998
14.0 2.0 0.330000000000000016
14.0 3.0 0.380000000000000004
14.0 4.0 0.369999999999999996
15.0 0.0 0.280000000000000027
15.0 1.0 0.309999999999999998
15.0 2.0 0.359999999999999987
15.0 3.0 0.400000000000000022
15.0 4.0 0.289999999999999980
16.0 0.0 0.359999999999999987
16.0 1.0 0.320000000000000007
16.0 2.0 0.400000000000000022
16.0 3.0 0.359999999999999987
16.0 4.0 0.299999999999999989
17.0 0.0 0.419999999999999984
17.0 1.0 0.320000000000000007
17.0 2.0 0.270000000000000018
17.0 3.0 0.429999999999999993
17.0 4.0 0.309999999999999998
18.0 0.0 0.349999999999999978
18.0 1.0 0.409999999999999976
18.0 2.0 0.330000000000000016
18.0 3.0 0.409999999999999976
18.0 4.0 0.320000000000000007
19.0 0.0 0.359999999999999987
19.0 1.0 0.359999999999999987
19.0 2.0 0.330000000000000016
19.0 3.0 0.429999999999999993
19.0 4.0 0.390000000000000013
20.0 0.0 0.289999999999999980
20.0 1.0 0.380000000000000004
20.0 2.0 0.289999999999999980
20.0 3.0 0.409999999999999976
20.0 4.0 0.390000000000000013
21.0 0.0 0.330000000000000016
21.0 1.0 0.380000000000000004
21.0 2.0 0.289999999999999980
21.0 3.0 0.409999999999999976
21.0 4.0 0.320000000000000007
22.0 0.0 0.369999999999999996
22.0 1.0 0.340000000000000024
22.0 2.0 0.349999999999999978
22.0 3.0 0.400000000000000022
22.0 4.0 0.390000000000000013
23.0 0.0 0.349999999999999978
23.0 1.0 0.299999999999999989
23.0 2.0 0.400000000000000022
23.0 3.0 0.359999999999999987
23.0 4.0 0.369999999999999996
24.0 0.0 0.289999999999999980
24.0 1.0 0.340000000000000024
24.0 2.0 0.330000000000000016
24.0 3.0 0.349999999999999978
24.0 4.0 0.400000000000000022
25.0 0.0 0.340000000000000024
25.0 1.0 0.400000000000000022
25.0 2.0 0.330000000000000016
25.0 3.0 0.359999999999999987
25.0 4.0 0.330000000000000016
26.0 0.0 0.340000000000000024
26.0 1.0 0.359999999999999987
26.0 2.0 0.409999999999999976
26.0 3.0 0.280000000000000027
26.0 4.0 0.330000000000000016
27.0 0.0 0.359999999999999987
27.0 1.0 0.340000000000000024
27.0 2.0 0.380000000000000004
27.0 3.0 0.340000000000000024
27.0 4.0 0.390000000000000013
28.0 0.0 0.409999999999999976
28.0 1.0 0.380000000000000004
28.0 2.0 0.340000000000000024
28.0 3.0 0.230000000000000010
28.0 4.0 0.330000000000000016
29.0 0.0 0.340000000000000024
29.0 1.0 0.309999999999999998
29.0 2.0 0.359999999999999987
29.0 3.0 0.349999999999999978
29.0 4.0 0.380000000000000004
30.0 0.0 0.359999999999999987
30.0 1.0 0.390000000000000013
30.0 2.0 0.340000000000000024
30.0 3.0 0.330000000000000016
30.0 4.0 0.340000000000000024
31.0 0.0 0.369999999999999996
31.0 1.0 0.340000000000000024
31.0 2.0 0.369999999999999996
31.0 3.0 0.359999999999999987
31.0 4.0 0.390000000000000013
32.0 0.0 0.359999999999999987
32.0 1.0 0.409999999999999976
32.0 2.0 0.260000000000000009
32.0 3.0 0.390000000000000013
32.0 4.0 0.409999999999999976
33.0 0.0 0.330000000000000016
33.0 1.0 0.369999999999999996
33.0 2.0 0.330000000000000016
33.0 3.0 0.299999999999999989
33.0 4.0 0.359999999999999987
34.0 0.0 0.359999999999999987
34.0 1.0 0.359999999999999987
34.0 2.0 0.320000000000000007
34.0 3.0 0.359999999999999987
34.0 4.0 0.450000000000000011
35.0 0.0 0.369999999999999996
35.0 1.0 0.349999999999999978
35.0 2.0 0.299999999999999989
35.0 3.0 0.359999999999999987
35.0 4.0 0.320000000000000007
36.0 0.0 0.239999999999999991
36.0 1.0 0.380000000000000004
36.0 2.0 0.309999999999999998
36.0 3.0 0.369999999999999996
36.0 4.0 0.400000000000000022
37.0 0.0 0.289999999999999980
37.0 1.0 0.340000000000000024
37.0 2.0 0.369999999999999996
37.0 3.0 0.400000000000000022
37.0 4.0 0.359999999999999987
38.0 0.0 0.340000000000000024
38.0 1.0 0.380000000000000004
38.0 2.0 0.450000000000000011
38.0 3.0 0.340000000000000024
38.0 4.0 0.320000000000000007
39.0 0.0 0.349999999999999978
39.0 1.0 0.349999999999999978
39.0 2.0 0.390000000000000013
39.0 3.0 0.309999999999999998
39.0 4.0 0.349999999999999978
40.0 0.0 0.340000000000000024
40.0 1.0 0.380000000000000004
40.0 2.0 0.440000000000000002
40.0 3.0 0.299999999999999989
40.0 4.0 0.340000000000000024
41.0 0.0 0.349999999999999978
41.0 1.0 0.280000000000000027
41.0 2.0 0.380000000000000004
41.0 3.0 0.460000000000000020
41.0 4.0 0.409999999999999976
42.0 0.0 0.330000000000000016
42.0 1.0 0.280000000000000027
42.0 2.0 0.280000000000000027
42.0 3.0 0.390000000000000013
42.0 4.0 0.359999999999999987
43.0 0.0 0.390000000000000013
43.0 1.0 0.390000000000000013
43.0 2.0 0.409999999999999976
43.0 3.0 0.299999999999999989
43.0 4.0 0.330000000000000016
44.0 0.0 0.349999999999999978
44.0 1.0 0.390000000000000013
44.0 2.0 0.349999999999999978
44.0 3.0 0.320000000000000007
44.0 4.0 0.349999999999999978
45.0 0.0 0.359999999999999987
45.0 1.0 0.309999999999999998
45.0 2.0 0.419999999999999984
45.0 3.0 0.309999999999999998
45.0 4.0 0.380000000000000004
46.0 0.0 0.309999999999999998
46.0 1.0 0.320000000000000007
46.0 2.0 0.349999999999999978
46.0 3.0 0.400000000000000022
46.0 4.0 0.380000000000000004
47.0 0.0 0.359999999999999987
47.0 1.0 0.330000000000000016
47.0 2.0 0.349999999999999978
47.0 3.0 0.419999999999999984
47.0 4.0 0.409999999999999976
48.0 0.0 0.320000000000000007
48.0 1.0 0.359999999999999987
48.0 2.0 0.359999999999999987
48.0 3.0 0.369999999999999996
48.0 4.0 0.380000000000000004
49.0 0.0 0.309999999999999998
49.0 1.0 0.340000000000000024
49.0 2.0 0.340000000000000024
49.0 3.0 0.380000000000000004
49.0 4.0 0.320000000000000007
50.0 0.0 0.349999999999999978
50.0 1.0 0.320000000000000007
50.0 2.0 0.349999999999999978
50.0 3.0 0.349999999999999978
50.0 4.0 0.349999999999999978
51.0 0.0 0.320000000000000007
51.0 1.0 0.340000000000000024
51.0 2.0 0.320000000000000007
51.0 3.0 0.359999999999999987
51.0 4.0 0.359999999999999987
52.0 0.0 0.400000000000000022
52.0 1.0 0.289999999999999980
52.0 2.0 0.320000000000000007
52.0 3.0 0.280000000000000027
52.0 4.0 0.380000000000000004
53.0 0.0 0.320000000000000007
53.0 1.0 0.320000000000000007
53.0 2.0 0.289999999999999980
53.0 3.0 0.369999999999999996
53.0 4.0 0.369999999999999996
54.0 0.0 0.429999999999999993
54.0 1.0 0.380000000000000004
54.0 2.0 0.330000000000000016
54.0 3.0 0.320000000000000007
54.0 4.0 0.359999999999999987
55.0 0.0 0.280000000000000027
55.0 1.0 0.390000000000000013
55.0 2.0 0.289999999999999980
55.0 3.0 0.330000000000000016
55.0 4.0 0.359999999999999987
56.0 0.0 0.260000000000000009
56.0 1.0 0.299999999999999989
56.0 2.0 0.320000000000000007
56.0 3.0 0.429999999999999993
56.0 4.0 0.390000000000000013
57.0 0.0 0.369999999999999996
57.0 1.0 0.390000000000000013
57.0 2.0 0.320000000000000007
57.0 3.0 0.460000000000000020
57.0 4.0 0.390000000000000013
58.0 0.0 0.419999999999999984
58.0 1.0 0.289999999999999980
58.0 2.0 0.349999999999999978
58.0 3.0 0.400000000000000022
58.0 4.0 0.380000000000000004
59.0 0.0 0.340000000000000024
59.0 1.0 0.289999999999999980
59.0 2.0 0.380000000000000004
59.0 3.0 0.369999999999999996
59.0 4.0 0.429999999999999993
60.0 0.0 0.349999999999999978
60.0 1.0 0.369999999999999996
60.0 2.0 0.340000000000000024
60.0 3.0 0.479999999999999982
60.0 4.0 0.359999999999999987
61.0 0.0 0.400000000000000022
61.0 1.0 0.309999999999999998
61.0 2.0 0.340000000000000024
61.0 3.0 0.349999999999999978
61.0 4.0 0.309999999999999998
62.0 0.0 0.359999999999999987
62.0 1.0 0.359999999999999987
62.0 2.0 0.320000000000000007
62.0 3.0 0.369999999999999996
62.0 4.0 0.390000000000000013
63.0 0.0 0.369999999999999996
63.0 1.0 0.289999999999999980
63.0 2.0 0.390000000000000013
63.0 3.0 0.380000000000000004
63.0 4.0 0.440000000000000002
64.0 0.0 0.289999999999999980
64.0 1.0 0.320000000000000007
64.0 2.0 0.380000000000000004
64.0 3.0 0.409999999999999976
64.0 4.0 0.380000000000000004
65.0 0.0 0.330000000000000016
65.0 1.0 0.400000000000000022
65.0 2.0 0.369999999999999996
65.0 3.0 0.429999999999999993
65.0 4.0 0.320000000000000007
66.0 0.0 0.340000000000000024
66.0 1.0 0.320000000000000007
66.0 2.0 0.369999999999999996
66.0 3.0 0.390000000000000013
66.0 4.0 0.369999999999999996
67.0 0.0 0.309999999999999998
67.0 1.0 0.340000000000000024
67.0 2.0 0.340000000000000024
67.0 3.0 0.349999999999999978
67.0 4.0 0.429999999999999993
68.0 0.0 0.359999999999999987
68.0 1.0 0.390000000000000013
68.0 2.0 0.419999999999999984
68.0 3.0 0.380000000000000004
68.0 4.0 0.440000000000000002
69.0 0.0 0.340000000000000024
69.0 1.0 0.340000000000000024
69.0 2.0 0.340000000000000024
69.0 3.0 0.409999999999999976
69.0 4.0 0.340000000000000024
70.0 0.0 0.309999999999999998
70.0 1.0 0.309999999999999998
70.0 2.0 0.299999999999999989
70.0 3.0 0.429999999999999993
70.0 4.0 0.469999999999999973
71.0 0.0 0.390000000000000013
71.0 1.0 0.320000000000000007
71.0 2.0 0.349999999999999978
71.0 3.0 0.400000000000000022
71.0 4.0 0.429999999999999993
72.0 0.0 0.359999999999999987
72.0 1.0 0.369999999999999996
72.0 2.0 0.390000000000000013
72.0 3.0 0.340000000000000024
72.0 4.0 0.429999999999999993
73.0 0.0 0.380000000000000004
73.0 1.0 0.390000000000000013
73.0 2.0 0.289999999999999980
73.0 3.0 0.400000000000000022
73.0 4.0 0.440000000000000002
74.0 0.0 0.409999999999999976
74.0 1.0 0.340000000000000024
74.0 2.0 0.330000000000000016
74.0 3.0 0.369999999999999996
74.0 4.0 0.390000000000000013
75.0 0.0 0.390000000000000013
75.0 1.0 0.359999999999999987
75.0 2.0 0.260000000000000009
75.0 3.0 0.340000000000000024
75.0 4.0 0.380000000000000004
76.0 0.0 0.330000000000000016
76.0 1.0 0.400000000000000022
76.0 2.0 0.380000000000000004
76.0 3.0 0.359999999999999987
76.0 4.0 0.320000000000000007
77.0 0.0 0.309999999999999998
77.0 1.0 0.380000000000000004
77.0 2.0 0.299999999999999989
77.0 3.0 0.460000000000000020
77.0 4.0 0.299999999999999989
78.0 0.0 0.380000000000000004
78.0 1.0 0.309999999999999998
78.0 2.0 0.340000000000000024
78.0 3.0 0.340000000000000024
78.0 4.0 0.349999999999999978
79.0 0.0 0.349999999999999978
79.0 1.0 0.330000000000000016
79.0 2.0 0.340000000000000024
79.0 3.0 0.489999999999999991
79.0 4.0 0.340000000000000024
80.0 0.0 0.359999999999999987
80.0 1.0 0.409999999999999976
80.0 2.0 0.299999999999999989
80.0 3.0 0.250000000000000000
80.0 4.0 0.390000000000000013
81.0 0.0 0.380000000000000004
81.0 1.0 0.400000000000000022
81.0 2.0 0.369999999999999996
81.0 3.0 0.380000000000000004
81.0 4.0 0.359999999999999987
82.0 0.0 0.340000000000000024
82.0 1.0 0.380000000000000004
82.0 2.0 0.359999999999999987
82.0 3.0 0.359999999999999987
82.0 4.0 0.330000000000000016
83.0 0.0 0.330000000000000016
83.0 1.0 0.369999999999999996
83.0 2.0 0.440000000000000002
83.0 3.0 0.390000000000000013
83.0 4.0 0.270000000000000018
84.0 0.0 0.390000000000000013
84.0 1.0 0.380000000000000004
84.0 2.0 0.270000000000000018
84.0 3.0 0.349999999999999978
84.0 4.0 0.340000000000000024
85.0 0.0 0.409999999999999976
85.0 1.0 0.340000000000000024
85.0 2.0 0.330000000000000016
85.0 3.0 0.340000000000000024
85.0 4.0 0.359999999999999987
86.0 0.0 0.330000000000000016
86.0 1.0 0.330000000000000016
86.0 2.0 0.349999999999999978
86.0 3.0 0.349999999999999978
86.0 4.0 0.419999999999999984
87.0 0.0 0.359999999999999987
87.0 1.0 0.380000000000000004
87.0 2.0 0.209999999999999992
87.0 3.0 0.400000000000000022
87.0 4.0 0.299999999999999989
88.0 0.0 0.320000000000000007
88.0 1.0 0.369999999999999996
88.0 2.0 0.369999999999999996
88.0 3.0 0.330000000000000016
88.0 4.0 0.440000000000000002
89.0 0.0 0.340000000000000024
89.0 1.0 0.299999999999999989
89.0 2.0 0.390000000000000013
89.0 3.0 0.299999999999999989
89.0 4.0 0.369999999999999996
90.0 0.0 0.369999999999999996
90.0 1.0 0.369999999999999996
90.0 2.0 0.340000000000000024
90.0 3.0 0.340000000000000024
90.0 4.0 0.359999999999999987
91.0 0.0 0.359999999999999987
91.0 1.0 0.440000000000000002
91.0 2.0 0.309999999999999998
91.0 3.0 0.320000000000000007
91.0 4.0 0.349999999999999978
92.0 0.0 0.289999999999999980
92.0 1.0 0.309999999999999998
92.0 2.0 0.330000000000000016
92.0 3.0 0.409999999999999976
92.0 4.0 0.380000000000000004
93.0 0.0 0.309999999999999998
93.0 1.0 0.450000000000000011
93.0 2.0 0.390000000000000013
93.0 3.0 0.340000000000000024
93.0 4.0 0.340000000000000024
94.0 0.0 0.380000000000000004
94.0 1.0 0.409999999999999976
94.0 2.0 0.340000000000000024
94.0 3.0 0.359999999999999987
94.0 4.0 0.380000000000000004
95.0 0.0 0.320000000000000007
95.0 1.0 0.330000000000000016
95.0 2.0 0.369999999999999996
95.0 3.0 0.359999999999999987
95.0 4.0 0.390000000000000013
96.0 0.0 0.369999999999999996
96.0 1.0 0.369999999999999996
96.0 2.0 0.289999999999999980
96.0 3.0 0.369999999999999996
96.0 4.0 0.320000000000000007
97.0 0.0 0.390000000000000013
97.0 1.0 0.369999999999999996
97.0 2.0 0.380000000000000004
97.0 3.0 0.419999999999999984
97.0 4.0 0.349999999999999978
98.0 0.0 0.349999999999999978
98.0 1.0 0.419999999999999984
98.0 2.0 0.460000000000000020
98.0 3.0 0.309999999999999998
98.0 4.0 0.340000000000000024
99.0 0.0 0.359999999999999987
99.0 1.0 0.390000000000000013
99.0 2.0 0.369999999999999996
99.0 3.0 0.289999999999999980
99.0 4.0 0.369999999999999996
