0.000000000000000000e+00 0.000000000000000000e+00 5.884932920536636303e-01
0.000000000000000000e+00 1.000000000000000000e+00 5.869453044375645412e-01
0.000000000000000000e+00 2.000000000000000000e+00 5.982972136222910464e-01
0.000000000000000000e+00 3.000000000000000000e+00 5.812784603488272417e-01
0.000000000000000000e+00 4.000000000000000000e+00 5.829968210327347578e-01
1.000000000000000000e+00 0.000000000000000000e+00 5.923632610939112420e-01
1.000000000000000000e+00 1.000000000000000000e+00 5.982972136222910464e-01
1.000000000000000000e+00 2.000000000000000000e+00 6.140350877192982670e-01
1.000000000000000000e+00 3.000000000000000000e+00 6.051207148380445267e-01
1.000000000000000000e+00 4.000000000000000000e+00 5.799896898358964936e-01
2.000000000000000000e+00 0.000000000000000000e+00 5.928792569659442346e-01
2.000000000000000000e+00 1.000000000000000000e+00 5.954592363261094201e-01
2.000000000000000000e+00 2.000000000000000000e+00 5.781733746130031104e-01
2.000000000000000000e+00 3.000000000000000000e+00 5.759945012458115299e-01
2.000000000000000000e+00 4.000000000000000000e+00 6.095454935991064804e-01
3.000000000000000000e+00 0.000000000000000000e+00 6.086171310629514553e-01
3.000000000000000000e+00 1.000000000000000000e+00 5.923632610939112420e-01
3.000000000000000000e+00 2.000000000000000000e+00 5.939112487100103310e-01
3.000000000000000000e+00 3.000000000000000000e+00 5.812784603488272417e-01
3.000000000000000000e+00 4.000000000000000000e+00 5.909871982129049073e-01
4.000000000000000000e+00 0.000000000000000000e+00 6.047471620227038436e-01
4.000000000000000000e+00 1.000000000000000000e+00 6.184210526315789824e-01
4.000000000000000000e+00 2.000000000000000000e+00 5.786893704850361031e-01
4.000000000000000000e+00 3.000000000000000000e+00 5.804192800068734837e-01
4.000000000000000000e+00 4.000000000000000000e+00 5.578657960305868357e-01
5.000000000000000000e+00 0.000000000000000000e+00 5.933952528379773383e-01
5.000000000000000000e+00 1.000000000000000000e+00 5.890092879256965119e-01
5.000000000000000000e+00 2.000000000000000000e+00 6.184210526315789824e-01
5.000000000000000000e+00 3.000000000000000000e+00 5.702809519718188280e-01
5.000000000000000000e+00 4.000000000000000000e+00 5.869920096228198325e-01
6.000000000000000000e+00 0.000000000000000000e+00 5.884932920536636303e-01
6.000000000000000000e+00 1.000000000000000000e+00 6.026831785345717618e-01
6.000000000000000000e+00 2.000000000000000000e+00 5.874613003095975339e-01
6.000000000000000000e+00 3.000000000000000000e+00 5.732880831686570922e-01
6.000000000000000000e+00 4.000000000000000000e+00 6.051207148380445267e-01
7.000000000000000000e+00 0.000000000000000000e+00 5.678534571723425906e-01
7.000000000000000000e+00 1.000000000000000000e+00 5.944272445820433237e-01
7.000000000000000000e+00 2.000000000000000000e+00 6.037151702786377472e-01
7.000000000000000000e+00 3.000000000000000000e+00 6.205430019761147831e-01
7.000000000000000000e+00 4.000000000000000000e+00 5.852736489389123165e-01
8.000000000000000000e+00 0.000000000000000000e+00 5.933952528379773383e-01
8.000000000000000000e+00 1.000000000000000000e+00 6.086171310629514553e-01
8.000000000000000000e+00 2.000000000000000000e+00 5.890092879256965119e-01
8.000000000000000000e+00 3.000000000000000000e+00 5.711401323137726971e-01
8.000000000000000000e+00 4.000000000000000000e+00 6.104046739410602385e-01
9.000000000000000000e+00 0.000000000000000000e+00 5.928792569659442346e-01
9.000000000000000000e+00 1.000000000000000000e+00 5.879772961816305266e-01
9.000000000000000000e+00 2.000000000000000000e+00 5.967492260061919573e-01
9.000000000000000000e+00 3.000000000000000000e+00 5.949823868029899820e-01
9.000000000000000000e+00 4.000000000000000000e+00 6.011255262479594519e-01
1.000000000000000000e+01 0.000000000000000000e+00 6.119711042311661853e-01
1.000000000000000000e+01 1.000000000000000000e+00 6.086171310629514553e-01
1.000000000000000000e+01 2.000000000000000000e+00 5.830753353973168185e-01
1.000000000000000000e+01 3.000000000000000000e+00 5.918463785548586653e-01
1.000000000000000000e+01 4.000000000000000000e+00 5.664146404330268059e-01
1.100000000000000000e+01 0.000000000000000000e+00 6.124871001031991780e-01
1.100000000000000000e+01 1.000000000000000000e+00 5.786893704850361031e-01
1.100000000000000000e+01 2.000000000000000000e+00 5.846233230134159076e-01
1.100000000000000000e+01 3.000000000000000000e+00 6.108342641120371175e-01
1.100000000000000000e+01 4.000000000000000000e+00 5.825672308617578787e-01
1.200000000000000000e+01 0.000000000000000000e+00 5.993292053663570318e-01
1.200000000000000000e+01 1.000000000000000000e+00 5.616615067079463453e-01
1.200000000000000000e+01 2.000000000000000000e+00 5.944272445820433237e-01
1.200000000000000000e+01 3.000000000000000000e+00 5.817080505198041207e-01
1.200000000000000000e+01 4.000000000000000000e+00 5.896984276999741592e-01
1.300000000000000000e+01 0.000000000000000000e+00 6.037151702786377472e-01
1.300000000000000000e+01 1.000000000000000000e+00 5.683694530443756943e-01
1.300000000000000000e+01 2.000000000000000000e+00 6.168730650154798933e-01
1.300000000000000000e+01 3.000000000000000000e+00 5.755649110748346509e-01
1.300000000000000000e+01 4.000000000000000000e+00 5.905576080419280283e-01
1.400000000000000000e+01 0.000000000000000000e+00 5.797213622291021995e-01
1.400000000000000000e+01 1.000000000000000000e+00 5.694014447884416796e-01
1.400000000000000000e+01 2.000000000000000000e+00 5.939112487100103310e-01
1.400000000000000000e+01 3.000000000000000000e+00 5.905576080419280283e-01
1.400000000000000000e+01 4.000000000000000000e+00 6.006959360769825729e-01
1.500000000000000000e+01 0.000000000000000000e+00 5.761093911248710286e-01
1.500000000000000000e+01 1.000000000000000000e+00 5.939112487100103310e-01
1.500000000000000000e+01 2.000000000000000000e+00 6.135190918472651633e-01
1.500000000000000000e+01 3.000000000000000000e+00 5.869920096228198325e-01
1.500000000000000000e+01 4.000000000000000000e+00 5.865624194518429535e-01
1.600000000000000000e+01 0.000000000000000000e+00 5.856553147574818929e-01
1.600000000000000000e+01 1.000000000000000000e+00 5.835913312693498112e-01
1.600000000000000000e+01 2.000000000000000000e+00 5.856553147574818929e-01
1.600000000000000000e+01 3.000000000000000000e+00 6.011255262479594519e-01
1.600000000000000000e+01 4.000000000000000000e+00 5.852736489389123165e-01
1.700000000000000000e+01 0.000000000000000000e+00 5.972652218782250610e-01
1.700000000000000000e+01 1.000000000000000000e+00 5.825593395252838258e-01
1.700000000000000000e+01 2.000000000000000000e+00 6.042311661506708509e-01
1.700000000000000000e+01 3.000000000000000000e+00 6.006959360769825729e-01
1.700000000000000000e+01 4.000000000000000000e+00 5.684337142366182594e-01
1.800000000000000000e+01 0.000000000000000000e+00 5.737874097007223950e-01
1.800000000000000000e+01 1.000000000000000000e+00 5.655314757481939569e-01
1.800000000000000000e+01 2.000000000000000000e+00 6.179050567595458787e-01
1.800000000000000000e+01 3.000000000000000000e+00 5.759945012458115299e-01
1.800000000000000000e+01 4.000000000000000000e+00 6.236790102242459888e-01
1.900000000000000000e+01 0.000000000000000000e+00 5.835913312693498112e-01
1.900000000000000000e+01 1.000000000000000000e+00 5.830753353973168185e-01
1.900000000000000000e+01 2.000000000000000000e+00 6.228070175438595868e-01
1.900000000000000000e+01 3.000000000000000000e+00 5.869920096228198325e-01
1.900000000000000000e+01 4.000000000000000000e+00 5.759945012458115299e-01
2.000000000000000000e+01 0.000000000000000000e+00 5.988132094943240391e-01
2.000000000000000000e+01 1.000000000000000000e+00 5.884932920536636303e-01
2.000000000000000000e+01 2.000000000000000000e+00 5.900412796697626083e-01
2.000000000000000000e+01 3.000000000000000000e+00 5.998367557350288148e-01
2.000000000000000000e+01 4.000000000000000000e+00 5.958415671449437401e-01
2.100000000000000000e+01 0.000000000000000000e+00 6.037151702786377472e-01
2.100000000000000000e+01 1.000000000000000000e+00 5.817853457172342813e-01
2.100000000000000000e+01 2.000000000000000000e+00 5.748194014447884914e-01
2.100000000000000000e+01 3.000000000000000000e+00 5.905576080419280283e-01
2.100000000000000000e+01 4.000000000000000000e+00 6.086863132571527224e-01
2.200000000000000000e+01 0.000000000000000000e+00 5.802373581011351922e-01
2.200000000000000000e+01 1.000000000000000000e+00 5.933952528379773383e-01
2.200000000000000000e+01 2.000000000000000000e+00 6.026831785345717618e-01
2.200000000000000000e+01 3.000000000000000000e+00 5.808488701778503627e-01
2.200000000000000000e+01 4.000000000000000000e+00 5.909871982129049073e-01
2.300000000000000000e+01 0.000000000000000000e+00 5.802373581011351922e-01
2.300000000000000000e+01 1.000000000000000000e+00 5.982972136222910464e-01
2.300000000000000000e+01 2.000000000000000000e+00 5.748194014447884914e-01
2.300000000000000000e+01 3.000000000000000000e+00 5.954119769739668611e-01
2.300000000000000000e+01 4.000000000000000000e+00 5.962711573159206191e-01
2.400000000000000000e+01 0.000000000000000000e+00 5.688854489164086869e-01
2.400000000000000000e+01 1.000000000000000000e+00 5.993292053663570318e-01
2.400000000000000000e+01 2.000000000000000000e+00 5.766253869969040213e-01
2.400000000000000000e+01 3.000000000000000000e+00 5.914167883838817863e-01
2.400000000000000000e+01 4.000000000000000000e+00 6.064094853509751637e-01
2.500000000000000000e+01 0.000000000000000000e+00 5.933952528379773383e-01
2.500000000000000000e+01 1.000000000000000000e+00 5.877192982456139747e-01
2.500000000000000000e+01 2.000000000000000000e+00 5.928792569659442346e-01
2.500000000000000000e+01 3.000000000000000000e+00 6.059798951799982847e-01
2.500000000000000000e+01 4.000000000000000000e+00 5.671449437236876223e-01
2.600000000000000000e+01 0.000000000000000000e+00 5.753353973168214841e-01
2.600000000000000000e+01 1.000000000000000000e+00 5.982972136222910464e-01
2.600000000000000000e+01 2.000000000000000000e+00 6.037151702786377472e-01
2.600000000000000000e+01 3.000000000000000000e+00 5.618609846206719105e-01
2.600000000000000000e+01 4.000000000000000000e+00 6.104046739410602385e-01
2.700000000000000000e+01 0.000000000000000000e+00 5.688854489164086869e-01
2.700000000000000000e+01 1.000000000000000000e+00 5.830753353973168185e-01
2.700000000000000000e+01 2.000000000000000000e+00 5.792053663570690958e-01
2.700000000000000000e+01 3.000000000000000000e+00 5.998367557350288148e-01
2.700000000000000000e+01 4.000000000000000000e+00 6.152590428730990713e-01
2.800000000000000000e+01 0.000000000000000000e+00 5.993292053663570318e-01
2.800000000000000000e+01 1.000000000000000000e+00 5.709494324045407687e-01
2.800000000000000000e+01 2.000000000000000000e+00 6.130030959752321706e-01
2.800000000000000000e+01 3.000000000000000000e+00 5.998367557350288148e-01
2.800000000000000000e+01 4.000000000000000000e+00 5.839848784259815684e-01
2.900000000000000000e+01 0.000000000000000000e+00 5.704334365325077760e-01
2.900000000000000000e+01 1.000000000000000000e+00 6.124871001031991780e-01
2.900000000000000000e+01 2.000000000000000000e+00 6.168730650154798933e-01
2.900000000000000000e+01 3.000000000000000000e+00 5.861328292808660745e-01
2.900000000000000000e+01 4.000000000000000000e+00 5.817080505198041207e-01
3.000000000000000000e+01 0.000000000000000000e+00 6.109391124871000889e-01
3.000000000000000000e+01 1.000000000000000000e+00 5.890092879256965119e-01
3.000000000000000000e+01 2.000000000000000000e+00 5.944272445820433237e-01
3.000000000000000000e+01 3.000000000000000000e+00 6.006959360769825729e-01
3.000000000000000000e+01 4.000000000000000000e+00 5.610018042787181525e-01
3.100000000000000000e+01 0.000000000000000000e+00 5.923632610939112420e-01
3.100000000000000000e+01 1.000000000000000000e+00 5.851393188854489003e-01
3.100000000000000000e+01 2.000000000000000000e+00 5.699174406604747833e-01
3.100000000000000000e+01 3.000000000000000000e+00 6.055503050090214057e-01
3.100000000000000000e+01 4.000000000000000000e+00 6.051207148380445267e-01
3.200000000000000000e+01 0.000000000000000000e+00 5.727554179566562986e-01
3.200000000000000000e+01 1.000000000000000000e+00 5.732714138286894023e-01
3.200000000000000000e+01 2.000000000000000000e+00 6.057791537667698289e-01
3.200000000000000000e+01 3.000000000000000000e+00 5.994071655640518248e-01
3.200000000000000000e+01 4.000000000000000000e+00 5.861328292808660745e-01
3.300000000000000000e+01 0.000000000000000000e+00 5.939112487100103310e-01
3.300000000000000000e+01 1.000000000000000000e+00 6.026831785345717618e-01
3.300000000000000000e+01 2.000000000000000000e+00 5.792053663570690958e-01
3.300000000000000000e+01 3.000000000000000000e+00 5.764240914167884089e-01
3.300000000000000000e+01 4.000000000000000000e+00 6.156886330440759503e-01
3.400000000000000000e+01 0.000000000000000000e+00 5.939112487100103310e-01
3.400000000000000000e+01 1.000000000000000000e+00 5.879772961816305266e-01
3.400000000000000000e+01 2.000000000000000000e+00 5.900412796697626083e-01
3.400000000000000000e+01 3.000000000000000000e+00 5.825672308617578787e-01
3.400000000000000000e+01 4.000000000000000000e+00 5.914167883838817863e-01
3.500000000000000000e+01 0.000000000000000000e+00 5.939112487100103310e-01
3.500000000000000000e+01 1.000000000000000000e+00 5.972652218782250610e-01
3.500000000000000000e+01 2.000000000000000000e+00 5.748194014447884914e-01
3.500000000000000000e+01 3.000000000000000000e+00 5.941232064610361130e-01
3.500000000000000000e+01 4.000000000000000000e+00 6.055503050090214057e-01
3.600000000000000000e+01 0.000000000000000000e+00 5.988132094943240391e-01
3.600000000000000000e+01 1.000000000000000000e+00 5.835913312693498112e-01
3.600000000000000000e+01 2.000000000000000000e+00 5.856553147574818929e-01
3.600000000000000000e+01 3.000000000000000000e+00 5.857032391098891955e-01
3.600000000000000000e+01 4.000000000000000000e+00 5.764240914167884089e-01
3.700000000000000000e+01 0.000000000000000000e+00 6.130030959752321706e-01
3.700000000000000000e+01 1.000000000000000000e+00 5.913312693498451456e-01
3.700000000000000000e+01 2.000000000000000000e+00 5.792053663570690958e-01
3.700000000000000000e+01 3.000000000000000000e+00 5.901280178709511492e-01
3.700000000000000000e+01 4.000000000000000000e+00 5.914167883838817863e-01
3.800000000000000000e+01 0.000000000000000000e+00 5.841073271413828039e-01
3.800000000000000000e+01 1.000000000000000000e+00 5.807533539731681849e-01
3.800000000000000000e+01 2.000000000000000000e+00 5.841073271413828039e-01
3.800000000000000000e+01 3.000000000000000000e+00 5.844144685969584474e-01
3.800000000000000000e+01 4.000000000000000000e+00 6.250966577884697895e-01
3.900000000000000000e+01 0.000000000000000000e+00 5.944272445820433237e-01
3.900000000000000000e+01 1.000000000000000000e+00 5.939112487100103310e-01
3.900000000000000000e+01 2.000000000000000000e+00 5.874613003095975339e-01
3.900000000000000000e+01 3.000000000000000000e+00 6.006959360769825729e-01
3.900000000000000000e+01 4.000000000000000000e+00 5.715697224847495761e-01
4.000000000000000000e+01 0.000000000000000000e+00 5.939112487100103310e-01
4.000000000000000000e+01 1.000000000000000000e+00 6.184210526315789824e-01
4.000000000000000000e+01 2.000000000000000000e+00 5.562435500515996445e-01
4.000000000000000000e+01 3.000000000000000000e+00 5.861328292808660745e-01
4.000000000000000000e+01 4.000000000000000000e+00 6.011255262479594519e-01
4.100000000000000000e+01 0.000000000000000000e+00 5.846233230134159076e-01
4.100000000000000000e+01 1.000000000000000000e+00 5.536635706914344590e-01
4.100000000000000000e+01 2.000000000000000000e+00 6.081011351909184626e-01
4.100000000000000000e+01 3.000000000000000000e+00 5.954119769739668611e-01
4.100000000000000000e+01 4.000000000000000000e+00 5.865624194518429535e-01
4.200000000000000000e+01 0.000000000000000000e+00 5.786893704850361031e-01
4.200000000000000000e+01 1.000000000000000000e+00 5.688854489164086869e-01
4.200000000000000000e+01 2.000000000000000000e+00 6.081011351909184626e-01
4.200000000000000000e+01 3.000000000000000000e+00 5.914167883838817863e-01
4.200000000000000000e+01 4.000000000000000000e+00 5.680041240656413803e-01
4.300000000000000000e+01 0.000000000000000000e+00 5.895252837977296156e-01
4.300000000000000000e+01 1.000000000000000000e+00 6.315789473684210176e-01
4.300000000000000000e+01 2.000000000000000000e+00 5.972652218782250610e-01
4.300000000000000000e+01 3.000000000000000000e+00 5.768536815877652879e-01
4.300000000000000000e+01 4.000000000000000000e+00 5.680041240656413803e-01
4.400000000000000000e+01 0.000000000000000000e+00 5.879772961816305266e-01
4.400000000000000000e+01 1.000000000000000000e+00 5.933952528379773383e-01
4.400000000000000000e+01 2.000000000000000000e+00 6.096491228070175517e-01
4.400000000000000000e+01 3.000000000000000000e+00 5.998367557350288148e-01
4.400000000000000000e+01 4.000000000000000000e+00 6.046911246670676476e-01
4.500000000000000000e+01 0.000000000000000000e+00 5.841073271413828039e-01
4.500000000000000000e+01 1.000000000000000000e+00 6.016511867905056654e-01
4.500000000000000000e+01 2.000000000000000000e+00 6.075851393188854699e-01
4.500000000000000000e+01 3.000000000000000000e+00 5.724289028267033341e-01
4.500000000000000000e+01 4.000000000000000000e+00 6.245381905661998578e-01
4.600000000000000000e+01 0.000000000000000000e+00 5.825593395252838258e-01
4.600000000000000000e+01 1.000000000000000000e+00 6.011351909184726727e-01
4.600000000000000000e+01 2.000000000000000000e+00 6.021671826625387691e-01
4.600000000000000000e+01 3.000000000000000000e+00 6.209725921470916621e-01
4.600000000000000000e+01 4.000000000000000000e+00 5.865624194518429535e-01
4.700000000000000000e+01 0.000000000000000000e+00 6.075851393188854699e-01
4.700000000000000000e+01 1.000000000000000000e+00 5.655314757481939569e-01
4.700000000000000000e+01 2.000000000000000000e+00 5.879772961816305266e-01
4.700000000000000000e+01 3.000000000000000000e+00 5.945527966320129920e-01
4.700000000000000000e+01 4.000000000000000000e+00 6.002663459060056939e-01
4.800000000000000000e+01 0.000000000000000000e+00 6.124871001031991780e-01
4.800000000000000000e+01 1.000000000000000000e+00 5.884932920536636303e-01
4.800000000000000000e+01 2.000000000000000000e+00 5.792053663570690958e-01
4.800000000000000000e+01 3.000000000000000000e+00 6.196838216341610250e-01
4.800000000000000000e+01 4.000000000000000000e+00 5.751353209038576608e-01
4.900000000000000000e+01 0.000000000000000000e+00 5.944272445820433237e-01
4.900000000000000000e+01 1.000000000000000000e+00 5.933952528379773383e-01
4.900000000000000000e+01 2.000000000000000000e+00 6.096491228070175517e-01
4.900000000000000000e+01 3.000000000000000000e+00 5.949823868029899820e-01
4.900000000000000000e+01 4.000000000000000000e+00 5.901280178709511492e-01
5.000000000000000000e+01 0.000000000000000000e+00 6.081011351909184626e-01
5.000000000000000000e+01 1.000000000000000000e+00 6.037151702786377472e-01
5.000000000000000000e+01 2.000000000000000000e+00 5.944272445820433237e-01
5.000000000000000000e+01 3.000000000000000000e+00 5.852736489389123165e-01
5.000000000000000000e+01 4.000000000000000000e+00 5.728584929976802131e-01
5.100000000000000000e+01 0.000000000000000000e+00 5.972652218782250610e-01
5.100000000000000000e+01 1.000000000000000000e+00 6.081011351909184626e-01
5.100000000000000000e+01 2.000000000000000000e+00 5.835913312693498112e-01
5.100000000000000000e+01 3.000000000000000000e+00 5.927055588968124233e-01
5.100000000000000000e+01 4.000000000000000000e+00 5.759945012458115299e-01
5.200000000000000000e+01 0.000000000000000000e+00 5.812693498452011776e-01
5.200000000000000000e+01 1.000000000000000000e+00 5.869453044375645412e-01
5.200000000000000000e+01 2.000000000000000000e+00 6.091331269349845590e-01
5.200000000000000000e+01 3.000000000000000000e+00 5.755649110748346509e-01
5.200000000000000000e+01 4.000000000000000000e+00 5.954119769739668611e-01
5.300000000000000000e+01 0.000000000000000000e+00 5.884932920536636303e-01
5.300000000000000000e+01 1.000000000000000000e+00 6.031991744066047545e-01
5.300000000000000000e+01 2.000000000000000000e+00 5.890092879256965119e-01
5.300000000000000000e+01 3.000000000000000000e+00 5.869920096228198325e-01
5.300000000000000000e+01 4.000000000000000000e+00 5.909871982129049073e-01
5.400000000000000000e+01 0.000000000000000000e+00 5.786893704850361031e-01
5.400000000000000000e+01 1.000000000000000000e+00 6.114551083591330816e-01
5.400000000000000000e+01 2.000000000000000000e+00 5.895252837977296156e-01
5.400000000000000000e+01 3.000000000000000000e+00 5.764240914167884089e-01
5.400000000000000000e+01 4.000000000000000000e+00 5.954119769739668611e-01
5.500000000000000000e+01 0.000000000000000000e+00 5.722394220846233059e-01
5.500000000000000000e+01 1.000000000000000000e+00 5.939112487100103310e-01
5.500000000000000000e+01 2.000000000000000000e+00 5.993292053663570318e-01
5.500000000000000000e+01 3.000000000000000000e+00 6.051207148380445267e-01
5.500000000000000000e+01 4.000000000000000000e+00 6.002663459060056939e-01
5.600000000000000000e+01 0.000000000000000000e+00 5.825593395252838258e-01
5.600000000000000000e+01 1.000000000000000000e+00 5.900412796697626083e-01
5.600000000000000000e+01 2.000000000000000000e+00 5.939112487100103310e-01
5.600000000000000000e+01 3.000000000000000000e+00 5.764240914167884089e-01
5.600000000000000000e+01 4.000000000000000000e+00 6.046911246670676476e-01
5.700000000000000000e+01 0.000000000000000000e+00 5.753353973168214841e-01
5.700000000000000000e+01 1.000000000000000000e+00 5.709494324045407687e-01
5.700000000000000000e+01 2.000000000000000000e+00 6.173890608875128860e-01
5.700000000000000000e+01 3.000000000000000000e+00 5.865624194518429535e-01
5.700000000000000000e+01 4.000000000000000000e+00 5.918463785548586653e-01
5.800000000000000000e+01 0.000000000000000000e+00 5.000000000000000000e-01
5.800000000000000000e+01 1.000000000000000000e+00 5.993292053663570318e-01
5.800000000000000000e+01 2.000000000000000000e+00 6.081011351909184626e-01
5.800000000000000000e+01 3.000000000000000000e+00 5.931351490677893024e-01
5.800000000000000000e+01 4.000000000000000000e+00 6.042615344960906576e-01
5.900000000000000000e+01 0.000000000000000000e+00 5.786893704850361031e-01
5.900000000000000000e+01 1.000000000000000000e+00 6.179050567595458787e-01
5.900000000000000000e+01 2.000000000000000000e+00 5.977812177502579427e-01
5.900000000000000000e+01 3.000000000000000000e+00 5.869920096228198325e-01
5.900000000000000000e+01 4.000000000000000000e+00 5.817080505198041207e-01
6.000000000000000000e+01 0.000000000000000000e+00 5.797213622291021995e-01
6.000000000000000000e+01 1.000000000000000000e+00 5.884932920536636303e-01
6.000000000000000000e+01 2.000000000000000000e+00 6.124871001031991780e-01
6.000000000000000000e+01 3.000000000000000000e+00 6.099750837700833594e-01
6.000000000000000000e+01 4.000000000000000000e+00 5.530114270985480029e-01
6.100000000000000000e+01 0.000000000000000000e+00 6.179050567595458787e-01
6.100000000000000000e+01 1.000000000000000000e+00 5.830753353973168185e-01
6.100000000000000000e+01 2.000000000000000000e+00 5.884932920536636303e-01
6.100000000000000000e+01 3.000000000000000000e+00 5.848440587679353264e-01
6.100000000000000000e+01 4.000000000000000000e+00 5.852736489389123165e-01
6.200000000000000000e+01 0.000000000000000000e+00 5.988132094943240391e-01
6.200000000000000000e+01 1.000000000000000000e+00 6.119711042311661853e-01
6.200000000000000000e+01 2.000000000000000000e+00 5.758513931888544768e-01
6.200000000000000000e+01 3.000000000000000000e+00 5.808488701778503627e-01
6.200000000000000000e+01 4.000000000000000000e+00 5.747057307328807818e-01
6.300000000000000000e+01 0.000000000000000000e+00 5.737874097007223950e-01
6.300000000000000000e+01 1.000000000000000000e+00 6.031991744066047545e-01
6.300000000000000000e+01 2.000000000000000000e+00 6.031991744066047545e-01
6.300000000000000000e+01 3.000000000000000000e+00 5.812784603488272417e-01
6.300000000000000000e+01 4.000000000000000000e+00 5.927055588968124233e-01
6.400000000000000000e+01 0.000000000000000000e+00 5.753353973168214841e-01
6.400000000000000000e+01 1.000000000000000000e+00 5.982972136222910464e-01
6.400000000000000000e+01 2.000000000000000000e+00 5.895252837977296156e-01
6.400000000000000000e+01 3.000000000000000000e+00 5.861328292808660745e-01
6.400000000000000000e+01 4.000000000000000000e+00 5.905576080419280283e-01
6.500000000000000000e+01 0.000000000000000000e+00 5.977812177502579427e-01
6.500000000000000000e+01 1.000000000000000000e+00 5.944272445820433237e-01
6.500000000000000000e+01 2.000000000000000000e+00 5.933952528379773383e-01
6.500000000000000000e+01 3.000000000000000000e+00 5.768536815877652879e-01
6.500000000000000000e+01 4.000000000000000000e+00 6.002663459060056939e-01
6.600000000000000000e+01 0.000000000000000000e+00 5.835913312693498112e-01
6.600000000000000000e+01 1.000000000000000000e+00 5.890092879256965119e-01
6.600000000000000000e+01 2.000000000000000000e+00 6.021671826625387691e-01
6.600000000000000000e+01 3.000000000000000000e+00 6.104046739410602385e-01
6.600000000000000000e+01 4.000000000000000000e+00 5.671449437236876223e-01
6.700000000000000000e+01 0.000000000000000000e+00 5.977812177502579427e-01
6.700000000000000000e+01 1.000000000000000000e+00 5.900412796697626083e-01
6.700000000000000000e+01 2.000000000000000000e+00 5.939112487100103310e-01
6.700000000000000000e+01 3.000000000000000000e+00 5.865624194518429535e-01
6.700000000000000000e+01 4.000000000000000000e+00 5.896984276999741592e-01
6.800000000000000000e+01 0.000000000000000000e+00 5.939112487100103310e-01
6.800000000000000000e+01 1.000000000000000000e+00 5.830753353973168185e-01
6.800000000000000000e+01 2.000000000000000000e+00 6.228070175438595868e-01
6.800000000000000000e+01 3.000000000000000000e+00 5.574362058596099567e-01
6.800000000000000000e+01 4.000000000000000000e+00 5.874215997937967115e-01
6.900000000000000000e+01 0.000000000000000000e+00 6.212590299277604977e-01
6.900000000000000000e+01 1.000000000000000000e+00 5.988132094943240391e-01
6.900000000000000000e+01 2.000000000000000000e+00 5.841073271413828039e-01
6.900000000000000000e+01 3.000000000000000000e+00 5.751353209038576608e-01
6.900000000000000000e+01 4.000000000000000000e+00 5.958415671449437401e-01
7.000000000000000000e+01 0.000000000000000000e+00 5.694014447884416796e-01
7.000000000000000000e+01 1.000000000000000000e+00 5.933952528379773383e-01
7.000000000000000000e+01 2.000000000000000000e+00 5.939112487100103310e-01
7.000000000000000000e+01 3.000000000000000000e+00 5.812784603488272417e-01
7.000000000000000000e+01 4.000000000000000000e+00 5.918463785548586653e-01
7.100000000000000000e+01 0.000000000000000000e+00 5.830753353973168185e-01
7.100000000000000000e+01 1.000000000000000000e+00 5.918472652218782493e-01
7.100000000000000000e+01 2.000000000000000000e+00 5.895252837977296156e-01
7.100000000000000000e+01 3.000000000000000000e+00 6.104046739410602385e-01
7.100000000000000000e+01 4.000000000000000000e+00 6.015551164189363309e-01
7.200000000000000000e+01 0.000000000000000000e+00 5.792053663570690958e-01
7.200000000000000000e+01 1.000000000000000000e+00 6.179050567595458787e-01
7.200000000000000000e+01 2.000000000000000000e+00 5.835913312693498112e-01
7.200000000000000000e+01 3.000000000000000000e+00 5.772832717587421669e-01
7.200000000000000000e+01 4.000000000000000000e+00 5.914167883838817863e-01
7.300000000000000000e+01 0.000000000000000000e+00 5.988132094943240391e-01
7.300000000000000000e+01 1.000000000000000000e+00 5.879772961816305266e-01
7.300000000000000000e+01 2.000000000000000000e+00 5.977812177502579427e-01
7.300000000000000000e+01 3.000000000000000000e+00 5.896984276999741592e-01
7.300000000000000000e+01 4.000000000000000000e+00 5.737176733396339712e-01
7.400000000000000000e+01 0.000000000000000000e+00 5.972652218782250610e-01
7.400000000000000000e+01 1.000000000000000000e+00 6.179050567595458787e-01
7.400000000000000000e+01 2.000000000000000000e+00 5.900412796697626083e-01
7.400000000000000000e+01 3.000000000000000000e+00 5.869920096228198325e-01
7.400000000000000000e+01 4.000000000000000000e+00 5.728584929976802131e-01
7.500000000000000000e+01 0.000000000000000000e+00 5.939112487100103310e-01
7.500000000000000000e+01 1.000000000000000000e+00 5.000000000000000000e-01
7.500000000000000000e+01 2.000000000000000000e+00 5.895252837977296156e-01
7.500000000000000000e+01 3.000000000000000000e+00 6.249677807371767368e-01
7.500000000000000000e+01 4.000000000000000000e+00 5.905576080419280283e-01
7.600000000000000000e+01 0.000000000000000000e+00 6.026831785345717618e-01
7.600000000000000000e+01 1.000000000000000000e+00 5.802373581011351922e-01
7.600000000000000000e+01 2.000000000000000000e+00 5.988132094943240391e-01
7.600000000000000000e+01 3.000000000000000000e+00 6.095454935991064804e-01
7.600000000000000000e+01 4.000000000000000000e+00 5.724289028267033341e-01
7.700000000000000000e+01 0.000000000000000000e+00 6.031991744066047545e-01
7.700000000000000000e+01 1.000000000000000000e+00 6.081011351909184626e-01
7.700000000000000000e+01 2.000000000000000000e+00 5.753353973168214841e-01
7.700000000000000000e+01 3.000000000000000000e+00 5.764240914167884089e-01
7.700000000000000000e+01 4.000000000000000000e+00 6.002663459060056939e-01
7.800000000000000000e+01 0.000000000000000000e+00 5.792053663570690958e-01
7.800000000000000000e+01 1.000000000000000000e+00 6.075851393188854699e-01
7.800000000000000000e+01 2.000000000000000000e+00 5.766253869969040213e-01
7.800000000000000000e+01 3.000000000000000000e+00 5.905576080419280283e-01
7.800000000000000000e+01 4.000000000000000000e+00 5.927055588968124233e-01
7.900000000000000000e+01 0.000000000000000000e+00 5.939112487100103310e-01
7.900000000000000000e+01 1.000000000000000000e+00 6.256449948400413241e-01
7.900000000000000000e+01 2.000000000000000000e+00 5.830753353973168185e-01
7.900000000000000000e+01 3.000000000000000000e+00 5.724289028267033341e-01
7.900000000000000000e+01 4.000000000000000000e+00 5.918463785548586653e-01
8.000000000000000000e+01 0.000000000000000000e+00 5.977812177502579427e-01
8.000000000000000000e+01 1.000000000000000000e+00 5.982972136222910464e-01
8.000000000000000000e+01 2.000000000000000000e+00 6.266769865841073095e-01
8.000000000000000000e+01 3.000000000000000000e+00 5.852736489389123165e-01
8.000000000000000000e+01 4.000000000000000000e+00 5.732880831686570922e-01
8.100000000000000000e+01 0.000000000000000000e+00 5.683694530443756943e-01
8.100000000000000000e+01 1.000000000000000000e+00 6.310629514963880249e-01
8.100000000000000000e+01 2.000000000000000000e+00 6.173890608875128860e-01
8.100000000000000000e+01 3.000000000000000000e+00 5.975599278288512561e-01
8.100000000000000000e+01 4.000000000000000000e+00 5.651258699200962798e-01
8.200000000000000000e+01 0.000000000000000000e+00 5.792053663570690958e-01
8.200000000000000000e+01 1.000000000000000000e+00 5.972652218782250610e-01
8.200000000000000000e+01 2.000000000000000000e+00 5.977812177502579427e-01
8.200000000000000000e+01 3.000000000000000000e+00 5.812784603488272417e-01
8.200000000000000000e+01 4.000000000000000000e+00 6.055503050090214057e-01
8.300000000000000000e+01 0.000000000000000000e+00 5.939112487100103310e-01
8.300000000000000000e+01 1.000000000000000000e+00 5.792053663570690958e-01
8.300000000000000000e+01 2.000000000000000000e+00 5.776573787409701177e-01
8.300000000000000000e+01 3.000000000000000000e+00 6.015551164189363309e-01
8.300000000000000000e+01 4.000000000000000000e+00 5.914167883838817863e-01
8.400000000000000000e+01 0.000000000000000000e+00 5.988132094943240391e-01
8.400000000000000000e+01 1.000000000000000000e+00 5.993292053663570318e-01
8.400000000000000000e+01 2.000000000000000000e+00 5.650154798761610753e-01
8.400000000000000000e+01 3.000000000000000000e+00 5.922759687258355443e-01
8.400000000000000000e+01 4.000000000000000000e+00 5.852736489389123165e-01
8.500000000000000000e+01 0.000000000000000000e+00 6.081011351909184626e-01
8.500000000000000000e+01 1.000000000000000000e+00 6.114551083591330816e-01
8.500000000000000000e+01 2.000000000000000000e+00 5.820433436532507221e-01
8.500000000000000000e+01 3.000000000000000000e+00 5.715697224847495761e-01
8.500000000000000000e+01 4.000000000000000000e+00 6.055503050090214057e-01
8.600000000000000000e+01 0.000000000000000000e+00 5.841073271413828039e-01
8.600000000000000000e+01 1.000000000000000000e+00 5.982972136222910464e-01
8.600000000000000000e+01 2.000000000000000000e+00 6.037151702786377472e-01
8.600000000000000000e+01 3.000000000000000000e+00 6.091159034281294904e-01
8.600000000000000000e+01 4.000000000000000000e+00 5.764240914167884089e-01
8.700000000000000000e+01 0.000000000000000000e+00 5.954592363261094201e-01
8.700000000000000000e+01 1.000000000000000000e+00 5.766253869969040213e-01
8.700000000000000000e+01 2.000000000000000000e+00 5.771413828689370140e-01
8.700000000000000000e+01 3.000000000000000000e+00 6.205430019761147831e-01
8.700000000000000000e+01 4.000000000000000000e+00 5.967007474868974981e-01
8.800000000000000000e+01 0.000000000000000000e+00 5.835913312693498112e-01
8.800000000000000000e+01 1.000000000000000000e+00 6.096491228070175517e-01
8.800000000000000000e+01 2.000000000000000000e+00 5.797213622291021995e-01
8.800000000000000000e+01 3.000000000000000000e+00 5.951112638542830346e-01
8.800000000000000000e+01 4.000000000000000000e+00 5.909871982129049073e-01
8.900000000000000000e+01 0.000000000000000000e+00 5.972652218782250610e-01
8.900000000000000000e+01 1.000000000000000000e+00 6.114551083591330816e-01
8.900000000000000000e+01 2.000000000000000000e+00 5.830753353973168185e-01
8.900000000000000000e+01 3.000000000000000000e+00 6.006959360769825729e-01
8.900000000000000000e+01 4.000000000000000000e+00 5.671449437236876223e-01
9.000000000000000000e+01 0.000000000000000000e+00 5.688854489164086869e-01
9.000000000000000000e+01 1.000000000000000000e+00 6.021671826625387691e-01
9.000000000000000000e+01 2.000000000000000000e+00 5.895252837977296156e-01
9.000000000000000000e+01 3.000000000000000000e+00 5.728584929976802131e-01
9.000000000000000000e+01 4.000000000000000000e+00 6.201134118051379041e-01
9.100000000000000000e+01 0.000000000000000000e+00 5.830753353973168185e-01
9.100000000000000000e+01 1.000000000000000000e+00 5.985552115583074873e-01
9.100000000000000000e+01 2.000000000000000000e+00 6.026831785345717618e-01
9.100000000000000000e+01 3.000000000000000000e+00 5.861328292808660745e-01
9.100000000000000000e+01 4.000000000000000000e+00 5.812784603488272417e-01
9.200000000000000000e+01 0.000000000000000000e+00 5.890092879256965119e-01
9.200000000000000000e+01 1.000000000000000000e+00 5.890092879256965119e-01
9.200000000000000000e+01 2.000000000000000000e+00 5.786893704850361031e-01
9.200000000000000000e+01 3.000000000000000000e+00 5.861328292808660745e-01
9.200000000000000000e+01 4.000000000000000000e+00 6.152590428730990713e-01
9.300000000000000000e+01 0.000000000000000000e+00 5.933952528379773383e-01
9.300000000000000000e+01 1.000000000000000000e+00 5.699174406604747833e-01
9.300000000000000000e+01 2.000000000000000000e+00 5.939112487100103310e-01
9.300000000000000000e+01 3.000000000000000000e+00 6.042615344960906576e-01
9.300000000000000000e+01 4.000000000000000000e+00 5.979895179998281352e-01
9.400000000000000000e+01 0.000000000000000000e+00 6.026831785345717618e-01
9.400000000000000000e+01 1.000000000000000000e+00 5.841073271413828039e-01
9.400000000000000000e+01 2.000000000000000000e+00 6.021671826625387691e-01
9.400000000000000000e+01 3.000000000000000000e+00 5.821376406907809997e-01
9.400000000000000000e+01 4.000000000000000000e+00 5.865624194518429535e-01
9.500000000000000000e+01 0.000000000000000000e+00 5.748194014447884914e-01
9.500000000000000000e+01 1.000000000000000000e+00 6.081011351909184626e-01
9.500000000000000000e+01 2.000000000000000000e+00 5.993292053663570318e-01
9.500000000000000000e+01 3.000000000000000000e+00 5.715697224847495761e-01
9.500000000000000000e+01 4.000000000000000000e+00 5.755649110748346509e-01
9.600000000000000000e+01 0.000000000000000000e+00 5.851393188854489003e-01
9.600000000000000000e+01 1.000000000000000000e+00 6.238390092879257942e-01
9.600000000000000000e+01 2.000000000000000000e+00 5.982972136222910464e-01
9.600000000000000000e+01 3.000000000000000000e+00 5.755649110748346509e-01
9.600000000000000000e+01 4.000000000000000000e+00 5.941232064610361130e-01
9.700000000000000000e+01 0.000000000000000000e+00 5.619195046439628971e-01
9.700000000000000000e+01 1.000000000000000000e+00 6.130030959752321706e-01
9.700000000000000000e+01 2.000000000000000000e+00 5.753353973168214841e-01
9.700000000000000000e+01 3.000000000000000000e+00 6.152590428730990713e-01
9.700000000000000000e+01 4.000000000000000000e+00 5.954119769739668611e-01
9.800000000000000000e+01 0.000000000000000000e+00 5.908152734778121529e-01
9.800000000000000000e+01 1.000000000000000000e+00 5.949432404540764274e-01
9.800000000000000000e+01 2.000000000000000000e+00 5.861713106295149966e-01
9.800000000000000000e+01 3.000000000000000000e+00 5.949823868029899820e-01
9.800000000000000000e+01 4.000000000000000000e+00 5.728584929976802131e-01
9.900000000000000000e+01 0.000000000000000000e+00 6.081011351909184626e-01
9.900000000000000000e+01 1.000000000000000000e+00 5.737874097007223950e-01
9.900000000000000000e+01 2.000000000000000000e+00 5.967492260061919573e-01
9.900000000000000000e+01 3.000000000000000000e+00 5.954119769739668611e-01
9.900000000000000000e+01 4.000000000000000000e+00 6.006959360769825729e-01
