0.0 0.0 0.289999999999999980
0.0 1.0 0.330000000000000016
0.0 2.0 0.289999999999999980
0.0 3.0 0.349999999999999978
0.0 4.0 0.429999999999999993
1.0 0.0 0.260000000000000009
1.0 1.0 0.320000000000000007
1.0 2.0 0.380000000000000004
1.0 3.0 0.349999999999999978
1.0 4.0 0.270000000000000018
2.0 0.0 0.369999999999999996
2.0 1.0 0.400000000000000022
2.0 2.0 0.280000000000000027
2.0 3.0 0.320000000000000007
2.0 4.0 0.340000000000000024
3.0 0.0 0.380000000000000004
3.0 1.0 0.359999999999999987
3.0 2.0 0.320000000000000007
3.0 3.0 0.320000000000000007
3.0 4.0 0.340000000000000024
4.0 0.0 0.359999999999999987
4.0 1.0 0.340000000000000024
4.0 2.0 0.270000000000000018
4.0 3.0 0.289999999999999980
4.0 4.0 0.340000000000000024
5.0 0.0 0.359999999999999987
5.0 1.0 0.369999999999999996
5.0 2.0 0.400000000000000022
5.0 3.0 0.359999999999999987
5.0 4.0 0.349999999999999978
6.0 0.0 0.340000000000000024
6.0 1.0 0.280000000000000027
6.0 2.0 0.320000000000000007
6.0 3.0 0.320000000000000007
6.0 4.0 0.400000000000000022
7.0 0.0 0.230000000000000010
7.0 1.0 0.380000000000000004
7.0 2.0 0.400000000000000022
7.0 3.0 0.369999999999999996
7.0 4.0 0.239999999999999991
8.0 0.0 0.320000000000000007
8.0 1.0 0.340000000000000024
8.0 2.0 0.280000000000000027
8.0 3.0 0.289999999999999980
8.0 4.0 0.330000000000000016
9.0 0.0 0.349999999999999978
9.0 1.0 0.320000000000000007
9.0 2.0 0.349999999999999978
9.0 3.0 0.359999999999999987
9.0 4.0 0.380000000000000004
10.0 0.0 0.330000000000000016
10.0 1.0 0.369999999999999996
10.0 2.0 0.260000000000000009
10.0 3.0 0.429999999999999993
10.0 4.0 0.230000000000000010
11.0 0.0 0.309999999999999998
11.0 1.0 0.260000000000000009
11.0 2.0 0.270000000000000018
11.0 3.0 0.320000000000000007
11.0 4.0 0.349999999999999978
12.0 0.0 0.289999999999999980
12.0 1.0 0.280000000000000027
12.0 2.0 0.270000000000000018
12.0 3.0 0.320000000000000007
12.0 4.0 0.299999999999999989
13.0 0.0 0.330000000000000016
13.0 1.0 0.280000000000000027
13.0 2.0 0.320000000000000007
13.0 3.0 0.289999999999999980
13.0 4.0 0.369999999999999996
14.0 0.0 0.299999999999999989
14.0 1.0 0.289999999999999980
14.0 2.0 0.309999999999999998
14.0 3.0 0.330000000000000016
14.0 4.0 0.330000000000000016
15.0 0.0 0.230000000000000010
15.0 1.0 0.309999999999999998
15.0 2.0 0.400000000000000022
15.0 3.0 0.349999999999999978
15.0 4.0 0.359999999999999987
16.0 0.0 0.340000000000000024
16.0 1.0 0.340000000000000024
16.0 2.0 0.309999999999999998
16.0 3.0 0.320000000000000007
16.0 4.0 0.330000000000000016
17.0 0.0 0.309999999999999998
17.0 1.0 0.239999999999999991
17.0 2.0 0.320000000000000007
17.0 3.0 0.390000000000000013
17.0 4.0 0.320000000000000007
18.0 0.0 0.369999999999999996
18.0 1.0 0.330000000000000016
18.0 2.0 0.380000000000000004
18.0 3.0 0.380000000000000004
18.0 4.0 0.359999999999999987
19.0 0.0 0.330000000000000016
19.0 1.0 0.320000000000000007
19.0 2.0 0.359999999999999987
19.0 3.0 0.369999999999999996
19.0 4.0 0.289999999999999980
20.0 0.0 0.289999999999999980
20.0 1.0 0.320000000000000007
20.0 2.0 0.330000000000000016
20.0 3.0 0.380000000000000004
20.0 4.0 0.349999999999999978
21.0 0.0 0.289999999999999980
21.0 1.0 0.340000000000000024
21.0 2.0 0.270000000000000018
21.0 3.0 0.369999999999999996
21.0 4.0 0.309999999999999998
22.0 0.0 0.359999999999999987
22.0 1.0 0.309999999999999998
22.0 2.0 0.299999999999999989
22.0 3.0 0.340000000000000024
22.0 4.0 0.260000000000000009
23.0 0.0 0.359999999999999987
23.0 1.0 0.280000000000000027
23.0 2.0 0.330000000000000016
23.0 3.0 0.330000000000000016
23.0 4.0 0.390000000000000013
24.0 0.0 0.309999999999999998
24.0 1.0 0.359999999999999987
24.0 2.0 0.340000000000000024
24.0 3.0 0.299999999999999989
24.0 4.0 0.349999999999999978
25.0 0.0 0.369999999999999996
25.0 1.0 0.239999999999999991
25.0 2.0 0.320000000000000007
25.0 3.0 0.369999999999999996
25.0 4.0 0.289999999999999980
26.0 0.0 0.309999999999999998
26.0 1.0 0.309999999999999998
26.0 2.0 0.380000000000000004
26.0 3.0 0.309999999999999998
26.0 4.0 0.390000000000000013
27.0 0.0 0.309999999999999998
27.0 1.0 0.299999999999999989
27.0 2.0 0.280000000000000027
27.0 3.0 0.289999999999999980
27.0 4.0 0.390000000000000013
28.0 0.0 0.349999999999999978
28.0 1.0 0.289999999999999980
28.0 2.0 0.299999999999999989
28.0 3.0 0.349999999999999978
28.0 4.0 0.250000000000000000
29.0 0.0 0.330000000000000016
29.0 1.0 0.340000000000000024
29.0 2.0 0.359999999999999987
29.0 3.0 0.340000000000000024
29.0 4.0 0.330000000000000016
30.0 0.0 0.299999999999999989
30.0 1.0 0.309999999999999998
30.0 2.0 0.390000000000000013
30.0 3.0 0.349999999999999978
30.0 4.0 0.330000000000000016
31.0 0.0 0.340000000000000024
31.0 1.0 0.349999999999999978
31.0 2.0 0.309999999999999998
31.0 3.0 0.349999999999999978
31.0 4.0 0.349999999999999978
32.0 0.0 0.309999999999999998
32.0 1.0 0.320000000000000007
32.0 2.0 0.390000000000000013
32.0 3.0 0.299999999999999989
32.0 4.0 0.280000000000000027
33.0 0.0 0.380000000000000004
33.0 1.0 0.369999999999999996
33.0 2.0 0.330000000000000016
33.0 3.0 0.390000000000000013
33.0 4.0 0.369999999999999996
34.0 0.0 0.369999999999999996
34.0 1.0 0.250000000000000000
34.0 2.0 0.349999999999999978
34.0 3.0 0.380000000000000004
34.0 4.0 0.369999999999999996
35.0 0.0 0.330000000000000016
35.0 1.0 0.299999999999999989
35.0 2.0 0.309999999999999998
35.0 3.0 0.270000000000000018
35.0 4.0 0.309999999999999998
36.0 0.0 0.260000000000000009
36.0 1.0 0.289999999999999980
36.0 2.0 0.309999999999999998
36.0 3.0 0.409999999999999976
36.0 4.0 0.359999999999999987
37.0 0.0 0.369999999999999996
37.0 1.0 0.280000000000000027
37.0 2.0 0.270000000000000018
37.0 3.0 0.349999999999999978
37.0 4.0 0.359999999999999987
38.0 0.0 0.309999999999999998
38.0 1.0 0.349999999999999978
38.0 2.0 0.309999999999999998
38.0 3.0 0.250000000000000000
38.0 4.0 0.230000000000000010
39.0 0.0 0.330000000000000016
39.0 1.0 0.330000000000000016
39.0 2.0 0.340000000000000024
39.0 3.0 0.390000000000000013
39.0 4.0 0.340000000000000024
40.0 0.0 0.349999999999999978
40.0 1.0 0.359999999999999987
40.0 2.0 0.359999999999999987
40.0 3.0 0.299999999999999989
40.0 4.0 0.349999999999999978
41.0 0.0 0.289999999999999980
41.0 1.0 0.299999999999999989
41.0 2.0 0.340000000000000024
41.0 3.0 0.400000000000000022
41.0 4.0 0.330000000000000016
42.0 0.0 0.340000000000000024
42.0 1.0 0.230000000000000010
42.0 2.0 0.369999999999999996
42.0 3.0 0.369999999999999996
42.0 4.0 0.369999999999999996
43.0 0.0 0.349999999999999978
43.0 1.0 0.400000000000000022
43.0 2.0 0.330000000000000016
43.0 3.0 0.260000000000000009
43.0 4.0 0.330000000000000016
44.0 0.0 0.260000000000000009
44.0 1.0 0.320000000000000007
44.0 2.0 0.409999999999999976
44.0 3.0 0.320000000000000007
44.0 4.0 0.359999999999999987
45.0 0.0 0.359999999999999987
45.0 1.0 0.330000000000000016
45.0 2.0 0.349999999999999978
45.0 3.0 0.320000000000000007
45.0 4.0 0.330000000000000016
46.0 0.0 0.289999999999999980
46.0 1.0 0.289999999999999980
46.0 2.0 0.320000000000000007
46.0 3.0 0.380000000000000004
46.0 4.0 0.359999999999999987
47.0 0.0 0.330000000000000016
47.0 1.0 0.299999999999999989
47.0 2.0 0.320000000000000007
47.0 3.0 0.260000000000000009
47.0 4.0 0.369999999999999996
48.0 0.0 0.260000000000000009
48.0 1.0 0.340000000000000024
48.0 2.0 0.299999999999999989
48.0 3.0 0.330000000000000016
48.0 4.0 0.289999999999999980
49.0 0.0 0.340000000000000024
49.0 1.0 0.289999999999999980
49.0 2.0 0.349999999999999978
49.0 3.0 0.349999999999999978
49.0 4.0 0.359999999999999987
50.0 0.0 0.299999999999999989
50.0 1.0 0.309999999999999998
50.0 2.0 0.359999999999999987
50.0 3.0 0.309999999999999998
50.0 4.0 0.380000000000000004
51.0 0.0 0.260000000000000009
51.0 1.0 0.330000000000000016
51.0 2.0 0.330000000000000016
51.0 3.0 0.409999999999999976
51.0 4.0 0.340000000000000024
52.0 0.0 0.340000000000000024
52.0 1.0 0.299999999999999989
52.0 2.0 0.380000000000000004
52.0 3.0 0.299999999999999989
52.0 4.0 0.330000000000000016
53.0 0.0 0.340000000000000024
53.0 1.0 0.349999999999999978
53.0 2.0 0.280000000000000027
53.0 3.0 0.359999999999999987
53.0 4.0 0.390000000000000013
54.0 0.0 0.320000000000000007
54.0 1.0 0.349999999999999978
54.0 2.0 0.390000000000000013
54.0 3.0 0.309999999999999998
54.0 4.0 0.330000000000000016
55.0 0.0 0.260000000000000009
55.0 1.0 0.369999999999999996
55.0 2.0 0.330000000000000016
55.0 3.0 0.340000000000000024
55.0 4.0 0.349999999999999978
56.0 0.0 0.299999999999999989
56.0 1.0 0.340000000000000024
56.0 2.0 0.330000000000000016
56.0 3.0 0.340000000000000024
56.0 4.0 0.309999999999999998
57.0 0.0 0.359999999999999987
57.0 1.0 0.309999999999999998
57.0 2.0 0.340000000000000024
57.0 3.0 0.359999999999999987
57.0 4.0 0.299999999999999989
58.0 0.0 0.000000000000000000
58.0 1.0 0.340000000000000024
58.0 2.0 0.380000000000000004
58.0 3.0 0.419999999999999984
58.0 4.0 0.330000000000000016
59.0 0.0 0.299999999999999989
59.0 1.0 0.359999999999999987
59.0 2.0 0.380000000000000004
59.0 3.0 0.400000000000000022
59.0 4.0 0.289999999999999980
60.0 0.0 0.340000000000000024
60.0 1.0 0.340000000000000024
60.0 2.0 0.349999999999999978
60.0 3.0 0.400000000000000022
60.0 4.0 0.320000000000000007
61.0 0.0 0.309999999999999998
61.0 1.0 0.309999999999999998
61.0 2.0 0.320000000000000007
61.0 3.0 0.260000000000000009
61.0 4.0 0.289999999999999980
62.0 0.0 0.340000000000000024
62.0 1.0 0.330000000000000016
62.0 2.0 0.400000000000000022
62.0 3.0 0.349999999999999978
62.0 4.0 0.239999999999999991
63.0 0.0 0.280000000000000027
63.0 1.0 0.359999999999999987
63.0 2.0 0.340000000000000024
63.0 3.0 0.299999999999999989
63.0 4.0 0.349999999999999978
64.0 0.0 0.299999999999999989
64.0 1.0 0.320000000000000007
64.0 2.0 0.349999999999999978
64.0 3.0 0.349999999999999978
64.0 4.0 0.330000000000000016
65.0 0.0 0.330000000000000016
65.0 1.0 0.359999999999999987
65.0 2.0 0.359999999999999987
65.0 3.0 0.340000000000000024
65.0 4.0 0.320000000000000007
66.0 0.0 0.340000000000000024
66.0 1.0 0.289999999999999980
66.0 2.0 0.409999999999999976
66.0 3.0 0.359999999999999987
66.0 4.0 0.289999999999999980
67.0 0.0 0.330000000000000016
67.0 1.0 0.349999999999999978
67.0 2.0 0.340000000000000024
67.0 3.0 0.349999999999999978
67.0 4.0 0.330000000000000016
68.0 0.0 0.340000000000000024
68.0 1.0 0.289999999999999980
68.0 2.0 0.299999999999999989
68.0 3.0 0.309999999999999998
68.0 4.0 0.450000000000000011
69.0 0.0 0.309999999999999998
69.0 1.0 0.340000000000000024
69.0 2.0 0.330000000000000016
69.0 3.0 0.299999999999999989
69.0 4.0 0.330000000000000016
70.0 0.0 0.260000000000000009
70.0 1.0 0.320000000000000007
70.0 2.0 0.320000000000000007
70.0 3.0 0.409999999999999976
70.0 4.0 0.359999999999999987
71.0 0.0 0.270000000000000018
71.0 1.0 0.270000000000000018
71.0 2.0 0.380000000000000004
71.0 3.0 0.380000000000000004
71.0 4.0 0.440000000000000002
72.0 0.0 0.340000000000000024
72.0 1.0 0.380000000000000004
72.0 2.0 0.309999999999999998
72.0 3.0 0.320000000000000007
72.0 4.0 0.380000000000000004
73.0 0.0 0.369999999999999996
73.0 1.0 0.270000000000000018
73.0 2.0 0.309999999999999998
73.0 3.0 0.330000000000000016
73.0 4.0 0.369999999999999996
74.0 0.0 0.359999999999999987
74.0 1.0 0.330000000000000016
74.0 2.0 0.280000000000000027
74.0 3.0 0.320000000000000007
74.0 4.0 0.380000000000000004
75.0 0.0 0.320000000000000007
75.0 1.0 0.000000000000000000
75.0 2.0 0.289999999999999980
75.0 3.0 0.369999999999999996
75.0 4.0 0.390000000000000013
76.0 0.0 0.349999999999999978
76.0 1.0 0.320000000000000007
76.0 2.0 0.320000000000000007
76.0 3.0 0.369999999999999996
76.0 4.0 0.299999999999999989
77.0 0.0 0.340000000000000024
77.0 1.0 0.340000000000000024
77.0 2.0 0.330000000000000016
77.0 3.0 0.359999999999999987
77.0 4.0 0.340000000000000024
78.0 0.0 0.309999999999999998
78.0 1.0 0.320000000000000007
78.0 2.0 0.320000000000000007
78.0 3.0 0.309999999999999998
78.0 4.0 0.390000000000000013
79.0 0.0 0.380000000000000004
79.0 1.0 0.359999999999999987
79.0 2.0 0.270000000000000018
79.0 3.0 0.380000000000000004
79.0 4.0 0.359999999999999987
80.0 0.0 0.330000000000000016
80.0 1.0 0.359999999999999987
80.0 2.0 0.320000000000000007
80.0 3.0 0.250000000000000000
80.0 4.0 0.359999999999999987
81.0 0.0 0.340000000000000024
81.0 1.0 0.349999999999999978
81.0 2.0 0.330000000000000016
81.0 3.0 0.390000000000000013
81.0 4.0 0.220000000000000001
82.0 0.0 0.330000000000000016
82.0 1.0 0.400000000000000022
82.0 2.0 0.270000000000000018
82.0 3.0 0.390000000000000013
82.0 4.0 0.320000000000000007
83.0 0.0 0.340000000000000024
83.0 1.0 0.359999999999999987
83.0 2.0 0.320000000000000007
83.0 3.0 0.359999999999999987
83.0 4.0 0.280000000000000027
84.0 0.0 0.299999999999999989
84.0 1.0 0.340000000000000024
84.0 2.0 0.309999999999999998
84.0 3.0 0.400000000000000022
84.0 4.0 0.349999999999999978
85.0 0.0 0.340000000000000024
85.0 1.0 0.349999999999999978
85.0 2.0 0.280000000000000027
85.0 3.0 0.330000000000000016
85.0 4.0 0.359999999999999987
86.0 0.0 0.320000000000000007
86.0 1.0 0.390000000000000013
86.0 2.0 0.299999999999999989
86.0 3.0 0.280000000000000027
86.0 4.0 0.330000000000000016
87.0 0.0 0.309999999999999998
87.0 1.0 0.309999999999999998
87.0 2.0 0.340000000000000024
87.0 3.0 0.330000000000000016
87.0 4.0 0.349999999999999978
88.0 0.0 0.349999999999999978
88.0 1.0 0.359999999999999987
88.0 2.0 0.340000000000000024
88.0 3.0 0.260000000000000009
88.0 4.0 0.349999999999999978
89.0 0.0 0.320000000000000007
89.0 1.0 0.369999999999999996
89.0 2.0 0.309999999999999998
89.0 3.0 0.349999999999999978
89.0 4.0 0.320000000000000007
90.0 0.0 0.239999999999999991
90.0 1.0 0.390000000000000013
90.0 2.0 0.320000000000000007
90.0 3.0 0.359999999999999987
90.0 4.0 0.340000000000000024
91.0 0.0 0.349999999999999978
91.0 1.0 0.250000000000000000
91.0 2.0 0.340000000000000024
91.0 3.0 0.349999999999999978
91.0 4.0 0.250000000000000000
92.0 0.0 0.289999999999999980
92.0 1.0 0.359999999999999987
92.0 2.0 0.320000000000000007
92.0 3.0 0.330000000000000016
92.0 4.0 0.359999999999999987
93.0 0.0 0.299999999999999989
93.0 1.0 0.340000000000000024
93.0 2.0 0.390000000000000013
93.0 3.0 0.280000000000000027
93.0 4.0 0.359999999999999987
94.0 0.0 0.320000000000000007
94.0 1.0 0.349999999999999978
94.0 2.0 0.270000000000000018
94.0 3.0 0.450000000000000011
94.0 4.0 0.280000000000000027
95.0 0.0 0.299999999999999989
95.0 1.0 0.330000000000000016
95.0 2.0 0.359999999999999987
95.0 3.0 0.299999999999999989
95.0 4.0 0.349999999999999978
96.0 0.0 0.380000000000000004
96.0 1.0 0.349999999999999978
96.0 2.0 0.330000000000000016
96.0 3.0 0.320000000000000007
96.0 4.0 0.359999999999999987
97.0 0.0 0.260000000000000009
97.0 1.0 0.320000000000000007
97.0 2.0 0.349999999999999978
97.0 3.0 0.419999999999999984
97.0 4.0 0.400000000000000022
98.0 0.0 0.289999999999999980
98.0 1.0 0.400000000000000022
98.0 2.0 0.380000000000000004
98.0 3.0 0.369999999999999996
98.0 4.0 0.349999999999999978
99.0 0.0 0.320000000000000007
99.0 1.0 0.270000000000000018
99.0 2.0 0.299999999999999989
99.0 3.0 0.349999999999999978
99.0 4.0 0.320000000000000007
