0.0 0.0 0.608101135190918463
0.0 1.0 0.618421052631578982
0.0 2.0 0.624871001031991780
0.0 3.0 0.630681330011169328
0.0 4.0 0.616118223215052829
1.0 0.0 0.629256965944272384
1.0 1.0 0.625128998968008220
1.0 2.0 0.614551083591331260
1.0 3.0 0.620972592147091662
1.0 4.0 0.595411976973966861
2.0 0.0 0.609907120743034104
2.0 1.0 0.638028895768833815
2.0 2.0 0.623323013415892691
2.0 3.0 0.614399862531145313
2.0 4.0 0.616977403557006587
3.0 0.0 0.605263157894736836
3.0 1.0 0.641898864809081537
3.0 2.0 0.593395252837977338
3.0 3.0 0.613970272360168323
3.0 4.0 0.598419108170805014
4.0 0.0 0.621259029927760498
4.0 1.0 0.628224974200206399
4.0 2.0 0.617905056759545879
4.0 3.0 0.623249420053269221
4.0 4.0 0.621402182318068541
5.0 0.0 0.598813209494324039
5.0 1.0 0.626676986584107309
5.0 2.0 0.627192982456140413
5.0 3.0 0.626256551250107374
5.0 4.0 0.605550305009021406
6.0 0.0 0.628224974200206399
6.0 1.0 0.610681114551083537
6.0 2.0 0.610165118679050544
6.0 3.0 0.600695936076982573
6.0 4.0 0.594982386802989982
7.0 0.0 0.623323013415892691
7.0 1.0 0.631062951496388025
7.0 2.0 0.613003095975232171
7.0 3.0 0.602414296760890089
7.0 4.0 0.602414296760890089
8.0 0.0 0.610165118679050544
8.0 1.0 0.619453044375644968
8.0 2.0 0.620743034055727505
8.0 3.0 0.622819829882292231
8.0 4.0 0.606409485350975164
9.0 0.0 0.609649122807017552
9.0 1.0 0.605779153766769829
9.0 2.0 0.615325077399380804
9.0 3.0 0.609975083770083359
9.0 4.0 0.612123034624967755
10.0 0.0 0.638544891640866918
10.0 1.0 0.621259029927760498
10.0 2.0 0.580237358101135192
10.0 3.0 0.616547813386029708
10.0 4.0 0.616977403557006587
11.0 0.0 0.624871001031991780
11.0 1.0 0.605779153766769829
11.0 2.0 0.616873065015479893
11.0 3.0 0.611693444453990876
11.0 4.0 0.609975083770083359
12.0 0.0 0.634674922600619196
12.0 1.0 0.627708978328173295
12.0 2.0 0.596749226006191957
12.0 3.0 0.607698255863905801
12.0 4.0 0.611693444453990876
13.0 0.0 0.601393188854489225
13.0 1.0 0.637512899896800822
13.0 2.0 0.644478844169246612
13.0 3.0 0.601125526247959452
13.0 4.0 0.597130337657874377
14.0 0.0 0.610423116615067096
14.0 1.0 0.610423116615067096
14.0 2.0 0.604231166150670851
14.0 3.0 0.607698255863905801
14.0 4.0 0.635535698943208160
15.0 0.0 0.610939112487100089
15.0 1.0 0.620743034055727505
15.0 2.0 0.605263157894736836
15.0 3.0 0.615259042873099071
15.0 4.0 0.619254231463184146
16.0 0.0 0.613519091847265163
16.0 1.0 0.614551083591331260
16.0 2.0 0.617389060887512886
16.0 3.0 0.615688633044075950
16.0 4.0 0.610834264112037117
17.0 0.0 0.629772961816305488
17.0 1.0 0.616357069143446790
17.0 2.0 0.635448916408668740
17.0 3.0 0.612123034624967755
17.0 4.0 0.624967780737176737
18.0 0.0 0.608101135190918463
18.0 1.0 0.648348813209494335
18.0 2.0 0.614035087719298267
18.0 3.0 0.628962969327261812
18.0 4.0 0.599836755735028815
19.0 0.0 0.624355005159958676
19.0 1.0 0.606553147574819373
19.0 2.0 0.622291021671826594
19.0 3.0 0.588280780135750470
19.0 4.0 0.601984706589913210
20.0 0.0 0.586945304437564541
20.0 1.0 0.613003095975232171
20.0 2.0 0.625644994840041324
20.0 3.0 0.638242117020362487
20.0 4.0 0.640390067875246993
21.0 0.0 0.620743034055727505
21.0 1.0 0.604747162022703844
21.0 2.0 0.606037151702786381
21.0 3.0 0.644814846636308947
21.0 4.0 0.604261534496090658
22.0 0.0 0.614035087719298267
22.0 1.0 0.605779153766769829
22.0 2.0 0.618937048503611975
22.0 3.0 0.593564739238766181
22.0 4.0 0.633817338259300644
23.0 0.0 0.607069143446852477
23.0 1.0 0.611455108359133082
23.0 2.0 0.610165118679050544
23.0 3.0 0.601555116418936331
23.0 4.0 0.620113411805137904
24.0 0.0 0.606553147574819373
24.0 1.0 0.622291021671826594
24.0 2.0 0.614551083591331260
24.0 3.0 0.609545493599106480
24.0 4.0 0.616547813386029708
25.0 0.0 0.626160990712074317
25.0 1.0 0.618937048503611975
25.0 2.0 0.614551083591331260
25.0 3.0 0.632958157917346886
25.0 4.0 0.590557608041928028
26.0 0.0 0.624355005159958676
26.0 1.0 0.624871001031991780
26.0 2.0 0.618937048503611975
26.0 3.0 0.598977575393074946
26.0 4.0 0.624108600395222979
27.0 0.0 0.609133126934984559
27.0 1.0 0.618421052631578982
27.0 2.0 0.610681114551083537
27.0 3.0 0.620113411805137904
27.0 4.0 0.620972592147091662
28.0 0.0 0.622807017543859587
28.0 1.0 0.643446852425180627
28.0 2.0 0.618937048503611975
28.0 3.0 0.584972935819228490
28.0 4.0 0.605550305009021406
29.0 0.0 0.591589267285861697
29.0 1.0 0.621259029927760498
29.0 2.0 0.633126934984520107
29.0 3.0 0.619254231463184146
29.0 4.0 0.613540682189191555
30.0 0.0 0.614551083591331260
30.0 1.0 0.619453044375644968
30.0 2.0 0.635964912280701733
30.0 3.0 0.604261534496090658
30.0 4.0 0.601984706589913210
31.0 0.0 0.620485036119710953
31.0 1.0 0.622807017543859587
31.0 2.0 0.610165118679050544
31.0 3.0 0.622819829882292231
31.0 4.0 0.620972592147091662
32.0 0.0 0.596233230134158854
32.0 1.0 0.638028895768833815
32.0 2.0 0.591331269349845146
32.0 3.0 0.612123034624967755
32.0 4.0 0.616977403557006587
33.0 0.0 0.594943240454076427
33.0 1.0 0.624355005159958676
33.0 2.0 0.616873065015479893
33.0 3.0 0.600266345906005694
33.0 4.0 0.634676518601254402
34.0 0.0 0.608617131062951455
34.0 1.0 0.638028895768833815
34.0 2.0 0.600361197110423128
34.0 3.0 0.618395051121230388
34.0 4.0 0.587851189964773591
35.0 0.0 0.600877192982456121
35.0 1.0 0.624355005159958676
35.0 2.0 0.635448916408668740
35.0 3.0 0.609545493599106480
35.0 4.0 0.625826961079130495
36.0 0.0 0.611455108359133082
36.0 1.0 0.605263157894736836
36.0 2.0 0.618937048503611975
36.0 3.0 0.609545493599106480
36.0 4.0 0.620972592147091662
37.0 0.0 0.606553147574819373
37.0 1.0 0.623323013415892691
37.0 2.0 0.600877192982456121
37.0 3.0 0.592705558896812423
37.0 4.0 0.612552624795944634
38.0 0.0 0.615325077399380804
38.0 1.0 0.611197110423116641
38.0 2.0 0.627708978328173295
38.0 3.0 0.619683821634161025
38.0 4.0 0.620543001976114783
39.0 0.0 0.614551083591331260
39.0 1.0 0.591073271413828705
39.0 2.0 0.622291021671826594
39.0 3.0 0.618824641292207156
39.0 4.0 0.618395051121230388
40.0 0.0 0.644220846233230171
40.0 1.0 0.632094943240454121
40.0 2.0 0.605263157894736836
40.0 3.0 0.616118223215052829
40.0 4.0 0.612123034624967755
41.0 0.0 0.628224974200206399
41.0 1.0 0.589009287925696512
41.0 2.0 0.614551083591331260
41.0 3.0 0.605979895179998285
41.0 4.0 0.640390067875246993
42.0 0.0 0.610681114551083537
42.0 1.0 0.616873065015479893
42.0 2.0 0.625128998968008220
42.0 3.0 0.609545493599106480
42.0 4.0 0.609545493599106480
43.0 0.0 0.591073271413828705
43.0 1.0 0.628224974200206399
43.0 2.0 0.609649122807017552
43.0 3.0 0.628103788985308054
43.0 4.0 0.604691124667067648
44.0 0.0 0.595459236326109420
44.0 1.0 0.608101135190918463
44.0 2.0 0.619453044375644968
44.0 3.0 0.625826961079130495
44.0 4.0 0.605120714838044527
45.0 0.0 0.610939112487100089
45.0 1.0 0.609133126934984559
45.0 2.0 0.600361197110423128
45.0 3.0 0.603831944325113890
45.0 4.0 0.639960477704270114
46.0 0.0 0.628998968008255943
46.0 1.0 0.622807017543859587
46.0 2.0 0.623323013415892691
46.0 3.0 0.612552624795944634
46.0 4.0 0.592275968725835544
47.0 0.0 0.621259029927760498
47.0 1.0 0.599845201238390136
47.0 2.0 0.609649122807017552
47.0 3.0 0.644385256465332068
47.0 4.0 0.619683821634161025
48.0 0.0 0.613519091847265163
48.0 1.0 0.598813209494324039
48.0 2.0 0.614551083591331260
48.0 3.0 0.616118223215052829
48.0 4.0 0.611693444453990876
49.0 0.0 0.617389060887512886
49.0 1.0 0.633642930856553210
49.0 2.0 0.623323013415892691
49.0 3.0 0.605979895179998285
49.0 4.0 0.598977575393074946
50.0 0.0 0.614551083591331260
50.0 1.0 0.608617131062951455
50.0 2.0 0.616873065015479893
50.0 3.0 0.612123034624967755
50.0 4.0 0.611263854283013996
51.0 0.0 0.622291021671826594
51.0 1.0 0.610165118679050544
51.0 2.0 0.610939112487100089
51.0 3.0 0.610834264112037117
51.0 4.0 0.621402182318068541
52.0 0.0 0.618937048503611975
52.0 1.0 0.611971104231166185
52.0 2.0 0.614551083591331260
52.0 3.0 0.603831944325113890
52.0 4.0 0.597559927828851256
53.0 0.0 0.608101135190918463
53.0 1.0 0.607069143446852477
53.0 2.0 0.614035087719298267
53.0 3.0 0.648380445055417143
53.0 4.0 0.616977403557006587
54.0 0.0 0.619969040247678072
54.0 1.0 0.617389060887512886
54.0 2.0 0.614809081527347812
54.0 3.0 0.602414296760890089
54.0 4.0 0.635535698943208160
55.0 0.0 0.583075335397316818
55.0 1.0 0.625644994840041324
55.0 2.0 0.620743034055727505
55.0 3.0 0.616547813386029708
55.0 4.0 0.649239625397370901
56.0 0.0 0.601651186790505665
56.0 1.0 0.642414860681114530
56.0 2.0 0.615583075335397245
56.0 3.0 0.605979895179998285
56.0 4.0 0.606409485350975164
57.0 0.0 0.600361197110423128
57.0 1.0 0.624871001031991780
57.0 2.0 0.592363261093911242
57.0 3.0 0.588280780135750470
57.0 4.0 0.625826961079130495
58.0 0.0 0.608101135190918463
58.0 1.0 0.613519091847265163
58.0 2.0 0.607585139318885470
58.0 3.0 0.635106108772231281
58.0 4.0 0.604691124667067648
59.0 0.0 0.594943240454076427
59.0 1.0 0.607069143446852477
59.0 2.0 0.614551083591331260
59.0 3.0 0.629822149669215570
59.0 4.0 0.615259042873099071
60.0 0.0 0.615841073271413797
60.0 1.0 0.614551083591331260
60.0 2.0 0.642930856553147523
60.0 3.0 0.621402182318068541
60.0 4.0 0.602414296760890089
61.0 0.0 0.641382868937048545
61.0 1.0 0.606037151702786381
61.0 2.0 0.618421052631578982
61.0 3.0 0.626256551250107374
61.0 4.0 0.586132829280866074
62.0 0.0 0.627708978328173295
62.0 1.0 0.617905056759545879
62.0 2.0 0.597007223942208398
62.0 3.0 0.601125526247959452
62.0 4.0 0.615259042873099071
63.0 0.0 0.605263157894736836
63.0 1.0 0.624613003095975228
63.0 2.0 0.595975232198142413
63.0 3.0 0.612123034624967755
63.0 4.0 0.629822149669215570
64.0 0.0 0.602683178534571762
64.0 1.0 0.631062951496388025
64.0 2.0 0.614035087719298267
64.0 3.0 0.607268665692928922
64.0 4.0 0.612123034624967755
65.0 0.0 0.589009287925696512
65.0 1.0 0.634158926728586203
65.0 2.0 0.614551083591331260
65.0 3.0 0.593135149067789302
65.0 4.0 0.596271157315920619
66.0 0.0 0.602683178534571762
66.0 1.0 0.619969040247678072
66.0 2.0 0.619453044375644968
66.0 3.0 0.630251739840192449
66.0 4.0 0.604261534496090658
67.0 0.0 0.593911248710010331
67.0 1.0 0.611971104231166185
67.0 2.0 0.640866873065015441
67.0 3.0 0.627674198814331064
67.0 4.0 0.612123034624967755
68.0 0.0 0.623839009287925794
68.0 1.0 0.605263157894736836
68.0 2.0 0.623839009287925794
68.0 3.0 0.586992009622819833
68.0 4.0 0.628533379156284822
69.0 0.0 0.623323013415892691
69.0 1.0 0.603715170278637747
69.0 2.0 0.609649122807017552
69.0 3.0 0.621831772489045420
69.0 4.0 0.629822149669215570
70.0 0.0 0.597007223942208398
70.0 1.0 0.621775025799793601
70.0 2.0 0.625644994840041324
70.0 3.0 0.611263854283013996
70.0 4.0 0.611263854283013996
71.0 0.0 0.624871001031991780
71.0 1.0 0.618421052631578982
71.0 2.0 0.596749226006191957
71.0 3.0 0.601125526247959452
71.0 4.0 0.653664404158432855
72.0 0.0 0.615067079463364363
72.0 1.0 0.616357069143446790
72.0 2.0 0.623839009287925794
72.0 3.0 0.592275968725835544
72.0 4.0 0.616547813386029708
73.0 0.0 0.613003095975232171
73.0 1.0 0.624871001031991780
73.0 2.0 0.595975232198142413
73.0 3.0 0.623249420053269221
73.0 4.0 0.620543001976114783
74.0 0.0 0.615067079463364363
74.0 1.0 0.627192982456140413
74.0 2.0 0.589525283797729616
74.0 3.0 0.625826961079130495
74.0 4.0 0.598419108170805014
75.0 0.0 0.628224974200206399
75.0 1.0 0.634158926728586203
75.0 2.0 0.598813209494324039
75.0 3.0 0.623679010224245989
75.0 4.0 0.620113411805137904
76.0 0.0 0.592879256965944235
76.0 1.0 0.629256965944272384
76.0 2.0 0.625386996904024772
76.0 3.0 0.614399862531145313
76.0 4.0 0.604691124667067648
77.0 0.0 0.615325077399380804
77.0 1.0 0.614035087719298267
77.0 2.0 0.634932920536635748
77.0 3.0 0.639960477704270114
77.0 4.0 0.604261534496090658
78.0 0.0 0.600361197110423128
78.0 1.0 0.616357069143446790
78.0 2.0 0.609649122807017552
78.0 3.0 0.605979895179998285
78.0 4.0 0.619254231463184146
79.0 0.0 0.599845201238390136
79.0 1.0 0.606553147574819373
79.0 2.0 0.622807017543859587
79.0 3.0 0.631540510353123086
79.0 4.0 0.606409485350975164
80.0 0.0 0.614035087719298267
80.0 1.0 0.627708978328173295
80.0 2.0 0.631062951496388025
80.0 3.0 0.599407165564051825
80.0 4.0 0.609545493599106480
81.0 0.0 0.604747162022703844
81.0 1.0 0.616099071207430349
81.0 2.0 0.641898864809081537
81.0 3.0 0.606409485350975164
81.0 4.0 0.602414296760890089
82.0 0.0 0.617389060887512886
82.0 1.0 0.605263157894736836
82.0 2.0 0.627708978328173295
82.0 3.0 0.609115903428129490
82.0 4.0 0.609115903428129490
83.0 0.0 0.613519091847265163
83.0 1.0 0.597781217750257943
83.0 2.0 0.616099071207430349
83.0 3.0 0.625826961079130495
83.0 4.0 0.623249420053269221
84.0 0.0 0.633642930856553210
84.0 1.0 0.614035087719298267
84.0 2.0 0.605521155830753388
84.0 3.0 0.603703067273820837
84.0 4.0 0.622819829882292231
85.0 0.0 0.615067079463364363
85.0 1.0 0.600877192982456121
85.0 2.0 0.607585139318885470
85.0 3.0 0.605979895179998285
85.0 4.0 0.647091674542486395
86.0 0.0 0.637512899896800822
86.0 1.0 0.630546955624355032
86.0 2.0 0.595459236326109420
86.0 3.0 0.601125526247959452
86.0 4.0 0.617836583898960345
87.0 0.0 0.615067079463364363
87.0 1.0 0.624871001031991780
87.0 2.0 0.576367389060887580
87.0 3.0 0.629822149669215570
87.0 4.0 0.608686313257152722
88.0 0.0 0.605779153766769829
88.0 1.0 0.603715170278637747
88.0 2.0 0.628740970072239502
88.0 3.0 0.627674198814331064
88.0 4.0 0.630251739840192449
89.0 0.0 0.608617131062951455
89.0 1.0 0.633126934984520107
89.0 2.0 0.601909184726522217
89.0 3.0 0.599836755735028815
89.0 4.0 0.606409485350975164
90.0 0.0 0.633642930856553210
90.0 1.0 0.621775025799793601
90.0 2.0 0.623839009287925794
90.0 3.0 0.596700747486897498
90.0 4.0 0.578572042271672804
91.0 0.0 0.604747162022703844
91.0 1.0 0.642930856553147523
91.0 2.0 0.625644994840041324
91.0 3.0 0.618824641292207156
91.0 4.0 0.588280780135750470
92.0 0.0 0.572239422084623306
92.0 1.0 0.640866873065015441
92.0 2.0 0.617389060887512886
92.0 3.0 0.606839075521952043
92.0 4.0 0.625826961079130495
93.0 0.0 0.613003095975232171
93.0 1.0 0.600361197110423128
93.0 2.0 0.642414860681114530
93.0 3.0 0.623679010224245989
93.0 4.0 0.587851189964773591
94.0 0.0 0.599329205366357032
94.0 1.0 0.625386996904024772
94.0 2.0 0.603715170278637747
94.0 3.0 0.616118223215052829
94.0 4.0 0.611693444453990876
95.0 0.0 0.621259029927760498
95.0 1.0 0.609133126934984559
95.0 2.0 0.645252837977296156
95.0 3.0 0.606839075521952043
95.0 4.0 0.601555116418936331
96.0 0.0 0.623839009287925794
96.0 1.0 0.639060887512899911
96.0 2.0 0.598813209494324039
96.0 3.0 0.601555116418936331
96.0 4.0 0.627244608643354296
97.0 0.0 0.610681114551083537
97.0 1.0 0.611455108359133082
97.0 2.0 0.600877192982456121
97.0 3.0 0.644814846636308947
97.0 4.0 0.605120714838044527
98.0 0.0 0.621259029927760498
98.0 1.0 0.603715170278637747
98.0 2.0 0.620485036119710953
98.0 3.0 0.618395051121230388
98.0 4.0 0.601125526247959452
99.0 0.0 0.638028895768833815
99.0 1.0 0.613519091847265163
99.0 2.0 0.599329205366357032
99.0 3.0 0.609545493599106480
99.0 4.0 0.620543001976114783
