-1.127651565516608057e-01 -8.312303631184887742e-02 9.949395201728637728e-02 3.122735660725998175e-01
-1.891385457855379870e-01 -1.325164127800851181e-02 1.219503920142334941e-01 2.921373271822189643e-01
-8.931302487051180627e-02 -5.670860780292739933e-02 3.509485178955867174e-02 1.105763999603970454e-01
-8.312569926011859067e-02 -5.181388764151474008e-02 2.249092165710727190e-02 9.921636812684433981e-02
-6.877676373492128126e-02 -5.049896361664672068e-02 4.899571571146485449e-02 1.115105968320843077e-01
-7.107793296134005956e-02 -4.074209096479952663e-02 4.948353532367948809e-02 1.257476480049906364e-01
-1.325830162467327156e-01 -8.069793513517820038e-02 7.960188049618505124e-02 2.750313943293852814e-01
-1.006899391713609870e-01 -5.592865243753395582e-02 2.958293634584758733e-02 9.314018080378461129e-02
-2.880566690430115262e-01 -1.087079097425976831e-02 -4.235743667613271063e-02 4.842719038737869908e-01
-4.720824092421544577e-02 -4.614784952566995668e-02 5.374275271954428307e-02 8.926446110255599475e-02
-3.965372681038988878e-01 1.299034948986437232e-01 4.811177726010809619e-02 3.491519688804368138e-01
-3.677809968954101061e-01 1.778874610633158354e-05 3.129849965422196872e-02 4.282538902825508420e-01
-1.641996597973392757e-01 1.046932184044371481e-02 -3.709642550431065111e-02 4.830099666153293558e-01
-2.304784270305907934e-01 -1.662508456311896990e-02 1.179544383312083888e-01 3.795847790013732181e-01
-1.535325387056935553e-01 -7.735638888645451905e-02 4.944649360769851759e-02 3.028701778698364433e-01
-2.200548681319858535e-01 -9.978459870569220125e-02 2.060302399711964536e-02 3.020348803096590817e-01
-3.898316113605818090e-01 1.839305489079358646e-01 1.222976353500896118e-01 5.358904434463328537e-01
-8.092038738039922241e-02 -4.264812781324929525e-02 3.757888745903762567e-02 9.248545163766050403e-02
-9.158167159280700131e-02 -8.938972227298210005e-02 6.594131785869293549e-02 2.548788299217068509e-01
-6.667108804356561280e-02 -5.162142333580412024e-02 4.230751153596735981e-02 9.791725252171826210e-02
-2.782440824466927976e-01 -6.146336993935758858e-02 6.510679828212029285e-02 4.561629945547970855e-01
-2.981502901054915999e-01 -5.757596820039427576e-02 -3.282637878471239903e-03 3.130330991488162740e-01
-1.901057992004546449e-01 1.307681223935677414e-02 6.308854236832557583e-02 3.574564676816068820e-01
-2.530733794571860540e-01 4.646952351803667475e-02 4.833192232769412816e-02 4.004758444362756520e-01
-1.661213999440993294e-01 -3.200439159610276186e-03 5.856825044824393034e-02 3.045795143577758046e-01
-7.616233350806372870e-02 -4.105593199448723252e-02 2.541878335969860112e-02 8.499703962470930851e-02
-5.629623101362126597e-02 -5.203167679587952787e-02 5.306586971581887802e-02 9.499483519874077353e-02
-4.348131821356183146e-01 1.068772692847034661e-01 6.780510552539481539e-02 4.375696927773251588e-01
-1.452143693161420945e-01 -9.321452594455546456e-03 5.421610093095071553e-02 3.128664604305501640e-01
-2.686572736963941943e-01 -5.627730269069787516e-02 -1.932481322025888029e-02 5.369954989964721426e-01
-1.468860827223772980e-01 -2.167277011539399043e-02 1.469000263788862448e-01 3.771381932627665967e-01
-8.301417177074826848e-02 -3.892955105116397557e-02 3.188562356441400347e-02 1.084919267441574187e-01
-1.978280727846301323e-01 -1.288713450238626601e-02 3.270988111387245628e-02 2.561119617761249967e-01
-7.882257746192486425e-02 -5.933697960678799288e-02 4.464316075855334631e-02 9.792005992826920135e-02
-6.472607211947145611e-02 -7.458530797115746347e-02 4.031254202874921116e-02 8.211979119754932166e-02
-1.766589474502257562e-01 4.563783625672121480e-02 -1.145288063797288494e-02 4.865013992215788119e-01
-2.421356847222746467e-01 -1.225241792210081046e-02 -9.498210640066145904e-03 4.456613548528621238e-01
-6.686528650212660019e-02 -6.653594918859433160e-02 7.490866317149420806e-02 1.134600415561414638e-01
-2.770158060726265470e-01 -4.285123254308573909e-02 3.977170263707939524e-02 2.505386140412274587e-01
-2.012520391609910753e-01 -2.650951850228180223e-02 2.836510213348366130e-02 2.741391019794311434e-01
-8.223736288414762452e-02 -5.243778647054233438e-02 2.312796711330866728e-02 9.463994854146021152e-02
-7.518704842147094780e-02 -7.090757553919001255e-02 3.395050280703351686e-02 1.012219304246671919e-01
-2.099183580371231372e-01 -5.950951429643755453e-02 5.651626194864737412e-02 4.341565202899353992e-01
-1.690916876109500588e-01 -8.207622182581718979e-04 1.421890988470299599e-01 2.650043040748939482e-01
-2.002346726663210841e-01 1.685404832766441985e-02 5.647003199772720333e-02 3.078308141258411235e-01
-1.571533460784851621e-01 -7.405636769310137979e-02 5.515310296814662783e-02 3.095740602411460873e-01
-1.446521085483900571e-01 -3.983322020701109134e-02 5.842856645171701224e-02 2.880381640733324922e-01
-2.168173220146183688e-01 -6.706162646801176741e-03 7.213206576889898136e-02 2.702936304247832711e-01
-6.916929179830710872e-02 -4.654429405486767979e-02 3.787424372218579915e-02 9.754058991538784584e-02
-3.421712566608081652e-01 -1.313273253665245277e-02 3.689483798049082719e-02 4.478660769796833918e-01
-1.504559994593687444e-01 -8.312815138585027963e-02 -7.083965339064293709e-02 5.256911411457753092e-01
-3.588589640748375831e-01 3.002894735781897265e-02 1.898086586331783621e-01 3.723801076692038192e-01
-5.832703577800300854e-02 -4.202043465804018024e-02 3.572802951746889555e-02 9.324420461045158925e-02
-3.617930541266900502e-01 7.263052288268072310e-02 5.592789591871504679e-02 4.277539172669410639e-01
-7.189467962944860735e-02 -3.702130756935870931e-02 3.005167782567519028e-02 1.004024567723478534e-01
-2.222324960333678379e-01 -7.725591801975953410e-02 2.988741963361144990e-02 3.174178781325488474e-01
-2.525843057087275301e-01 5.294560940020856532e-02 -1.408999072608990190e-02 3.848802805412539496e-01
-4.888655039749147807e-02 -4.493589620804326612e-02 6.298727034916709600e-02 9.061489021253700538e-02
-2.555583750952108990e-01 -1.720212652386456098e-02 -1.451354364281069471e-03 4.183704260863740365e-01
-2.225631010927181241e-01 -3.274000783871693077e-02 8.229571613853220446e-02 3.455205937938573002e-01
-7.944807328458841633e-02 -5.518652287825910607e-02 4.487097131849959730e-02 1.107234627923924242e-01
-3.094719543297284048e-01 5.317274546340487740e-02 5.055150320905937161e-02 4.360871582555341797e-01
-6.510204134109748297e-02 -5.339685014442462074e-02 5.087784189904078630e-02 8.937999409696691100e-02
-7.104561135641362934e-02 -5.083209314480410801e-02 4.421353183658219971e-02 1.082515752741080861e-01
-1.561595009692608726e-01 -4.691551398506709630e-02 3.660412699583202173e-02 2.780069471650826740e-01
-3.630036826454157706e-01 8.268381014774592308e-02 5.678979016072824987e-02 4.436443460266883410e-01
-1.348195901428289600e-01 -3.731182037296622983e-02 7.676434863624805038e-02 3.216710811641353973e-01
-2.078124098647475271e-01 -7.989855601909805205e-02 4.329659749012472469e-02 3.203343124880941861e-01
-5.577869496790778536e-02 -3.792353886571840638e-02 3.177326662926113765e-02 7.841950509917791634e-02
-3.457575215800192669e-01 2.246676729217158761e-02 3.507737993323425257e-02 4.331522514502122445e-01
-3.702357076666802915e-01 1.425845265163283859e-01 1.186519051138363173e-01 3.529075632627056702e-01
-1.450591563727954558e-01 -2.814347262387957224e-02 5.535821730659796353e-02 3.538995622176437927e-01
-3.002076080309263872e-01 3.569716209851094002e-02 5.255295489723334212e-02 3.799721567869657757e-01
-7.738503203605384684e-02 -5.584129954459722545e-02 3.776505754436933204e-02 1.079399866496408428e-01
-8.362252984464854655e-02 -6.023865538785426466e-02 4.569790633773092303e-02 1.263163781380664541e-01
-1.324663271595225844e-01 1.953227145025223863e-02 7.779720420872761333e-02 2.832642118911121165e-01
-2.555088600412939170e-01 1.227429801909516068e-02 5.754800162428017757e-02 4.656614205066990642e-01
-9.868665810287939599e-02 -7.686000674939126587e-02 2.856065223531722638e-02 8.662763143851349990e-02
-2.910610738011904508e-01 -5.448588578650243042e-03 -1.339022880200419451e-02 5.004353424241916315e-01
-1.908302499828591348e-01 -1.454569663574481822e-02 6.333753902424796300e-02 3.027451697761420757e-01
-1.459193159184408450e-01 -9.330636812067272245e-02 9.724675086392141343e-02 2.659342712235516215e-01
-6.639113465293607075e-02 -4.423502543393932618e-02 4.606456352539661098e-02 1.050905512104599732e-01
-2.320134354211692285e-01 2.574744729928024958e-02 5.006480184901877795e-02 3.056599397316048794e-01
-8.752336468376462064e-02 -5.731391924848538294e-02 5.311287988260021686e-02 1.083587844061808247e-01
-1.414944407415329730e-01 -1.020081309858512364e-01 -5.075491342332055095e-02 3.904821935060989735e-01
-2.121243877083104357e-01 -1.241534354460572219e-02 -6.951938493489728810e-02 4.973605314044309278e-01
-1.527685129312274792e-01 3.431776234707544187e-04 1.138162697465176371e-01 3.077573929188728852e-01
-1.984033443045065126e-01 -6.689114324637632225e-02 1.118227980382174580e-01 2.881291703256970149e-01
-7.953404045439681214e-02 -5.990978854365863748e-02 3.050855070935407087e-02 8.553373286104991313e-02
-2.972840019653751886e-01 1.601195732592277515e-02 -4.379417563611655989e-02 4.545158925181549403e-01
-2.831845949587370459e-01 3.629898156589485281e-02 4.805224043808225404e-02 4.054320863851639256e-01
-2.002962634177799794e-01 6.382214015770172610e-02 -1.193264411592539001e-02 5.347142794238550767e-01
-7.435688031071142901e-02 -7.374763230790847002e-02 5.358593101866780672e-02 1.026200491803078013e-01
-3.801640234961383147e-01 1.418665058317738759e-01 2.519695447467450861e-02 4.575190591766967740e-01
-7.720207695936073811e-02 -5.662041214788551824e-02 4.111726906468169546e-02 8.740023747173143731e-02
-3.930161789573693443e-01 8.313742904208336337e-02 6.313086431419183409e-02 4.712467099864092734e-01
-1.799628067311561108e-01 1.099452956504187598e-03 3.414992875658304228e-02 2.930299902048737470e-01
-7.823976658908042559e-02 -6.273886768642983336e-02 5.076614394457110158e-02 1.036496178275348873e-01
-1.906026595805959123e-01 -4.309453661049779394e-02 8.122311563781171861e-02 2.357195801038031446e-01
-1.012316223437412926e-01 -1.013206204229765706e-01 4.384304690905659746e-02 3.011447872662139091e-01
-6.462648873479884259e-02 -5.526019918890611587e-02 3.894223810960397575e-02 9.426024217588035992e-02
-7.508025371281641658e-02 -5.117960890306570004e-02 2.586714421635802341e-02 9.154540992095536178e-02
-6.594216772208263966e-02 -5.048125595953464884e-02 5.813007213566949438e-02 9.901835676828368848e-02
-1.980097010094369891e-01 -4.063409918469321203e-02 1.218345983566251206e-01 3.103868308296205414e-01
-2.023917071881727037e-01 -3.003816474891428737e-02 2.372820637261672388e-02 3.414170265350379707e-01
-1.779616499283924180e-01 -9.688413383880420393e-02 8.743718777582888679e-02 2.736429598669642971e-01
-8.136799497453976737e-02 -4.392003076751735402e-02 3.082727146757429509e-02 9.294147733335388073e-02
-2.613532448370459726e-01 3.249822669418080817e-02 1.612203719263801543e-02 3.823989861348149888e-01
-1.722008506840967124e-01 -1.989986162385744273e-02 6.428368987620795838e-02 3.513701093616426463e-01
-6.898524662184106482e-02 -5.763795604071191708e-02 5.143002034461623823e-02 1.040771981954754649e-01
-2.736069301041585411e-01 1.908505660872003920e-02 2.452424309651028266e-03 4.435607598164417187e-01
-7.444273386581203023e-02 -5.327139368152685600e-02 4.165374083660300375e-02 9.971422786531018712e-02
-1.965315510407265875e-01 -5.907835497151325138e-02 6.554458370515317545e-02 3.082035406388347054e-01
-7.379166388250703312e-02 -4.882344627699952005e-02 3.150851643095009536e-02 9.070169222479428084e-02
-1.648188281974573011e-01 -2.907586483857571916e-02 9.427815412643242299e-02 3.142682097034991684e-01
-3.467148636938128248e-01 7.404163493473374380e-02 2.449245439417066864e-02 3.995056123752445121e-01
-8.052163976887545538e-02 -5.591899006747817064e-02 4.341459411900680521e-02 1.041734602150800326e-01
-5.133622586671430371e-02 -1.915254818176661752e-02 3.809706486649991342e-02 1.081636858357400838e-01
-1.374288338039963420e-01 -9.885994465117939334e-02 9.257747647820060988e-02 2.778973356360457392e-01
-3.093726244697965755e-01 -3.391740303214921259e-02 4.748792117344511482e-02 4.029867216211516778e-01
-5.052374050038326014e-02 -3.446314167441285464e-02 6.484343973877061684e-02 1.009585250513111016e-01
-2.888231091897922043e-01 -2.281587272194282243e-02 9.982683382262430918e-03 3.975882454739664840e-01
-5.235916367308521974e-02 -2.865299625234750749e-02 3.594911301635246581e-02 1.105762156908752791e-01
-2.973515658259474614e-01 -3.675721497510551355e-02 -2.074004047297122247e-02 4.266014515551574404e-01
-4.464486897578464619e-01 6.137101344515543538e-02 5.788376920886640492e-02 4.646115468498552281e-01
-1.789085476243208184e-01 -5.248182060404493060e-02 7.528007359660311704e-02 3.127605640334399362e-01
-8.382987408688571951e-02 -5.910511314993055487e-02 2.615063024396477309e-02 9.413807490625523966e-02
-2.391502864046703702e-01 8.825542375921407307e-03 4.826292325026241420e-03 4.178868747170729203e-01
-7.915744568722750396e-02 -6.295507691824295260e-02 6.036711441103129877e-02 1.032164416248559508e-01
-2.698332187006392546e-01 9.813360509019976308e-02 4.772251561515196416e-02 4.330017302533659129e-01
-2.967146404370958890e-01 2.512563089255687859e-02 4.771574935813860385e-02 4.613905208484528897e-01
-2.531252450546500055e-01 1.648707957455536333e-02 1.275318485051414943e-02 4.709486838437453859e-01
-8.095310893852045164e-02 -5.259513723459940948e-02 3.899059476200633645e-02 9.873898631391543612e-02
-1.628393858472604872e-01 -8.752232863621777371e-04 6.789671464506301379e-02 2.483764921438577078e-01
-7.089473044855869321e-02 -6.837050264592064996e-02 4.373677380305789064e-02 9.967910518009825971e-02
-1.319337199986393150e-01 -3.853059407622749788e-02 9.268978427577879986e-02 2.514049651763949345e-01
-7.712632407551731073e-02 -4.650498649911794652e-02 3.635674159348573076e-02 9.675223631323771889e-02
-2.157595564715548697e-01 3.368640175893686944e-02 1.191107465378103865e-02 4.762397685215666310e-01
-3.170431445216490007e-01 4.653723344302967274e-02 7.311041357189336509e-02 4.330517127872286487e-01
-3.571688896836857641e-01 -2.602744416524958165e-02 -1.482931324345165315e-02 4.371841630898267161e-01
-8.240281577089478282e-02 -6.451417416644109060e-02 3.945484130087753560e-02 9.834603760118384996e-02
-3.184291711384117929e-01 8.369349976914701450e-02 -6.997514053634754094e-02 5.861952697854058147e-01
-2.552941856862517844e-01 -2.455715288096016469e-02 4.911586421963407695e-02 3.763580650260603955e-01
-2.653717842112918168e-01 4.646582093461203850e-03 2.749108737195798263e-02 4.395682660118415130e-01
-2.924605722720703405e-01 1.070059163405461117e-01 1.332375762891125082e-01 3.146015522852313451e-01
-2.963684578646528789e-01 5.860195772278543186e-02 1.515957250993378331e-06 5.035651273970538355e-01
-5.600168280940173715e-02 -6.136005083252936421e-02 3.955468595233539719e-02 8.643095625236528468e-02
-7.445659156210865381e-02 -6.234734440113048892e-02 4.963117491648822571e-02 1.125038715019905933e-01
-3.684680652363003239e-01 8.116835579252118515e-02 4.523433657808289404e-02 4.333305222005213730e-01
-2.108420024473769416e-01 1.537037882205389595e-02 9.061861226987069640e-02 2.645793866139605766e-01
-3.834741863357566949e-01 6.900026403154350951e-02 2.732496865959315596e-02 4.603141961118228376e-01
-8.107989938349938197e-02 -4.872282031965204097e-02 2.862940463655032353e-02 9.692952444311662974e-02
-3.597501079229235010e-01 7.013320094990437015e-02 1.047570653111279948e-01 4.617351218200329566e-01
-2.174223112906998046e-01 -4.996774397254044597e-02 -8.211743265878116912e-03 4.750987913739633806e-01
-1.836128086607506371e-01 4.072309670594836256e-02 4.039029932900922715e-02 3.678190821561760360e-01
-1.713940832814181969e-01 -2.381516067229473219e-02 5.599420044581793210e-02 3.186368062309269389e-01
-6.316622141512169553e-02 -5.071795952654313544e-02 2.836721841452588544e-02 9.179021041647615620e-02
-4.156938494119385985e-01 2.149547964386876175e-01 -1.788478951097280823e-04 4.835815841396032266e-01
-2.049031414770477177e-01 -1.136502321694975309e-01 1.779890397980839756e-01 3.350545593071793116e-01
-3.655682522803017642e-01 3.724977173068819841e-02 2.220281719104778145e-02 4.446923842421677264e-01
-1.518833659103999700e-01 -2.386584684578869561e-02 9.653406252435195456e-02 2.285031294914573741e-01
-2.682419014902588383e-01 9.524492747552423810e-02 5.916672710660996620e-03 5.193936351230086235e-01
-8.360204166835454032e-02 -6.710555826572202343e-02 4.875713124089131600e-02 9.270583977755025851e-02
-3.023098066094846437e-01 2.674740198880752942e-02 3.408404779903144444e-02 4.660478443697779194e-01
-3.269201664791651640e-01 1.660569059527813168e-02 -5.203862381936330550e-02 4.902468137292413930e-01
-2.159735989868728223e-01 -6.115532685667945945e-02 3.066047612221622920e-02 3.495257992930924096e-01
-6.576188043438356556e-02 -5.439118734147908168e-02 4.983893955454266056e-02 1.104954324485059036e-01
-2.133931421675280826e-01 -1.413297580046128828e-02 9.252953192304534669e-02 3.056667313490989413e-01
-2.258675842149946433e-01 4.731727177892766298e-03 5.220116491890389870e-02 3.711878297090780987e-01
-2.527772072140146986e-01 -1.576525908789839017e-02 8.360164675623345254e-03 3.408074522599875422e-01
-6.844874658085874086e-02 -4.918823097187242921e-02 5.183399014812623690e-02 9.906092050740436528e-02
-3.018689834631350100e-01 7.759914340002503630e-02 1.962500981002395645e-02 4.626323782773130167e-01
-5.976686436864676183e-02 -5.672573198863230248e-02 4.232161671286290006e-02 1.039727726576941680e-01
-7.509696689873412989e-02 -5.350756320319855625e-02 4.150473729326744493e-02 1.136384498932382497e-01
-4.168560783942316661e-01 1.314357653090474920e-01 9.746268024190035684e-02 3.122733112213122442e-01
-7.421596039821415358e-02 -6.003566801937525871e-02 4.901714339464840337e-02 1.031995704983339340e-01
-2.031275220509945745e-01 -3.973247137011151620e-02 2.991867777040310358e-02 3.104060127434984384e-01
-1.623476757520791181e-01 -4.042848928195052344e-02 1.053220103956250125e-01 2.968594850652470085e-01
-1.242528449614056368e-01 -6.206904559666034243e-02 6.160911747640392816e-02 2.510991356187390888e-01
-3.587492569477670479e-01 7.535594448804244783e-02 7.427755786442831942e-04 4.319848772688816840e-01
-2.045022872995474472e-01 -5.603313321693401822e-02 1.178709553568903501e-01 2.876962878719461769e-01
-1.747361805172397420e-01 -3.093160083757217835e-02 6.321251359901598754e-02 3.127898616033966683e-01
-2.341094788693168227e-01 -7.384807949878273436e-02 -1.505742319043794179e-02 2.974929983105441544e-01
-2.422866173671733847e-01 1.578734806513257694e-03 9.966474911203265785e-02 3.275226036458355194e-01
-5.933005698355586083e-02 -4.354959816914152210e-02 3.659676275809831819e-02 1.017495508279770838e-01
-6.468639494722630556e-02 -7.285512024682742893e-02 5.095285859411582963e-02 9.609594619221535627e-02
-3.676924421732294945e-01 1.764347247314882183e-01 5.164003087699468864e-02 4.626679837171727150e-01
-8.286184990639672288e-02 -4.812779710343727951e-02 3.929772880346152353e-02 1.018103941514374444e-01
-1.661533082554313145e-01 -6.024656081834321719e-02 -3.445215655668008164e-02 3.899537041946842253e-01
-3.567808438408595073e-01 1.054962495037075759e-01 7.863533776536830999e-02 4.797666238027530894e-01
-2.383045044805020551e-01 2.304048696767798873e-02 4.745627197388248286e-02 4.027523453941701526e-01
-6.864309438360541304e-02 -5.101621410363098297e-02 4.076881732245071083e-02 1.111958072326215546e-01
-2.672807991834332264e-01 5.841988338403390768e-02 2.103309234392969004e-02 4.222422023775154742e-01
-4.787503050401413218e-01 2.585779333151591586e-01 1.318160093786545084e-01 4.772916158809260012e-01
-8.597917135845560554e-02 -8.137819000291564298e-02 3.530778360967217616e-02 9.332033018032359628e-02
-2.169685548907011041e-01 -4.016350613988611817e-02 2.487023488033031360e-02 4.099823872189475304e-01
-2.224669653856127804e-01 -7.679558456716273351e-02 4.384671829778417559e-03 3.762419256092564557e-01
-2.343388165533319967e-01 2.076442115109700462e-02 2.936332764825757766e-02 4.430647505935673136e-01
-3.425979261070731252e-01 1.958432598525247301e-02 9.618562591607295043e-02 3.787849855659628506e-01
-2.158761641782026286e-01 2.918094457770248340e-02 3.876590335985376223e-02 3.154796772718226339e-01
-2.213708307560372790e-01 -2.494672094013880570e-02 8.304776736878324850e-02 4.508464279637931504e-01
-2.442330691978644441e-01 -3.229216537487833438e-02 3.168786688106341870e-02 4.009478587475453493e-01
-7.122879422970293528e-02 -4.528323789869652394e-02 3.533182260755299287e-02 9.504420736981195050e-02
-1.768740085727593947e-01 -4.234982174773568170e-02 7.765876631314788670e-02 2.733323424404712765e-01
-3.900078447837299622e-01 1.312118990198805069e-01 -3.187173003249709619e-02 4.981665645269718889e-01
-2.472765227864594517e-01 7.441061719648378765e-03 3.070941866144820398e-02 4.840156240733550219e-01
-4.011084700245488854e-02 -3.515659496562886094e-02 4.607646799953291766e-02 8.977800391556038651e-02
-3.108632234456610299e-01 3.305381253707649972e-04 2.008919770910638433e-02 4.459835865734649851e-01
-7.537702773049402560e-02 -4.399743018672975375e-02 3.224184017373950273e-02 9.161146936531266993e-02
-4.813886453565964230e-01 1.393235123559183053e-01 3.792826649212034662e-02 5.088182821438805847e-01
-3.141095031081063693e-01 8.355723564337215470e-02 2.067668908156059318e-02 4.445433291134726628e-01
-1.367662370649192494e-01 -5.003014964589010821e-02 7.470647832889526496e-02 2.727708340302754664e-01
-7.607750325798580404e-02 -5.882043406759086129e-02 3.844147036161670028e-02 1.198731225221042473e-01
-3.267389837442097877e-01 5.795140123304137574e-03 8.651540938055347907e-02 3.368348611288818351e-01
-2.732192118392921532e-01 7.198802121164568635e-03 5.725779972054276246e-02 3.610131102063155462e-01
-3.092555887599842124e-01 -6.829836928829704709e-03 8.730067952537855225e-02 3.772477676243148892e-01
-7.837806927842998206e-02 -7.506302437501669034e-02 4.431027846457361030e-02 1.072762931686278287e-01
-2.824895235288649720e-01 4.831220138518541041e-02 1.507768491001350124e-02 3.981070518802159452e-01
-1.698717655807696347e-01 -2.623943784625179174e-02 2.969881674314197098e-02 3.196336874281907603e-01
-3.550964010091610112e-01 1.817599515947596334e-01 1.163839241241888811e-01 4.038627858791588587e-01
-5.615261806310786058e-02 -3.977660520462585059e-02 4.138142323850785287e-02 9.580968936292746929e-02
-2.680763655634241238e-01 -3.509266098633790840e-03 3.274315586374609843e-02 4.789815400775496723e-01
-2.794591494002314214e-01 -1.600907867133556303e-02 2.455925868115665239e-02 2.808025890791500667e-01
-2.236723408518224154e-01 1.284816783996552136e-02 3.648040596055134727e-02 4.458859201324684718e-01
-6.634029128884980087e-02 -6.302410820950903048e-02 4.803043855757357233e-02 9.275864276546315346e-02
-1.476176338681932099e-01 -5.425384852755297388e-02 7.898201100638743699e-02 2.579658832373573629e-01
-4.013934657853261423e-01 1.609271177017766175e-01 5.382424583134340357e-02 4.312575671257249388e-01
-1.602932099308965463e-01 -9.813593107568506502e-02 9.165503773269642607e-02 2.827259409346218333e-01
-1.947931045778029113e-01 1.464900589622986429e-02 5.647616625683628960e-02 3.866078717328368941e-01
-4.496317997889325291e-01 6.107554080626381721e-02 -1.031534474041191501e-01 5.774652329116963800e-01
-2.220247877534187453e-01 5.662017614262639803e-02 7.333256975845749148e-02 4.138392314426813101e-01
-9.975408554997815258e-02 -1.032862328070627694e-01 2.009054688490696100e-02 3.822978419257011540e-01
-2.391530305033031656e-01 -3.351504101708974864e-02 3.277230110590238776e-02 2.900155154670852053e-01
-4.511537330376697574e-01 7.186796406586093422e-02 7.468364320248687717e-03 4.283161523623441047e-01
-2.558335722700155190e-01 1.432187589181150092e-02 5.737575045989333489e-02 4.481281784944391999e-01
-8.383406529272048602e-02 -5.728456164828695657e-02 6.824710873199815730e-02 1.032548383283210108e-01
-6.694185668336358197e-02 -4.818919462792998348e-02 1.751717090431885795e-02 8.456564321150364383e-02
-4.147024464944422673e-01 1.966578725941284522e-01 8.684027905563088123e-02 5.114625846220626215e-01
-2.196138409155095894e-01 1.688387773975171674e-02 -4.339900615702743658e-02 4.967170159660141415e-01
-2.292242706656311413e-01 -5.645367401953936548e-02 -2.103431657000121718e-02 4.667823940249356540e-01
-6.955205629956645597e-02 -6.601620965475592240e-02 4.965553444739378985e-02 1.018159848863336298e-01
-6.545213311836287073e-02 -3.641698219773031875e-02 5.387583502421483539e-02 9.244872252419120140e-02
-1.813731992758755573e-01 -4.244278630183160456e-02 6.350166194765273497e-02 2.988149209772207882e-01
-9.380789296345429240e-02 -8.629094729992996260e-02 3.276991257549525388e-02 9.162171533498460196e-02
-3.584737021270326118e-01 2.748968463571904164e-01 -1.064379854139375220e-02 5.910806361682786614e-01
-2.703196055941707865e-01 7.129247868321018401e-03 -6.317214457321988904e-05 4.630214466901225734e-01
-7.401118695763732325e-02 -5.633077265047536225e-02 3.943175358218319743e-02 1.049056131206989317e-01
-3.840856865710095547e-01 1.092081638155588397e-01 -2.440055921388776736e-02 5.207543314930684897e-01
-5.755589356246712529e-02 -4.307543607778282352e-02 4.503400077099967841e-02 9.204942688518204241e-02
-2.873262880620801041e-01 3.343524689892130031e-02 1.440594216314440568e-01 3.212750215362124018e-01
-3.604405570737916897e-01 1.434684245567326710e-01 5.402195300337144651e-02 4.230344273103786579e-01
-7.572501964113249884e-02 -6.103427548341628511e-02 4.497983511883171803e-02 9.980714840177394576e-02
-2.090239590602154252e-01 1.183695695923432656e-02 8.220142580171450886e-02 3.869261468277988558e-01
-7.150533921014992633e-02 -4.644230215459120570e-02 1.934660146910766043e-02 9.795594963964834867e-02
-3.129493490664280730e-01 2.459809401379037079e-03 6.651443783591826087e-02 4.613781396943230639e-01
-7.137338109030640088e-02 -4.056446538493096304e-02 6.328019653984652548e-02 1.075182548952021283e-01
-7.982986284855542181e-02 -8.083647099209584352e-02 3.101148414391799793e-02 1.020947059703963683e-01
-1.362390085864820521e-01 -4.638118393766672842e-02 1.008464385017936865e-01 2.531207185607768917e-01
-3.339052882278349954e-01 5.358762849727480987e-02 7.877252844021354061e-02 3.770127351184294762e-01
-1.805196463786642724e-01 -1.353603198078048506e-02 -1.027162670349747106e-02 3.292917212888461509e-01
-7.636012208059600459e-02 -4.008785117759498806e-02 2.738202820813314883e-02 1.002007101251286697e-01
-2.308807132417220742e-01 6.232739376655022090e-02 7.472797710048356690e-02 4.437366196414803676e-01
-2.240845282329370913e-01 -1.369430468858050531e-01 -1.513762751910296793e-02 4.167294655552916671e-01
-3.507807739717147544e-01 9.710710554114986015e-02 1.837676184073233632e-02 3.938427792846884157e-01
-6.536874343364536266e-02 -5.745282436746165788e-02 6.186190836132211823e-02 1.102480270110737931e-01
-1.824388434859578467e-01 -6.674215733090088642e-02 1.034827022812851577e-02 4.492197243357706760e-01
-3.694220816172537614e-01 7.953777042545571996e-02 1.085756994166388600e-01 3.633086433588688102e-01
-1.795405714648941609e-01 -5.123911299123789370e-02 -1.501003084721967001e-02 4.111863041733738733e-01
-8.004525903034309664e-02 -5.682542622879198368e-02 4.561063676882223111e-02 1.146693754874287680e-01
-7.435556928475005323e-02 -3.799908069496731045e-02 4.219493094725219190e-02 1.028685850433423699e-01
-1.859295961262946995e-01 -1.931443399245523149e-02 5.550228762869331006e-02 3.307567718167231940e-01
-7.809046398236321740e-02 -5.509266193656683908e-02 4.564918209059158627e-02 9.614918010442997931e-02
-7.546160845140945095e-02 -5.998327688568420163e-02 4.982248774558011017e-02 9.002977696405173313e-02
-5.848613021709782311e-02 -4.092137574061389255e-02 3.632443472219092084e-02 1.043081015767505920e-01
-1.807052256032471715e-01 -6.253284249155206809e-02 6.280935026022989309e-02 3.103245041101184709e-01
-2.415645715672324889e-01 3.486533451502862868e-02 3.382900606632655710e-02 3.373472388863367200e-01
-1.592723067832614858e-01 -6.719833402784677889e-02 7.059963666179371045e-02 3.384176659479745664e-01
-7.746467018584328457e-02 -6.120100137405210666e-02 4.707821718693457058e-02 9.242947169648919881e-02
-8.343066378734474708e-02 -6.226076058054050288e-02 3.939836395276895276e-02 9.930982901649311467e-02
-1.712867890026394668e-01 1.044689391478889791e-02 5.848462425864209280e-02 3.468481015838029147e-01
-3.817002360768942393e-01 1.352640902054725591e-01 8.252203739232442936e-02 4.017323142468551267e-01
-1.687489196196526320e-01 -5.014205643684236519e-02 1.097893377362360763e-02 3.107159406019999737e-01
-6.609099578825482213e-02 -5.389508945236151649e-02 5.176830384547152081e-02 1.147455821384325558e-01
-6.580718824248298071e-02 -4.637152955437112006e-02 5.248738079890609420e-02 1.015958396310921719e-01
-2.913071069546778746e-01 -3.605016955801163686e-02 1.624904517393418318e-02 3.784200538228129074e-01
-3.089613942242689371e-01 1.199813788496443268e-01 1.526340762362041192e-02 4.123148311431849011e-01
-2.627200562991089949e-01 2.744707830529282896e-02 -2.915617081857562951e-02 5.187589648169707024e-01
-6.908251309757418301e-02 -7.062741502896768830e-02 6.400958404859435902e-02 9.215806978534080152e-02
-2.478914958648850142e-01 8.148878562941792164e-03 2.333431525778296295e-02 5.159002870468427648e-01
-8.819940018793874514e-02 -4.704857563873484499e-02 2.303532178379413473e-02 9.556171234354043920e-02
-1.537936446780041044e-01 8.551834562759162706e-02 2.378907378537077622e-02 4.167153761771897336e-01
-7.717824879339116317e-02 -6.518183202520551334e-02 5.278762096096386441e-02 1.008376522227889538e-01
-7.914472926150839527e-02 -6.148802815888478046e-02 4.735542901035753871e-02 9.664062416535984523e-02
-4.120082917041754111e-01 1.291075499635825075e-01 8.285188293007358581e-03 5.285281786923056169e-01
-2.921774993909216356e-01 1.761775501335515956e-02 -3.577196903497763258e-02 4.807390323601277160e-01
-1.629847339894625602e-01 -8.258812586610526571e-03 2.497125799706285607e-02 2.631260593938957171e-01
-7.860311151395554807e-02 -6.695775401265305349e-02 5.488221414070917903e-02 1.032690444718746270e-01
-2.475133478711096513e-01 2.519569879616722491e-02 4.512378105212110080e-02 4.129568253455564442e-01
-3.466902056205926064e-01 1.877414550460548143e-02 -1.256293131452843048e-02 4.905347205245999542e-01
-2.533908300814622372e-01 2.689608714712829474e-02 6.980821851491014751e-02 4.105028531856552143e-01
-2.247743541459467087e-01 -5.663634507874029146e-03 7.327684417399493721e-02 3.747471732471064909e-01
-3.266349077838442416e-01 2.868265517115010932e-02 -5.198311061984881021e-02 4.677519696104842084e-01
-8.065948883497173205e-02 -5.973863319386358423e-02 5.047638577479950095e-02 1.102034972520406914e-01
-8.400151130703316371e-02 -5.748411878312528062e-02 4.376578357035661865e-02 1.035789580486635442e-01
-1.184145545866368554e-01 -1.983597219581501037e-02 5.946147876850962910e-02 2.705412159332740152e-01
-8.964312117768218069e-02 -7.741975598869965669e-02 6.178140474868752674e-02 1.176218201451781215e-01
-3.449929299504392310e-01 1.615614612861158150e-01 7.972318649512472044e-02 4.340328069795285071e-01
-7.523420372576783421e-02 -5.134052760050553110e-02 3.617069717520511596e-02 9.216032442219304621e-02
-3.278609020644167593e-01 1.527088642222472203e-01 2.271824065708727067e-02 4.340062085587050866e-01
-9.644049202974959434e-02 -1.389688546903271871e-01 2.354170773143813428e-02 2.673054780877323622e-01
-7.987945257781005337e-02 -6.056728182810383609e-02 4.563605410693661463e-02 9.661078987266684404e-02
-2.226685580450031565e-01 -7.196800900979222204e-02 9.213065652909806225e-02 3.279800916370931851e-01
-2.879020738362551013e-01 -4.345201565043420831e-03 -5.887865569921466036e-02 4.849846192612647933e-01
-2.501158682891961305e-01 3.650206257902458701e-02 1.051890108920154748e-01 3.370044155778629813e-01
-2.395623227489050433e-01 1.041142667440390635e-01 -1.171969380726080485e-02 4.551417157710740402e-01
-2.346828540546474218e-01 3.435312570814440247e-02 -2.533589022058192752e-02 4.626053266951000720e-01
-3.359644445820006431e-01 2.012678654154722788e-02 6.842992963121444228e-02 3.421972038411409955e-01
-1.401714534537174817e-01 -8.501704474720615801e-02 3.883149808889204552e-02 2.979033213082206699e-01
-3.213612859680140543e-01 8.254822868059000229e-02 -1.865475866295443486e-02 4.817666848854602613e-01
-3.989274304071141475e-01 9.923021153635303016e-02 1.365455128892833769e-01 4.224340368650745803e-01
-1.552132532355780803e-01 -4.015497352961070604e-02 1.678961673437806210e-02 3.688115982186238040e-01
-3.149961430722371669e-01 2.514996869821838760e-02 1.236464056189762462e-01 4.153657677241752166e-01
-7.121549900023799173e-02 -5.169283674211103130e-02 4.516819743705899337e-02 1.076189619657951790e-01
-3.321419961925679565e-01 4.224810848785755940e-02 -2.830215865932916852e-02 3.991498437095552521e-01
-3.910024145452704603e-01 1.170346356230995144e-01 6.017607689355693873e-02 4.758105733636141532e-01
-6.047240298636716305e-02 -5.419013421704128863e-02 4.573048526754724258e-02 8.907379030911616313e-02
-4.790606100561886072e-01 1.576087981757096079e-01 4.962239837260297437e-02 4.895381499197118402e-01
-6.532966932662369330e-02 -4.947296592979900237e-02 4.568486336870886816e-02 9.702770668770266393e-02
-2.208112526226430894e-01 -1.025938150747718845e-02 2.273840539237208247e-02 4.172213328612361938e-01
-7.166182695442813166e-02 -5.072189818612721224e-02 4.131259779020840517e-02 1.125262202256628041e-01
-6.515298421942500307e-02 -4.685832129954803360e-02 4.682619248453297189e-02 8.733167193012844609e-02
-8.282945786906738272e-02 -5.525940015773395803e-02 4.146886386098264099e-02 1.099325076488876923e-01
-2.152875613200530558e-01 -3.217395312613534342e-02 6.269440584419423701e-02 3.120238093562273107e-01
-2.141650380646109020e-01 -7.160853415147314105e-02 3.389105570931135597e-02 4.106785133352998662e-01
-1.401120813575705282e-01 -1.907508991855989475e-02 4.079159573403054462e-02 2.881681896647944052e-01
-5.963148803047518820e-02 -5.035040002632064360e-02 3.885300342207875790e-02 8.289720738461096861e-02
-2.158405451878837866e-01 -3.613498401365550228e-02 7.656664839249503751e-02 2.866422347295816131e-01
-7.821182161320247572e-02 -5.077583258749538558e-02 6.741392117216757351e-02 1.122306663834281293e-01
-8.214625780525140752e-02 -4.981435131239014824e-02 2.904384514296265429e-02 1.083803937592942995e-01
-1.226480356724615750e-01 -7.789130504232046059e-02 4.665426206303451701e-02 3.076943233901079378e-01
-1.679582096075084297e-01 -3.485382208321562841e-02 8.533457536203914451e-02 3.481939267797711235e-01
-2.910021574868965621e-01 2.765336238808057887e-02 -2.088402685150110918e-02 3.700770206453488087e-01
-7.533542620563454806e-02 -5.894072415715917446e-02 3.556191045812142487e-02 1.043752882717451091e-01
-6.522591313362946508e-02 -3.986762155339240721e-02 2.764518825625353685e-02 7.855124235100431618e-02
-7.183561614224454051e-02 -5.938149878391320996e-02 7.202495862185687159e-02 1.187683118789672476e-01
-3.161541034365900615e-01 -1.204088095055492851e-02 1.966212256060089966e-02 3.732198771100101453e-01
-7.604911004000861063e-02 -5.913940645092780057e-02 3.809318006285885433e-02 9.491113024245469154e-02
-1.156126331894641451e-01 -5.906565835859300950e-02 1.122164495883317958e-01 3.098628342851787454e-01
-1.975617034483591328e-01 1.661841649474853078e-02 4.924840981611197654e-02 3.201179045589221395e-01
-7.852137182737106702e-02 -5.338767943212279626e-02 3.915088915632521788e-02 1.041841128358265561e-01
-5.343097060557953221e-02 -2.965835772777765389e-02 2.881886962777885017e-02 9.455733689561163224e-02
-1.487978660208620074e-01 -7.669151311869178145e-02 1.008794749168323568e-01 3.039734181108768585e-01
-1.944561705022904430e-01 -3.974087699682866959e-02 9.472529769295469360e-02 3.041733641149328982e-01
-2.977241946519845750e-01 -1.605276265545214909e-02 -1.158582357323698422e-02 4.085727507236487366e-01
-8.485826204611510160e-02 -5.952305122623269273e-02 4.589641609915618564e-02 9.921719714734411610e-02
-1.717128025638862687e-01 5.916463991111405897e-03 5.890642052670146817e-02 3.381636396521245369e-01
-6.177462632392360237e-02 -4.428558652496360909e-02 4.088111051081566583e-02 9.992449552899562715e-02
-6.118080969665764396e-02 -5.604131609595620900e-02 4.378096394448617590e-02 8.407733915552037529e-02
-8.710602846928157394e-02 -4.706840294704812272e-02 3.657708010024143808e-02 9.572520011574298104e-02
-1.869474171547324537e-01 -1.122514730807305239e-01 8.348694266484768534e-02 3.217000925607601536e-01
-2.886012603477208782e-01 8.530416318681852128e-02 1.468306455498545326e-01 4.913352228736898031e-01
-1.817967372929789049e-01 -7.904677314634979413e-02 1.240450386985790382e-01 2.700591581980997247e-01
-6.086405526405614524e-02 -3.908938546797798702e-02 3.199852391593533546e-02 1.051238029664950252e-01
-2.878609643255486961e-01 2.148107539998170279e-02 -2.385632822115760221e-02 3.167877292036556658e-01
-8.476498377548290220e-02 -6.007289623247111243e-02 4.095070389546778128e-02 1.043203488306348320e-01
-6.801424374757988889e-02 -6.520246882419358792e-02 4.058273312450550591e-02 9.050692413280354842e-02
-1.881784073607109531e-01 -2.125437307550779795e-02 1.388654121088934816e-02 3.194091104007025228e-01
-3.033590955135241352e-01 4.062026033643020839e-02 6.248450537954576556e-02 4.379730823900405134e-01
-1.802929678694198679e-01 -1.319979033307128874e-02 8.949316273235918828e-02 2.796657289280373160e-01
-3.368072266697657025e-01 4.344936290409932150e-02 6.094501601815049963e-02 4.240801005185552697e-01
-2.665225452295444941e-01 5.371807198550659218e-02 1.056264285363897344e-03 4.626428834609883078e-01
-2.985742277059761918e-01 -4.288452147559201899e-02 7.948286056418131171e-03 4.573429690572381467e-01
-2.694356700189386999e-01 -1.307449327705016706e-02 9.372601756160885145e-02 3.093667888209050698e-01
-7.171294496261802764e-02 -5.471687228220542543e-02 5.103077018183011654e-02 1.072481188970770549e-01
-1.761639524017973579e-01 1.455879100694148186e-02 4.942410066770316218e-02 3.002337941153447876e-01
-6.627592636349198540e-02 -5.016483022981171880e-02 4.814267790205928321e-02 1.087385907452687039e-01
-1.585772941123204105e-01 7.801772917364888094e-02 4.649649298227130634e-02 3.177953276046809328e-01
-7.950424565911105856e-02 -7.107398047866929358e-02 5.816884919660506720e-02 9.628168276014857641e-02
-7.778521671910880453e-02 -6.758984224144885811e-02 4.342659999521006342e-02 1.024353546523693176e-01
-7.628191885615584478e-02 -5.018835607321002479e-02 3.929657387579583300e-02 1.010346637527815700e-01
-6.894834773775723735e-02 -5.864878476093257631e-02 4.497409296383374916e-02 1.044542775710061017e-01
-3.346406131846307863e-01 7.577588775286801803e-02 1.961796076611049475e-02 4.970885099861266920e-01
-3.411553705323812635e-01 1.275123655095626585e-01 -3.063951789462363712e-02 5.163991165012894458e-01
-6.995877371424563673e-02 -5.851075442590079195e-02 4.200877869831378536e-02 8.941366908464064289e-02
-6.524740604495124496e-02 -4.339450021848999944e-02 4.833874252293095253e-02 9.383733120474001266e-02
-2.674795414824124307e-01 2.530262958038705795e-02 9.268101721427028650e-02 3.882928161063918804e-01
-6.883477726566313015e-02 -5.618152749744011881e-02 4.321494175541486932e-02 1.056011682351042646e-01
-3.305724947489506738e-01 2.101019692696090568e-02 -2.967126869999249777e-03 4.215595636950225655e-01
-6.663247391176209400e-02 -3.185199088967274883e-02 3.782437314007928292e-02 1.092932809988928916e-01
-6.926219144942549755e-02 -5.929602799143988967e-02 5.222993239093016299e-02 9.655313280656996344e-02
-8.131990587057187636e-02 -5.341535047619839355e-02 3.765000929998858770e-02 9.835167760646296164e-02
-3.220831601623807550e-01 2.326694705472302088e-02 5.007491075639176198e-02 4.243119181106422833e-01
-2.286768642487432002e-01 4.124102244481789303e-02 -2.313797790561594042e-02 4.045626959895737840e-01
-1.820318170937766655e-01 -4.234103930063535387e-02 7.585717104049286008e-02 4.269862687765660914e-01
-3.669305607828793891e-01 8.006945039274952769e-02 5.560130454474738332e-02 4.393315813990594232e-01
-2.442462798985157724e-01 -2.810379032636454999e-02 1.847426318509550955e-02 3.522382358477721409e-01
-2.832983799725150020e-01 -3.746900492359491602e-02 1.159156891375094089e-01 3.989253022332351351e-01
-2.396764321549773036e-01 5.357982664065893963e-02 6.104525435429756369e-02 3.951354352655836455e-01
-6.414036530588840268e-02 -3.694081324933212729e-02 3.500758121638856968e-02 1.126054964185024126e-01
-3.773156699364088595e-01 3.812130722934187199e-02 1.063435342928150361e-02 4.546551766484317469e-01
-2.847594408714451686e-01 -6.612689242416429358e-02 1.423444588904641470e-02 4.071126013206857186e-01
-2.586895282804053120e-01 -4.999768432616131381e-02 -2.057045031389255138e-02 4.472981304356034582e-01
-1.918918873602564745e-01 -1.181024080664054426e-01 1.257071335252287203e-01 2.643773568114263783e-01
-5.829959474753541870e-02 -3.162602598476003946e-02 3.812182436444615935e-02 9.630021023452411955e-02
-1.748861202954834493e-01 6.066038245693070735e-02 3.836670549359461058e-02 3.336462680980652462e-01
-1.376660906490554392e-01 4.295148256049417064e-04 5.142246802786058779e-02 2.999243237181983823e-01
-8.135930287723196208e-02 -6.128168837423003668e-02 4.493866666872135818e-02 1.097051784000989405e-01
-1.821305909075046359e-01 -1.220981930647072750e-01 1.088670218429129699e-01 3.002140684303957752e-01
-2.499430656820224028e-01 -1.902552127147708397e-02 4.366710308358359022e-02 2.504998988449709252e-01
-2.020645036841736131e-01 2.895076338461651314e-02 -1.106455719809633191e-02 4.496707069076394947e-01
-2.351279864970214906e-01 1.954749799341093386e-02 4.802322728410576141e-02 4.152830517964931634e-01
-7.553736763455913550e-02 -4.912723075016632579e-02 3.621558211976328573e-02 1.074940977859497465e-01
-8.408017995343820827e-02 -5.153840527309766495e-02 4.245332980053766886e-02 1.120961813857195427e-01
-1.506610462052125343e-01 -4.504874992095857927e-02 6.976685230702871221e-02 2.616383143816249923e-01
-7.067785418617784921e-02 -5.846013512207273721e-02 4.953302883910323806e-02 9.664018463790802205e-02
-7.255996612013629332e-02 -5.852397575003900898e-02 4.242827532089344517e-02 9.913474043589168283e-02
-3.533636286861731035e-01 1.004275280304230827e-01 5.169853317225527045e-02 3.758278591463961593e-01
-1.626287276920274361e-01 -2.034842538020032940e-02 7.589525871591203121e-02 3.488939619868681730e-01
-8.468317515928901196e-02 -5.759144564608371930e-02 3.636845481363303739e-02 1.028906682889806357e-01
-1.595265336786053090e-01 -6.239614929584905156e-02 6.971134768225022149e-02 2.831878576192799479e-01
-3.104012110689776671e-01 -9.306527859478885834e-03 -2.199505416932531071e-02 5.223434043922338121e-01
-3.368897657206695317e-01 3.600088966460320700e-02 8.453835606954755721e-02 3.600079252341286118e-01
-1.702183641818600934e-01 -1.877787535366145415e-03 9.665058559215562728e-02 2.689495834158223686e-01
-8.410011819791561594e-02 -6.411475023010862473e-02 2.733458785283232953e-02 1.001675709910704731e-01
-1.275528459593631703e-01 -2.419706581904979004e-02 8.155234734106790728e-02 2.902465175844061163e-01
-3.405256625160065220e-01 -1.003382116750465847e-01 9.334041006655649508e-03 3.900742446776190309e-01
-7.444197024690103748e-02 -6.314685410042099323e-02 3.447832461624470574e-02 1.004539898274598719e-01
-1.297431460854380214e-01 -3.215717559112578339e-02 3.101155878884190309e-02 2.686708503297325357e-01
-1.737225943094452274e-01 -3.683395166790265525e-03 8.989388633262865302e-02 3.010372496570623002e-01
-1.950326786966419534e-01 1.004437743631289917e-02 1.173205127661915009e-01 3.180503217074226452e-01
-3.163992084004385585e-01 1.576915641132255741e-01 -2.510118471716159608e-02 5.061472565476924368e-01
-1.716970205219239265e-01 -7.757007941737467660e-02 1.304315340479124397e-01 3.060746048008113895e-01
-3.908507090965716579e-01 4.933240815067707619e-02 5.283422751560690189e-02 3.628913722162390165e-01
-6.614139114307344969e-02 -6.380869177098515144e-02 5.335174967856975980e-02 9.722520620700271510e-02
-7.101493064131748911e-02 -3.929259193506968312e-02 2.587304035033410193e-02 1.046944472361943934e-01
-3.360077239806156246e-01 -1.663198531101774472e-02 -5.653470899287324491e-02 4.861660528429649353e-01
-1.393860014544455739e-01 -2.565733137134773578e-02 2.133069852150946619e-02 2.664850877268639118e-01
-2.876629987621195372e-01 1.150492483556083828e-01 9.635657054992220749e-02 3.860248370622947900e-01
-2.118056324867686191e-01 -5.411444524746246432e-02 1.166960084683243970e-01 3.053585206610166525e-01
-7.109429505181927289e-02 -6.181962216560194651e-02 4.865011855629296916e-02 9.896429007478294015e-02
-3.480220990661188063e-01 1.342736685817684517e-01 -1.956968898338917393e-02 4.564191252577778357e-01
-7.408053854539219107e-02 -6.241439996199511092e-02 5.349076227073791545e-02 9.832927801524454781e-02
-1.329636868309924114e-01 -5.328652277797610304e-02 -5.489602967437696990e-02 4.927025444305276336e-01
-7.817657754662472869e-02 -5.420789395023386387e-02 5.273958508329366912e-02 1.047987864795504181e-01
-8.193320935879644384e-02 -5.430759547625547273e-02 4.451979523217530071e-02 1.060602777734849650e-01
-3.410324044647324304e-01 1.062893053685605022e-01 9.327608624192654241e-02 3.879795446044478346e-01
-1.689201788864794218e-01 -8.483885230565813007e-02 8.760201132464887075e-02 3.894326489691303794e-01
-7.942555944860173189e-02 -3.397867056083327120e-02 2.691828883616219359e-02 1.000728683523036400e-01
-2.869217082675374897e-01 -7.868418806445190428e-02 -3.184239140454478943e-03 4.661532547039757279e-01
-1.315485320731366869e-01 -4.336353365807535387e-02 2.859482330634093017e-02 2.897005866756160453e-01
-1.436937076760241849e-01 -8.927922041381271268e-03 6.692180930685837081e-02 3.326115045301262230e-01
-7.375341788351948147e-02 -5.579741082580149530e-02 6.479007902810944575e-02 1.078279343207634716e-01
-2.171297535984913762e-01 3.343125109555394880e-02 -1.737867634725936972e-02 4.853735990161378022e-01
-2.851018205006924933e-01 -7.049429940384452364e-02 4.169503672416009082e-02 3.959911408377898012e-01
-4.204650466053084235e-01 1.241434925101563558e-01 -5.640759567036893879e-02 4.068225821447122303e-01
-1.572039208329699400e-01 -3.315734423970562172e-02 2.159527615828146785e-02 2.717668559158749053e-01
-4.022841319911726887e-01 1.310702538696540201e-02 1.472217547595155822e-02 4.652849520380565873e-01
-1.949284903317936857e-01 -6.518630151873300305e-02 1.163586619213597684e-01 2.647455208632587542e-01
-1.484223841844641567e-01 -3.505537445610140690e-02 5.433430382690977722e-02 3.323228718241550417e-01
-2.722607941952386312e-01 4.315768191522963149e-02 4.493100634233162388e-02 3.698896710500492180e-01
-4.455745865367274211e-02 -5.003618763177093698e-02 5.213699194227205957e-02 8.964415737751248170e-02
-1.977768510780715527e-01 -4.437446400429017473e-02 2.154913047303103762e-02 3.559478781229866717e-01
-2.454547817155740830e-01 1.612210308075148063e-02 5.389584842323548453e-02 3.567593241228118051e-01
-2.141341935408062058e-01 -3.152073464593395380e-02 9.017582629178148845e-02 3.097030037247348044e-01
-9.040821705584897727e-02 -5.733768834926363661e-02 3.597832481191279991e-02 9.821716968679769511e-02
-3.414748731968547113e-01 6.136251346395769218e-02 7.201870429459687750e-02 3.791544453265177639e-01
-1.976181077768004446e-01 -2.271188065160740371e-02 6.246763964242652012e-02 2.522561991729329600e-01
-1.331913463957997978e-01 -1.066538926276618983e-02 -3.521220904231012801e-03 4.978246404507377654e-01
-2.762656332167939266e-01 -3.337316026764874932e-02 1.620200001105671569e-02 4.430175066786730675e-01
-3.270460615812504912e-01 1.759240424193692434e-02 1.793168057093608506e-02 4.047510199175848866e-01
-1.411583603416729782e-01 -7.809905616528363403e-02 5.210054932379358517e-02 2.630401347762653663e-01
-3.015347179407826816e-01 2.547733497463587279e-02 4.429706238464017898e-02 4.335283580730572850e-01
-7.376756727300054495e-02 -5.756000552799677566e-02 3.683066167110456146e-02 9.084329178893960077e-02
-1.820423360016049930e-01 -3.416315088525991028e-02 6.946313834334599813e-02 3.267694789104200748e-01
-3.219050979455030936e-01 7.994502026992934829e-02 5.134685369919902292e-02 4.191558484496465398e-01
-2.685880605480491234e-01 4.966915583775214499e-02 4.807972375483907795e-02 4.025044859744432713e-01
-7.624204446828368453e-02 -6.693027791617281452e-02 5.442841563187777315e-02 9.692408029449289808e-02
-1.346256268934216960e-01 -8.993235431668610003e-02 7.585255272078801625e-02 3.350656720063880933e-01
-3.268871547051525606e-01 7.015828433678432396e-02 1.593192913166800381e-02 4.148708130786828430e-01
-4.143549172623463006e-01 1.723263847840609264e-01 6.566463643498633533e-03 4.339804873438837252e-01
-3.064169552031024146e-01 6.203964944698255740e-02 -7.250934553450144766e-03 4.391237703699467088e-01
-4.634709560905134196e-01 8.700666292913251942e-02 1.008153546249211142e-02 5.112916177199540169e-01
-6.416746251461917516e-02 -5.288904863162696007e-02 4.965613251615687979e-02 1.026751797504941444e-01
-1.237882938290651158e-01 -2.208619807540402116e-02 8.043983150513589475e-02 2.679118629318144595e-01
-6.123857343344617926e-02 -6.238892603611825155e-02 4.904252773142631777e-02 9.080125645033887416e-02
-1.169019239505405816e-01 -2.636802279839328342e-02 4.210838596398512775e-03 2.906590865535230717e-01
-3.199866068666333829e-01 2.131197991734737340e-02 1.159878953626800047e-01 4.189684943702661757e-01
-6.587170503943919064e-02 -4.335228498404160996e-02 3.768271361065211184e-02 9.757916502574454087e-02
-3.411509436059672051e-01 -1.615340609543429798e-02 -4.418234831301967591e-02 5.164251668191807143e-01
-3.346434572381991046e-01 8.767938885207998689e-02 1.327386767132843204e-01 3.649310707893463346e-01
-6.078704952420586199e-02 -3.507330872301634567e-02 4.914119869268308155e-02 1.045782923228326527e-01
-1.506348678441249422e-01 -1.328626092840760886e-01 7.885463702899833671e-02 2.557265945101577231e-01
-2.618859856397175445e-01 -6.512673234185810400e-02 1.962943072899107910e-02 3.126378922180834685e-01
-3.039512222051632406e-01 7.416481361728770316e-02 5.070055403424523349e-02 4.263847790947855043e-01
-5.891663617676531906e-02 -4.196263227558960640e-02 4.775302086030518145e-02 1.026372308262462757e-01
-8.224132292779712250e-02 -6.728077083490413557e-02 4.710791893342151926e-02 1.235157718977483027e-01
-1.618291474626971926e-01 -2.806098310488625014e-02 7.675052510529564720e-02 2.667513711596274373e-01
-1.074680619570072271e-01 -5.589560953682633920e-02 7.322658133421328097e-02 3.755018471082516851e-01
-8.208970305899271347e-02 -4.571287235726140957e-02 3.733766461793781855e-02 9.473960051487544110e-02
-3.559106483139422572e-01 4.653099463938852043e-02 6.896047890449736283e-03 4.078600927735711035e-01
