8.890773926805861649e-02 3.523741882530583847e-01
7.434574900611266857e-02 4.531577091130392088e-01
-9.145732522132447861e-02 5.707020763482102410e-01
-1.312432470651363481e-01 5.417795420740454393e-01
-6.541466927409962662e-02 5.908388211755654096e-01
-3.806937589961099239e-02 5.987411260482861097e-01
6.418124231972609228e-02 3.120532792757459428e-01
-1.069115346110531134e-01 5.235342814575851822e-01
-8.525011493849823929e-02 5.699010976532320472e-01
6.978279222161044848e-02 3.831270335061211507e-01
4.378524453323563020e-02 2.774262796201507619e-01
-8.120985806344688251e-02 5.869772875597010220e-01
-1.005743833164897266e-01 5.873954469879957285e-01
1.075698287843867840e-01 3.111953759769506833e-01
-3.860239171010522441e-02 5.164134892853293746e-01
-8.509107445283685400e-02 5.298541369037812476e-01
2.375638320662909128e-02 6.101343963592058550e-01
-2.535535855893937887e-02 4.450770530576951822e-01
6.240874161866708653e-02 2.901969922338060170e-01
-4.418605059398204860e-02 5.023652263904255788e-01
8.482066159026172003e-02 3.423820507332032137e-01
-1.224243990229863105e-01 5.816454580029053467e-01
9.063319221595178207e-03 4.457379158204475278e-01
6.179846511963447281e-02 2.994397898235944822e-01
-3.771780107777915336e-02 5.004903308983521537e-01
-8.165919601038752751e-02 4.317704015341817247e-01
5.288845052293824484e-02 4.179444715889708006e-01
-2.215693994061283464e-02 5.505425913348649392e-01
-5.466767073262486509e-02 5.482651691558070306e-01
5.620872404101389525e-02 3.777317171494958270e-01
9.312843831639264214e-02 5.885436775022991895e-01
-1.397483014111491617e-01 6.089940590476597970e-01
-7.228457543984478928e-02 4.681221573871434116e-01
5.540428342841281079e-02 3.159010469101005691e-01
1.136104824291889496e-03 4.074666881574874888e-01
-4.176676749512902437e-02 5.183911530135951740e-01
2.981473722189683512e-02 3.371968773265029973e-01
1.427762286231553657e-01 3.398802343127652614e-01
-6.105279754076800569e-02 4.892324214161062335e-01
-7.365858326144171520e-02 4.720516349750937812e-01
-9.156393483560712476e-02 4.813064860206976436e-01
-6.673894924019056762e-02 5.055172827250619116e-01
8.409972600718398916e-02 3.442269397774652684e-01
1.305032160664723606e-01 2.910977255975556455e-01
-4.892511864623726170e-02 5.145227597353394522e-01
-4.578821918310099770e-02 5.723937167081087907e-01
-4.161521606222806646e-02 5.155136783036797787e-01
5.688862486885028907e-02 3.069554511052859924e-01
3.757412530015658003e-02 3.108945327664337510e-01
-3.289445104884030496e-02 5.485201050594397110e-01
-9.074447386900745538e-02 5.928745869825101655e-01
1.416734069001110152e-01 3.303072289200412737e-01
-4.613428863294238846e-02 4.544236190023638322e-01
-3.341034579072507671e-02 5.223090458251019585e-01
-1.041164217915497570e-01 5.253254111967503581e-01
-8.920068620628376910e-02 5.924026719353882031e-01
-7.929739963621372512e-02 4.747894554399721412e-01
9.611439609212801827e-02 3.907102833799210306e-01
-7.921436153362865218e-02 5.542408051062321928e-01
6.235098824484038710e-02 3.874336549482056413e-01
-7.249790707954734126e-02 5.828093442641879562e-01
-3.722142673566737614e-02 5.524835688859939253e-01
8.262615541582524203e-02 2.758215069072222358e-01
-3.904553692372133428e-02 5.562298379170982354e-01
-4.305308844018713305e-02 4.714519195565464171e-01
-2.853106682420589180e-02 5.416046806415193426e-01
-1.549269133794201059e-02 5.611180753636947349e-01
-8.691545657318069940e-02 6.259737053523916073e-01
-4.027322614988405186e-02 3.962677677869372861e-01
-3.371506195225734692e-02 5.242927581975083129e-01
7.952218522396967137e-02 2.885792689619917084e-01
7.930522890910476908e-02 2.866238712466988026e-01
-2.304379071588467595e-02 4.522049663480928738e-01
-1.095887147252741223e-01 5.896624770659237846e-01
-5.178278194055103284e-02 6.164908382838972800e-01
6.589823158530395963e-02 3.078829839363243503e-01
8.138365367735184153e-02 3.448431435499655917e-01
-7.342149166432804241e-02 4.747180092828741649e-01
-3.269954357366590403e-02 5.221801315111568309e-01
4.810732598570261614e-02 3.355166128493670130e-01
4.400116137758539742e-02 4.500341325795491065e-01
-4.179187973778361598e-02 5.338155690975553425e-01
2.738747752103169730e-02 3.441333670398978306e-01
-2.391842174996621634e-02 5.581657217501404533e-01
-7.528568933173639122e-02 4.884678454673888615e-01
-1.175054646890070775e-01 5.602447298595906178e-01
1.028224357838999209e-01 3.324501301702297296e-01
1.021707793165805012e-01 3.362484903730163510e-01
-5.822482783092535613e-02 4.451114546788226822e-01
-7.185747592256028216e-02 5.377254686857790844e-01
-1.923798594761738992e-03 4.622325002549422801e-01
-6.443397047871003702e-02 5.939658350423184796e-01
1.403794663961940685e-02 5.052699663189066381e-01
-5.623534062931200700e-02 5.273870444816817216e-01
-9.298892616517527576e-03 4.193874753086994644e-01
2.239196797810630215e-03 5.492104207483279321e-01
1.910474674662241898e-02 3.290364187909393112e-01
-6.308356035132758020e-03 5.250435044983151611e-01
-2.155315545286922915e-03 4.235738346303691837e-01
-6.197521557181797508e-02 5.529236937455128675e-01
4.105692395574309095e-02 2.993839354855694079e-01
-8.833165078260157843e-02 4.679686656722414906e-01
1.058308064312796226e-01 3.069706006834279632e-01
1.048308068191930453e-01 3.449731305576682061e-01
-1.088473618037927582e-01 5.896261428429636631e-01
7.752993632742355423e-02 3.201803375003535179e-01
-6.059473663099143592e-02 4.575810692078725594e-01
3.244265559888591388e-02 3.070702720169387612e-01
-5.330932006197496714e-02 6.215834231055494818e-01
7.080379851108362099e-02 3.268040557792342149e-01
-3.374565499910620048e-02 4.993956398721042245e-01
-2.338662704294633757e-02 4.788927012820869966e-01
-9.344437813551920852e-03 5.223184890844883022e-01
-6.446859446263454585e-02 4.745419757003584982e-01
-2.624672559491081705e-03 5.528528255865006180e-01
1.581593000589574111e-02 3.252472947391498170e-01
4.133572034744848606e-02 3.344610117728312182e-01
-7.649057728134356360e-02 5.584650786408472678e-01
2.191919973979911465e-02 4.958277904395588798e-01
5.810204339116335076e-03 4.969026881916686622e-01
1.164678550362286263e-01 2.933125161166605377e-01
-3.245218195053085897e-02 4.886646434856331545e-01
-9.884901104986601461e-02 5.841968618577060290e-01
7.862333438007362146e-03 3.273056735490896263e-01
-6.503069087913072865e-03 5.251555109834014079e-01
6.114925397531812551e-02 3.540530572873477055e-01
-9.191818032639124947e-02 4.968943567940664052e-01
-7.309758207101772765e-02 5.232261247683023253e-01
1.079494601924033959e-01 3.147559363846272329e-01
5.599501772826264573e-02 3.241933761747268217e-01
-3.555519980050626805e-02 5.756152298081375074e-01
-4.060820094303763811e-02 5.767610108947999192e-01
-6.809151928899008499e-02 5.227638954129706361e-01
5.122131380237274212e-02 2.763558341840914312e-01
-8.805827382846846685e-03 4.815005492035180357e-01
3.977296195945339424e-02 4.296209099859481517e-01
-9.245513728135147657e-02 5.322148770595610534e-01
-6.584103006757513477e-02 5.858708794633652461e-01
1.984532879643967698e-03 5.403957894276367746e-01
-6.301506199377150674e-02 5.102315810600750456e-01
-3.185694250387804266e-02 5.099745921924790926e-01
-1.233101047934703071e-01 6.402479320071178259e-01
-1.190970423751196508e-02 4.791053304557658654e-01
4.991351005079407849e-02 1.101842191707931018e-01
6.003116240262716674e-02 3.864786443778256420e-01
-6.085778378152099238e-02 5.688978970483745679e-01
-1.530109492770617870e-02 4.142109049781255714e-01
-4.838099200587394483e-02 5.959310595294768920e-01
3.949417150061551585e-02 3.437930869982469551e-01
7.513545426504533720e-02 2.996821902392006742e-01
-4.929417822777942826e-02 5.484935302809194058e-01
-1.022766430696617490e-01 5.218095676104645975e-01
8.878372454705836525e-02 3.542011501490247016e-01
4.939225271324867994e-02 3.464451895486792554e-01
-1.187641748277617863e-02 4.382229372613354323e-01
-4.533886598658221079e-02 5.662081958376143920e-01
-8.750105885968441355e-02 4.921993496785683209e-01
-1.151710576321258034e-01 5.507341876252539459e-01
1.484862844976132801e-01 2.929480433655775595e-01
-3.559561714306785224e-02 5.250297875415622650e-01
8.970774563669055290e-02 2.547019153339663555e-01
-6.459913301576671041e-02 6.166866908754723431e-01
6.818843733146469355e-02 3.019409824632303119e-01
-2.168715446543193273e-02 5.062800197986323525e-01
-1.093557246307437225e-01 5.706595165717091023e-01
-2.121695203184117973e-02 4.440319627248970336e-01
-6.842405717404635886e-03 5.473078034154776894e-01
7.660842235166370751e-02 3.449373197663398449e-01
-2.789870212764597891e-03 4.418406942974996698e-01
-1.154361781365601108e-01 5.912577980965757485e-01
4.067011998926274574e-02 4.389534330599719203e-01
-7.294449210670773953e-02 5.721086970724871268e-01
-2.104469502526596508e-02 4.905228031034165603e-01
2.653112695431229795e-02 3.708325996761024368e-01
9.713752381937514144e-04 4.371740017250980159e-01
-1.955633742273302222e-02 5.126088077169524970e-01
-1.168514737254447572e-01 5.908936138880531708e-01
9.448678331418244869e-02 3.281377741892835820e-01
6.033297662718566622e-03 4.246369072734783590e-01
-9.288358927940892906e-02 5.755186804630577635e-01
1.023123440335309275e-01 3.382150724062127356e-01
-3.150161331733233178e-02 5.161276660875809830e-01
-1.036553989609400872e-01 5.391414308894100227e-01
5.451065660434092908e-02 3.920728859662475640e-01
-6.337269394182282189e-02 4.975422647749017657e-01
7.817414506109975070e-02 3.032456146605168046e-01
-3.287530307539683616e-02 5.375693746939225193e-01
-6.152707178191756110e-02 5.222371113729661340e-01
-8.126249467112418856e-02 4.865920848507765961e-01
-5.078651212060112524e-03 5.863020442503228402e-01
7.589651395930570310e-02 3.124229768381729944e-01
-7.928297502204084690e-02 5.869231183825858178e-01
-4.197743580786676698e-02 5.024216636075722331e-01
7.493155715217107715e-02 3.418547840967894325e-01
-4.725648030468004857e-02 4.666139182563691090e-01
-4.562996818107153268e-02 5.308835009823779094e-01
-4.844315879878123565e-02 4.746538761873944079e-01
-1.414111027658235091e-02 4.989732561487533191e-01
7.774539873320356065e-02 3.255388602890175731e-01
2.925766449773145247e-02 3.502876579912853061e-01
1.084564346561111142e-01 3.342851545680197711e-01
-1.918908888432841603e-02 4.801785744853447890e-01
-8.011081143339568444e-02 5.037118129347790685e-01
-5.479104984460570621e-03 4.932605523153061888e-01
-1.154033063363475997e-01 5.935625708759928454e-01
1.235142974260728006e-02 5.033815979616281799e-01
4.847447392878279776e-02 3.799431963146341906e-01
-4.813781439922402289e-02 5.566359073452333828e-01
-5.729008584620793459e-02 4.512202406285942269e-01
-9.259371742218365509e-02 6.315312669409886004e-01
-5.583551860480753110e-02 5.507409755159714537e-01
6.438236917127793113e-02 3.056381760085872812e-01
6.828981923491904069e-03 4.012278357463983647e-01
3.829402140277102240e-02 4.197648221619442177e-01
7.027437733625912716e-03 4.347342009715227107e-01
7.810031876735976618e-03 4.931472999776799759e-01
-3.813465625504228185e-02 5.341527718577886441e-01
-6.554988525908583830e-02 5.094808434915358841e-01
2.015510805156932317e-02 3.508846745535693090e-01
7.938722534463998892e-02 3.018432059478589058e-01
-4.791476901946709055e-02 4.853365577321940849e-01
6.014941685058712573e-02 3.641897538253264788e-01
-8.423115709037248822e-02 5.347624395877088599e-01
-2.966727709384007344e-02 5.578598293722363266e-01
1.575783439306560618e-02 4.326144184643202495e-01
7.305136622954980230e-02 3.039284168080920168e-01
-4.500159418061438349e-02 4.947588521769447634e-01
1.831023205609597082e-02 5.103557313563994446e-01
6.881053843888984556e-02 3.027366112504492057e-01
-1.374719150809343149e-01 6.142753850749451683e-01
8.860089328930800812e-02 3.193547658287306246e-01
-1.129366095158247478e-02 4.626460769309975740e-01
-8.586354728554398963e-02 5.221309520040980923e-01
-8.650361636004604005e-02 5.809944882315598580e-01
6.315911415735972478e-02 3.344270582664639058e-01
1.296875013618676298e-01 3.105926257655587941e-01
-1.176615474223636909e-01 4.431715706572229019e-01
8.970989343999587889e-03 5.374178276674818067e-01
-8.493935787994540132e-02 5.674052913224107986e-01
-1.892995863606791035e-02 4.943453923829620456e-01
-1.725288790592043389e-02 5.134653327667485501e-01
6.015681221760247471e-02 3.974605639696499604e-01
-3.117585642715422350e-02 5.367212044781644043e-01
-5.352132612313157539e-02 4.751453362473696540e-01
-7.475709743096120574e-02 5.734156369414404875e-01
2.587100164953282100e-02 3.587804675112817865e-01
-9.049942446698605591e-02 5.697235197626505654e-01
-8.596748020918293376e-02 5.912463191256103201e-01
1.068483285019239913e-02 4.406800844630224812e-01
1.130262338187836002e-01 2.686248135562570027e-01
-3.870429686233275296e-02 5.355467605980337442e-01
-2.245497253133563534e-03 4.685815557836667256e-01
8.789959780383138632e-02 3.083470377004376983e-01
-1.682667020293332760e-01 5.556702849845542858e-01
1.296334903253638579e-02 5.441080344199171748e-01
7.397411601587788876e-02 4.656826576969025355e-01
-9.810694795807863022e-02 5.388271372045391194e-01
9.483056563133188122e-02 2.828337380309127735e-01
4.592036640280181166e-03 5.007553274323652825e-01
-1.442868694829396725e-01 5.596901675677015131e-01
-9.937548574802218537e-02 5.077588574592304393e-01
9.439982400097385318e-02 3.335720774889371354e-01
-2.664961490779063288e-02 5.065582555110363927e-01
1.471914802356838470e-02 3.192187811129827413e-01
2.505561667589341693e-02 5.344849494287768898e-01
1.422979539792398711e-02 4.758142165805223645e-01
7.546508244601239646e-02 3.059256213171130945e-01
-5.700429126182702394e-02 4.834518031290496731e-01
-4.418831669932522105e-02 5.650810230770069165e-01
-7.244197214259233408e-02 5.474263421644155470e-01
-7.392247747083020848e-02 5.910453388331396996e-01
1.635533499600662702e-02 4.389529394934265083e-01
7.975622956140364372e-02 2.810952033305608166e-01
-9.209759112113163892e-02 5.550329647069474071e-01
-2.894886064090060329e-02 5.605578407289966147e-01
4.077531390860323485e-02 2.706824388710024620e-01
6.594842962672577136e-02 3.717197371071878642e-01
6.826517615952512608e-02 2.911342196677988436e-01
-7.908532588015652898e-02 5.353166602694151566e-01
-4.562261368224259511e-02 6.088419689118369504e-01
6.829329512332504848e-02 2.996978067022502135e-01
-1.184116606508873321e-01 5.812164967329769283e-01
-3.245272299515207515e-02 5.892537582085735082e-01
2.010556802140676252e-02 4.830636045583091009e-01
-3.431727814307763968e-02 4.563812616277452272e-01
-8.106407590087853776e-02 5.197112921585516077e-01
-8.205965630836760394e-02 5.937148116234419737e-01
1.321620025475767624e-01 2.768285683142141518e-01
-1.618206092126601645e-02 5.671125434751005390e-01
-8.814290745747334344e-02 4.777723626497729081e-01
-1.451925975835734357e-02 4.429271662324931746e-01
2.769732547407256773e-02 4.613792625104514156e-01
6.049603638340782935e-02 3.078449708077232727e-01
-8.182122588746112979e-02 6.335699311878685291e-01
1.717256933239318800e-02 3.457797368862408072e-01
-1.004755651883033063e-01 4.889586624586031993e-01
9.181456169777066356e-02 3.267303645975916937e-01
-1.652102566250253021e-02 5.093768507236194898e-01
-7.268795728740896911e-02 5.711852312167140511e-01
1.716336349203885156e-02 4.729112996634494137e-01
6.850739963767329965e-02 3.076670413383089109e-01
-6.573709977596255138e-02 5.217739587950210867e-01
-3.137996835355349318e-02 5.771556488303841714e-01
-6.074313597947182675e-02 5.386020388141282700e-01
-2.133686058956576342e-02 4.668424006806381477e-01
9.932675015909915583e-02 3.685213609300431736e-01
6.673700950026474621e-02 3.349033753379356826e-01
-6.320627113466338598e-02 4.914327083588739820e-01
-4.333769649528554369e-02 4.898374947732386242e-01
2.292313468024723827e-02 3.103413470261892626e-01
-3.271446439387380029e-02 5.106726907270003890e-01
2.159487932996813700e-02 5.465519946046982769e-01
-1.298584828025803328e-01 5.916608215268583937e-01
6.275274011739381819e-02 3.988307452292501609e-01
-7.630165632083349414e-02 5.048742768521935487e-01
-5.692459036895954755e-02 4.847717379854764586e-01
7.152032115207665464e-02 2.855931440507188390e-01
-6.148108820273622682e-02 5.524117679826204830e-01
-5.815780756300927695e-02 5.104535866786847897e-01
5.025066581107374974e-02 5.128195150266589009e-01
-2.387513216458912041e-02 4.475544590214837748e-01
1.039071130601835202e-01 3.210448400439442906e-01
-6.134103058821452348e-02 5.681229091724041558e-01
-1.080014009098244770e-01 5.209797845770406388e-01
-1.787026387321935528e-02 5.422661932177479382e-01
2.021753561360807930e-02 4.263430525653674752e-01
-6.669186945497306007e-02 5.803684523870575873e-01
-2.467079605454952640e-02 4.880266554499634868e-01
-5.845218209625815953e-03 4.833509968221282871e-01
2.932775561054700234e-02 3.686798808047807019e-01
3.916599154070767724e-02 3.836212227897105032e-01
-7.921569268688323506e-02 5.807073676599163736e-01
-3.348880057934741639e-02 5.490505576294525403e-01
-2.267797959622594797e-02 5.322030258096211996e-01
3.253046074668331650e-02 3.132725419121974442e-01
-2.695461554785033229e-02 4.247678120847843686e-01
6.132289215387601300e-02 3.254907944684138354e-01
1.223191151718884817e-01 3.439725252543431311e-01
-1.708533134716306440e-02 3.670524076780556366e-01
-4.328752489298813566e-02 5.353629785706782718e-01
9.023992448689068316e-03 5.714730803837855255e-01
-9.335523261113180815e-02 4.742410146764396983e-01
-7.577260418551343135e-02 5.312949778574908022e-01
-5.218276502082498658e-02 3.967153320240240366e-01
1.285933974605402430e-01 3.627857871078097873e-01
-4.895910144446502521e-02 4.887625634791504803e-01
-4.863537407402497570e-02 4.794789267342945971e-01
5.796146935079184853e-02 5.232556026391892434e-01
-4.410398866713449023e-02 5.191271959222837351e-01
-5.774828835261775623e-02 5.425195956258325181e-01
-1.082958233410986904e-01 5.075016166040040577e-01
9.223901263261191641e-02 3.472239463456743280e-01
8.681328434036114650e-02 3.389776675903403702e-01
-6.087973457060062016e-02 4.776874148494736350e-01
-3.043260059103562731e-02 5.150586612161384137e-01
-6.451571398285661785e-02 6.030279274395058398e-01
-8.314885490037053628e-02 5.383828872833837931e-01
6.533872177527708103e-02 2.590721447765840790e-01
-2.603582517934400695e-02 4.578187607430405648e-01
-1.067248592781326957e-02 5.870178295735297702e-01
8.583149809854123680e-02 5.316828219340021811e-01
1.194043454701340934e-01 3.096749287803011730e-01
-1.446278202462181195e-01 5.919458741619668674e-01
-9.458937496326462468e-02 4.175146188861841856e-01
-4.711963691668307613e-02 5.172913798210097003e-01
-2.483109702454728424e-02 4.598021908660404056e-01
-1.189341929773289203e-01 5.799516183336641539e-01
-1.709809781516454311e-02 5.421967528556803639e-01
7.261255608339733936e-02 3.242479728338380496e-01
9.345231930420433257e-05 4.821554135958442955e-01
-6.119128064882006085e-02 5.390152073088502194e-01
-8.562397069516256704e-03 5.013865033966432572e-01
3.748044003713043443e-02 3.919979449258746418e-01
-2.502359609588490630e-02 5.471737023390929044e-01
-5.358321469153851796e-02 5.182695501021096218e-01
-6.783334700050397230e-03 5.116847947857561252e-01
-6.173279342621807581e-02 5.224101494728934370e-01
4.031529138386284045e-02 4.602225475881448480e-01
4.568893790717439701e-02 3.388060196508175248e-01
-4.210915650122895593e-02 4.911969737957210813e-01
5.339640510943148566e-02 3.387540220472063379e-01
-2.559602306518353812e-02 5.338195333366592132e-01
-1.615585519279465476e-01 6.543315248716347066e-01
3.117582387014311215e-02 3.962643455501191903e-01
2.779719597652263383e-02 4.174408068914394754e-01
8.087620317752473864e-02 3.130608709783092580e-01
-3.891093030138968734e-02 5.453298003383875159e-01
1.837145870804299252e-02 3.336661923573587818e-01
-7.084648389554235037e-02 5.603855524379094399e-01
7.965653945754166965e-02 2.979369597899796385e-01
-7.320075090953134800e-02 5.350262470964975980e-01
6.005108018095887956e-02 3.448233969479146399e-01
-1.010608729186080468e-01 4.939235340693963749e-01
3.914134141242093384e-02 5.142390342276536019e-01
5.877604312664634623e-02 3.319540565747199912e-01
-5.879965542491475544e-02 4.664741702980329530e-01
1.043677886829568885e-01 3.327104822775954762e-01
-1.021968915660751917e-03 4.959976002824568186e-01
-1.020940199173939050e-01 5.683152869385701411e-01
-3.586022852138359696e-02 5.075105699541707649e-01
-4.669917093377021211e-02 5.216126815106285619e-01
-4.548606659799288993e-02 5.060245481680517576e-01
1.142198161971145765e-01 3.194312800015431941e-01
3.511749159713183077e-02 3.032254119566543116e-01
1.764364434243130900e-02 3.574483580846356534e-01
-4.117385848935083831e-02 5.102532469012308614e-01
-7.341341527101961917e-02 5.866612874882694006e-01
3.782570673257674987e-02 5.421306469467228606e-01
-5.531709823993095909e-02 4.784606118776441597e-01
-4.293737276016782595e-02 4.830946740023530084e-01
6.258084019418185505e-03 4.738368516243632311e-01
-7.733435601137973736e-02 5.307251483929910085e-01
-5.893372628783246497e-02 5.848811532486639653e-01
6.709530885820948198e-02 2.930851221911242588e-01
6.768080455776884219e-02 3.057087476089212497e-01
-3.420718303253743320e-02 5.124883320784356933e-01
-1.409002083918454128e-02 4.416554060491214018e-01
-3.547891974835652718e-02 6.066832569818844112e-01
-6.789659693008172348e-02 5.199160735298135050e-01
6.765966921576871407e-02 3.183926175932957903e-01
-7.924601415957703565e-02 6.098336484563187110e-01
2.104636839652754624e-02 4.705874860588242781e-01
7.523884195869824654e-02 2.974026167359685169e-01
-1.875211570041044606e-01 6.141029319271518183e-01
7.548783480641657606e-02 3.179785881161410477e-01
-5.035107493250023242e-02 4.906276132865650119e-01
-5.315226262830485826e-02 4.957620547126607158e-01
-4.943881940962245591e-02 4.411816180525537923e-01
1.203970544063976897e-02 5.160631750340989310e-01
9.999255968907830305e-02 3.558319086937529185e-01
-9.250250052807910961e-02 5.625992933116508166e-01
1.133826091642390343e-01 3.496754802918560223e-01
-2.343234040996709094e-02 4.655705111733444146e-01
2.318657704262034464e-02 4.716449568363560996e-01
-1.173086953099565510e-01 5.347250083181972480e-01
-1.181030045671967871e-01 5.951024676404047531e-01
-9.325904151028741040e-02 4.787699602548547984e-01
5.437686001527924917e-02 1.045758293684989348e-01
4.593298902348914164e-02 5.359575311855375723e-01
6.594116916703390840e-02 3.132038089698874206e-01
-9.732511686553121932e-02 5.269794324755617820e-01
2.255834856227153379e-02 4.802439282857319247e-01
-7.456894852198168999e-02 5.465503747748283736e-01
7.811688270738265105e-02 3.300212024518329179e-01
-3.421678887088750592e-02 5.203006375450985876e-01
9.249904134088928961e-03 4.723018602593961335e-01
6.974024492726757507e-02 4.519125402630083665e-01
-1.265857513913314081e-01 5.335451441352351276e-01
6.445247739633760964e-02 3.460104643532921354e-01
-7.483645191262860985e-02 5.249110376261558741e-01
-7.117708001791892523e-03 5.288229669142613387e-01
1.163325537767698481e-01 3.236404810654200936e-01
-7.670477904410498426e-02 5.565188303900001632e-01
1.748811718547409882e-02 4.643973050311943074e-01
-1.221965544917261309e-01 4.632499265719692838e-01
-8.171397827628495980e-02 4.930990187949947368e-01
-7.234077694333539144e-02 6.031486421413390087e-01
1.015038824266391165e-01 3.097356567670435656e-01
4.887523656102714387e-02 3.579013831332164552e-01
-2.654659983889837149e-02 4.705481167793862940e-01
8.897801305391470073e-02 2.691496480292545623e-01
1.403492023506100472e-02 3.960195570790462360e-01
-1.282706085323362215e-02 4.589427319808344063e-01
7.906134555800838071e-03 5.186653019624934968e-01
-6.761121020169778839e-02 5.214082097220952283e-01
-5.582192218861331545e-04 4.873964259158936052e-01
-3.912588589438185244e-02 4.691391490188308588e-01
-5.942595081013946068e-02 5.977994729811090258e-01
4.213957808618853940e-02 3.462270748644596385e-01
-3.012942729192226096e-02 4.881712571417313740e-01
-5.486813461765932022e-03 4.386831258110839848e-01
-4.914925106402805860e-02 5.776667332036156122e-01
-3.361379847535751753e-02 4.624818603578845222e-01
-4.482834433635080051e-02 5.861882970757119615e-01
-1.577653180045545528e-02 4.878831168634935045e-01
5.938116173417827548e-02 3.177628622029100014e-01
2.415853584178458482e-02 4.816582830147359551e-01
7.978571137004834835e-02 3.762053332394936223e-01
-6.551937346488682923e-02 4.687277661560272368e-01
-7.361216863788018483e-02 4.804953835691807007e-01
-7.416252321877618570e-02 5.219035090886612327e-01
-7.860319631850577748e-02 5.943195919349146816e-01
-6.809203198391046430e-03 5.089307517050406515e-01
1.458014062241050172e-02 4.647434755555173158e-01
7.717173482597572409e-02 2.826249398531363588e-01
-9.236136683273415970e-02 4.741314246466581950e-01
1.227707804306319428e-01 3.242099590963051781e-01
-8.306191950230686072e-02 5.181482998572612964e-01
-8.021772968184875952e-02 5.822148695643283300e-01
5.158979680127099426e-02 4.485831338001444735e-01
6.659275293199956591e-02 3.295229339723216855e-01
2.553134300384174785e-02 4.321394943704774949e-01
-9.662131049921304782e-02 5.378708003468838372e-01
5.342756726760346242e-02 3.378464853573507898e-01
1.372229671923292597e-04 4.739972106452887135e-01
-9.153678178957240508e-02 6.707288593862119619e-01
4.304561529355109377e-03 4.636151518082388678e-01
5.692643495090983496e-02 4.219275657079994413e-01
3.291642586479832933e-02 3.093159683997780962e-01
-5.195847097424495520e-02 4.865977131819722024e-01
