0.0 0.0 0.605779153766769829
0.0 1.0 0.615583075335397245
0.0 2.0 0.633126934984520107
0.0 3.0 0.620972592147091662
0.0 4.0 0.602414296760890089
1.0 0.0 0.594685242518059765
1.0 1.0 0.600877192982456121
1.0 2.0 0.628224974200206399
1.0 3.0 0.644385256465332068
1.0 4.0 0.605550305009021406
2.0 0.0 0.596491228070175517
2.0 1.0 0.640092879256966008
2.0 2.0 0.599845201238390136
2.0 3.0 0.625955838130423547
2.0 4.0 0.624967780737176737
3.0 0.0 0.628740970072239502
3.0 1.0 0.615067079463364363
3.0 2.0 0.603715170278637747
3.0 3.0 0.620113411805137904
3.0 4.0 0.620972592147091662
4.0 0.0 0.638028895768833815
4.0 1.0 0.614551083591331260
4.0 2.0 0.614035087719298267
4.0 3.0 0.592404845777128597
4.0 4.0 0.589139960477704339
5.0 0.0 0.590557275541795601
5.0 1.0 0.643446852425180627
5.0 2.0 0.633642930856553210
5.0 3.0 0.597130337657874377
5.0 4.0 0.612681501847237797
6.0 0.0 0.619969040247678072
6.0 1.0 0.624871001031991780
6.0 2.0 0.605263157894736836
6.0 3.0 0.616977403557006587
6.0 4.0 0.605979895179998285
7.0 0.0 0.627708978328173295
7.0 1.0 0.605779153766769829
7.0 2.0 0.614035087719298267
7.0 3.0 0.603273477102843847
7.0 4.0 0.640390067875246993
8.0 0.0 0.605779153766769829
8.0 1.0 0.633642930856553210
8.0 2.0 0.606295149638802933
8.0 3.0 0.597688804880144309
8.0 4.0 0.620543001976114783
9.0 0.0 0.600877192982456121
9.0 1.0 0.614035087719298267
9.0 2.0 0.622807017543859587
9.0 3.0 0.610834264112037117
9.0 4.0 0.644814846636308947
10.0 0.0 0.615067079463364363
10.0 1.0 0.615583075335397245
10.0 2.0 0.613003095975232171
10.0 3.0 0.625826961079130495
10.0 4.0 0.601555116418936331
11.0 0.0 0.628740970072239502
11.0 1.0 0.577915376676986559
11.0 2.0 0.599329205366357032
11.0 3.0 0.602843886931866968
11.0 4.0 0.646103617149239584
12.0 0.0 0.620485036119710953
12.0 1.0 0.591589267285861697
12.0 2.0 0.614035087719298267
12.0 3.0 0.625826961079130495
12.0 4.0 0.616547813386029708
13.0 0.0 0.624871001031991780
13.0 1.0 0.619969040247678072
13.0 2.0 0.620485036119710953
13.0 3.0 0.588710370306727349
13.0 4.0 0.607397542744221974
14.0 0.0 0.600361197110423128
14.0 1.0 0.604747162022703844
14.0 2.0 0.623323013415892691
14.0 3.0 0.597259214709167430
14.0 4.0 0.645244436807285826
15.0 0.0 0.609649122807017552
15.0 1.0 0.628224974200206399
15.0 2.0 0.621001031991744057
15.0 3.0 0.625397370908153616
15.0 4.0 0.615259042873099071
16.0 0.0 0.630288957688338480
16.0 1.0 0.605779153766769829
16.0 2.0 0.600361197110423128
16.0 3.0 0.611693444453990876
16.0 4.0 0.621402182318068541
17.0 0.0 0.604747162022703844
17.0 1.0 0.614035087719298267
17.0 2.0 0.624871001031991780
17.0 3.0 0.629822149669215570
17.0 4.0 0.602414296760890089
18.0 0.0 0.614551083591331260
18.0 1.0 0.619969040247678072
18.0 2.0 0.605263157894736836
18.0 3.0 0.577841738981012099
18.0 4.0 0.630251739840192449
19.0 0.0 0.633642930856553210
19.0 1.0 0.603715170278637747
19.0 2.0 0.628740970072239502
19.0 3.0 0.621831772489045420
19.0 4.0 0.625397370908153616
20.0 0.0 0.604231166150670851
20.0 1.0 0.614551083591331260
20.0 2.0 0.608101135190918463
20.0 3.0 0.626686141421084253
20.0 4.0 0.626256551250107374
21.0 0.0 0.641898864809081537
21.0 1.0 0.615583075335397245
21.0 2.0 0.608101135190918463
21.0 3.0 0.635535698943208160
21.0 4.0 0.626256551250107374
22.0 0.0 0.600361197110423128
22.0 1.0 0.605779153766769829
22.0 2.0 0.611197110423116641
22.0 3.0 0.620113411805137904
22.0 4.0 0.626686141421084253
23.0 0.0 0.618421052631578982
23.0 1.0 0.599845201238390136
23.0 2.0 0.601393188854489225
23.0 3.0 0.626256551250107374
23.0 4.0 0.639530887533293235
24.0 0.0 0.576367389060887469
24.0 1.0 0.628224974200206399
24.0 2.0 0.604231166150670851
24.0 3.0 0.621531059369361705
24.0 4.0 0.636394879285161919
25.0 0.0 0.623323013415892691
25.0 1.0 0.636996904024767829
25.0 2.0 0.604747162022703844
25.0 3.0 0.621402182318068541
25.0 4.0 0.603273477102843847
26.0 0.0 0.601909184726522217
26.0 1.0 0.642414860681114530
26.0 2.0 0.634674922600619196
26.0 3.0 0.605550305009021406
26.0 4.0 0.621402182318068541
27.0 0.0 0.619453044375644968
27.0 1.0 0.595459236326109420
27.0 2.0 0.619969040247678072
27.0 3.0 0.597989517999828135
27.0 4.0 0.625826961079130495
28.0 0.0 0.628740970072239502
28.0 1.0 0.615067079463364363
28.0 2.0 0.616615067079463453
28.0 3.0 0.607268665692928922
28.0 4.0 0.601125526247959452
29.0 0.0 0.615067079463364363
29.0 1.0 0.619969040247678072
29.0 2.0 0.619969040247678072
29.0 3.0 0.630681330011169328
29.0 4.0 0.588280780135750470
30.0 0.0 0.605263157894736836
30.0 1.0 0.622807017543859587
30.0 2.0 0.618421052631578982
30.0 3.0 0.631540510353123086
30.0 4.0 0.597989517999828135
31.0 0.0 0.604747162022703844
31.0 1.0 0.627708978328173295
31.0 2.0 0.598297213622291046
31.0 3.0 0.631110920182146207
31.0 4.0 0.635106108772231281
32.0 0.0 0.617905056759545879
32.0 1.0 0.613003095975232171
32.0 2.0 0.634158926728586203
32.0 3.0 0.616676690437322761
32.0 4.0 0.616977403557006587
33.0 0.0 0.606295149638802933
33.0 1.0 0.638028895768833815
33.0 2.0 0.633642930856553210
33.0 3.0 0.587421599793796712
33.0 4.0 0.625826961079130495
34.0 0.0 0.604231166150670851
34.0 1.0 0.601393188854489225
34.0 2.0 0.637512899896800822
34.0 3.0 0.616977403557006587
34.0 4.0 0.629822149669215570
35.0 0.0 0.618421052631578982
35.0 1.0 0.623839009287925794
35.0 2.0 0.619453044375644968
35.0 3.0 0.626256551250107374
35.0 4.0 0.597989517999828135
36.0 0.0 0.619453044375644968
36.0 1.0 0.591073271413828705
36.0 2.0 0.639576883384932904
36.0 3.0 0.616118223215052829
36.0 4.0 0.606409485350975164
37.0 0.0 0.628224974200206399
37.0 1.0 0.604747162022703844
37.0 2.0 0.608617131062951455
37.0 3.0 0.612123034624967755
37.0 4.0 0.645244436807285826
38.0 0.0 0.609649122807017552
38.0 1.0 0.628224974200206399
38.0 2.0 0.614551083591331260
38.0 3.0 0.630251739840192449
38.0 4.0 0.597688804880144309
39.0 0.0 0.595975232198142413
39.0 1.0 0.608617131062951455
39.0 2.0 0.636996904024767829
39.0 3.0 0.639530887533293235
39.0 4.0 0.612123034624967755
40.0 0.0 0.619453044375644968
40.0 1.0 0.636996904024767829
40.0 2.0 0.616615067079463453
40.0 3.0 0.621402182318068541
40.0 4.0 0.589268837528997280
41.0 0.0 0.615067079463364363
41.0 1.0 0.601393188854489225
41.0 2.0 0.638028895768833815
41.0 3.0 0.596700747486897498
41.0 4.0 0.626256551250107374
42.0 0.0 0.642414860681114530
42.0 1.0 0.610681114551083537
42.0 2.0 0.600361197110423128
42.0 3.0 0.635106108772231281
42.0 4.0 0.610834264112037117
43.0 0.0 0.614551083591331260
43.0 1.0 0.639060887512899911
43.0 2.0 0.606295149638802933
43.0 3.0 0.597559927828851256
43.0 4.0 0.592705558896812423
44.0 0.0 0.614551083591331260
44.0 1.0 0.618937048503611975
44.0 2.0 0.623839009287925794
44.0 3.0 0.616547813386029708
44.0 4.0 0.616118223215052829
45.0 0.0 0.599329205366357032
45.0 1.0 0.618937048503611975
45.0 2.0 0.639060887512899911
45.0 3.0 0.615259042873099071
45.0 4.0 0.631540510353123086
46.0 0.0 0.618937048503611975
46.0 1.0 0.617905056759545879
46.0 2.0 0.614551083591331260
46.0 3.0 0.635965289114185039
46.0 4.0 0.603273477102843847
47.0 0.0 0.605779153766769829
47.0 1.0 0.599845201238390136
47.0 2.0 0.616615067079463453
47.0 3.0 0.630681330011169328
47.0 4.0 0.620543001976114783
48.0 0.0 0.629772961816305488
48.0 1.0 0.604231166150670851
48.0 2.0 0.632094943240454121
48.0 3.0 0.616118223215052829
48.0 4.0 0.587980067016066643
49.0 0.0 0.625902992776057765
49.0 1.0 0.610681114551083537
49.0 2.0 0.622807017543859587
49.0 3.0 0.592705558896812423
49.0 4.0 0.621402182318068541
50.0 0.0 0.618421052631578982
50.0 1.0 0.624871001031991780
50.0 2.0 0.623839009287925794
50.0 3.0 0.616977403557006587
50.0 4.0 0.626686141421084253
51.0 0.0 0.643446852425180627
51.0 1.0 0.624871001031991780
51.0 2.0 0.595975232198142413
51.0 3.0 0.612123034624967755
51.0 4.0 0.620972592147091662
52.0 0.0 0.615583075335397245
52.0 1.0 0.609649122807017552
52.0 2.0 0.609649122807017552
52.0 3.0 0.635106108772231281
52.0 4.0 0.630251739840192449
53.0 0.0 0.609649122807017552
53.0 1.0 0.605263157894736836
53.0 2.0 0.610165118679050544
53.0 3.0 0.616547813386029708
53.0 4.0 0.626686141421084253
54.0 0.0 0.618937048503611975
54.0 1.0 0.609133126934984559
54.0 2.0 0.609133126934984559
54.0 3.0 0.626256551250107374
54.0 4.0 0.629951026720508622
55.0 0.0 0.572497420020639858
55.0 1.0 0.617905056759545879
55.0 2.0 0.634674922600619196
55.0 3.0 0.629822149669215570
55.0 4.0 0.635965289114185039
56.0 0.0 0.608617131062951455
56.0 1.0 0.620485036119710953
56.0 2.0 0.629772961816305488
56.0 3.0 0.620972592147091662
56.0 4.0 0.607397542744221974
57.0 0.0 0.608617131062951455
57.0 1.0 0.624355005159958676
57.0 2.0 0.616099071207430349
57.0 3.0 0.605979895179998285
57.0 4.0 0.624967780737176737
58.0 0.0 0.608617131062951455
58.0 1.0 0.623323013415892691
58.0 2.0 0.605263157894736836
58.0 3.0 0.635106108772231281
58.0 4.0 0.606839075521952043
59.0 0.0 0.608617131062951455
59.0 1.0 0.599845201238390136
59.0 2.0 0.624871001031991780
59.0 3.0 0.635965289114185039
59.0 4.0 0.625397370908153616
60.0 0.0 0.604747162022703844
60.0 1.0 0.618421052631578982
60.0 2.0 0.610165118679050544
60.0 3.0 0.626256551250107374
60.0 4.0 0.620113411805137904
61.0 0.0 0.609907120743034104
61.0 1.0 0.613519091847265163
61.0 2.0 0.618421052631578982
61.0 3.0 0.597989517999828135
61.0 4.0 0.612552624795944634
62.0 0.0 0.620485036119710953
62.0 1.0 0.624097007223942235
62.0 2.0 0.623839009287925794
62.0 3.0 0.611693444453990876
62.0 4.0 0.588710370306727349
63.0 0.0 0.600877192982456121
63.0 1.0 0.623323013415892691
63.0 2.0 0.628224974200206399
63.0 3.0 0.630681330011169328
63.0 4.0 0.602972763983160021
64.0 0.0 0.618421052631578982
64.0 1.0 0.624355005159958676
64.0 2.0 0.619453044375644968
64.0 3.0 0.592705558896812423
64.0 4.0 0.617406993727983466
65.0 0.0 0.594943240454076427
65.0 1.0 0.611197110423116641
65.0 2.0 0.618421052631578982
65.0 3.0 0.611693444453990876
65.0 4.0 0.626256551250107374
66.0 0.0 0.624355005159958676
66.0 1.0 0.605263157894736836
66.0 2.0 0.623839009287925794
66.0 3.0 0.612123034624967755
66.0 4.0 0.592705558896812423
67.0 0.0 0.608101135190918463
67.0 1.0 0.606295149638802933
67.0 2.0 0.629256965944272384
67.0 3.0 0.616977403557006587
67.0 4.0 0.616977403557006587
68.0 0.0 0.619969040247678072
68.0 1.0 0.608617131062951455
68.0 2.0 0.635190918472652188
68.0 3.0 0.606839075521952043
68.0 4.0 0.621960649540338473
69.0 0.0 0.587203302373580982
69.0 1.0 0.622807017543859587
69.0 2.0 0.615583075335397245
69.0 3.0 0.630251739840192449
69.0 4.0 0.589268837528997280
70.0 0.0 0.581785345717234281
70.0 1.0 0.600877192982456121
70.0 2.0 0.624355005159958676
70.0 3.0 0.644385256465332068
70.0 4.0 0.625826961079130495
71.0 0.0 0.623839009287925794
71.0 1.0 0.613003095975232171
71.0 2.0 0.615067079463364363
71.0 3.0 0.602843886931866968
71.0 4.0 0.635535698943208160
72.0 0.0 0.610681114551083537
72.0 1.0 0.615067079463364363
72.0 2.0 0.632094943240454121
72.0 3.0 0.591846378554858665
72.0 4.0 0.616547813386029708
73.0 0.0 0.609649122807017552
73.0 1.0 0.585655314757481893
73.0 2.0 0.633126934984520107
73.0 3.0 0.626686141421084253
73.0 4.0 0.603703067273820837
74.0 0.0 0.600103199174406576
74.0 1.0 0.628740970072239502
74.0 2.0 0.604231166150670851
74.0 3.0 0.620972592147091662
74.0 4.0 0.596700747486897498
75.0 0.0 0.603715170278637747
75.0 1.0 0.601393188854489225
75.0 2.0 0.638028895768833815
75.0 3.0 0.630251739840192449
75.0 4.0 0.612123034624967755
76.0 0.0 0.627708978328173295
76.0 1.0 0.615583075335397245
76.0 2.0 0.616099071207430349
76.0 3.0 0.638671707191339477
76.0 4.0 0.592275968725835544
77.0 0.0 0.610681114551083537
77.0 1.0 0.615583075335397245
77.0 2.0 0.633642930856553210
77.0 3.0 0.617406993727983466
77.0 4.0 0.601984706589913210
78.0 0.0 0.614035087719298267
78.0 1.0 0.610681114551083537
78.0 2.0 0.614035087719298267
78.0 3.0 0.598118395051121188
78.0 4.0 0.620543001976114783
79.0 0.0 0.613519091847265163
79.0 1.0 0.624355005159958676
79.0 2.0 0.613003095975232171
79.0 3.0 0.616547813386029708
79.0 4.0 0.626256551250107374
80.0 0.0 0.609649122807017552
80.0 1.0 0.622807017543859587
80.0 2.0 0.615067079463364363
80.0 3.0 0.607268665692928922
80.0 4.0 0.620972592147091662
81.0 0.0 0.618421052631578982
81.0 1.0 0.619453044375644968
81.0 2.0 0.629256965944272384
81.0 3.0 0.621402182318068541
81.0 4.0 0.624538190566199858
82.0 0.0 0.610165118679050544
82.0 1.0 0.624355005159958676
82.0 2.0 0.613519091847265163
82.0 3.0 0.612552624795944634
82.0 4.0 0.608127846034882680
83.0 0.0 0.619453044375644968
83.0 1.0 0.608101135190918463
83.0 2.0 0.624871001031991780
83.0 3.0 0.621402182318068541
83.0 4.0 0.611693444453990876
84.0 0.0 0.635190918472652188
84.0 1.0 0.619969040247678072
84.0 2.0 0.604747162022703844
84.0 3.0 0.625826961079130495
84.0 4.0 0.583125698084027810
85.0 0.0 0.638028895768833815
85.0 1.0 0.589783281733746056
85.0 2.0 0.598813209494324039
85.0 3.0 0.611693444453990876
85.0 4.0 0.616977403557006587
86.0 0.0 0.601909184726522217
86.0 1.0 0.634158926728586203
86.0 2.0 0.616099071207430349
86.0 3.0 0.630251739840192449
86.0 4.0 0.578700919322965857
87.0 0.0 0.619969040247678072
87.0 1.0 0.609133126934984559
87.0 2.0 0.604747162022703844
87.0 3.0 0.631110920182146207
87.0 4.0 0.629392559498238691
88.0 0.0 0.595975232198142413
88.0 1.0 0.624355005159958676
88.0 2.0 0.618937048503611975
88.0 3.0 0.607827132915198853
88.0 4.0 0.635535698943208160
89.0 0.0 0.603715170278637747
89.0 1.0 0.624871001031991780
89.0 2.0 0.605263157894736836
89.0 3.0 0.620972592147091662
89.0 4.0 0.620113411805137904
90.0 0.0 0.590299277605779160
90.0 1.0 0.614551083591331260
90.0 2.0 0.633126934984520107
90.0 3.0 0.606409485350975164
90.0 4.0 0.620543001976114783
91.0 0.0 0.596491228070175517
91.0 1.0 0.639576883384932904
91.0 2.0 0.610165118679050544
91.0 3.0 0.620972592147091662
91.0 4.0 0.611263854283013996
92.0 0.0 0.604231166150670851
92.0 1.0 0.630804953560371473
92.0 2.0 0.622807017543859587
92.0 3.0 0.603273477102843847
92.0 4.0 0.608127846034882680
93.0 0.0 0.587719298245614086
93.0 1.0 0.609133126934984559
93.0 2.0 0.632610939112487114
93.0 3.0 0.616547813386029708
93.0 4.0 0.631110920182146207
94.0 0.0 0.634158926728586203
94.0 1.0 0.629256965944272384
94.0 2.0 0.610681114551083537
94.0 3.0 0.615688633044075950
94.0 4.0 0.601984706589913210
95.0 0.0 0.622807017543859587
95.0 1.0 0.643446852425180627
95.0 2.0 0.639060887512899911
95.0 3.0 0.597130337657874377
95.0 4.0 0.587851189964773591
96.0 0.0 0.637512899896800822
96.0 1.0 0.609649122807017552
96.0 2.0 0.637512899896800822
96.0 3.0 0.584285591545665506
96.0 4.0 0.597559927828851256
97.0 0.0 0.594427244582043324
97.0 1.0 0.615067079463364363
97.0 2.0 0.605779153766769829
97.0 3.0 0.640819658046223872
97.0 4.0 0.620543001976114783
98.0 0.0 0.618937048503611975
98.0 1.0 0.628224974200206399
98.0 2.0 0.611197110423116641
98.0 3.0 0.635106108772231281
98.0 4.0 0.592275968725835544
99.0 0.0 0.643962848297213619
99.0 1.0 0.615583075335397245
99.0 2.0 0.601393188854489225
99.0 3.0 0.597559927828851256
99.0 4.0 0.611693444453990876
