0.0 0.0 0.309999999999999998
0.0 1.0 0.320000000000000007
0.0 2.0 0.260000000000000009
0.0 3.0 0.270000000000000018
0.0 4.0 0.309999999999999998
1.0 0.0 0.230000000000000010
1.0 1.0 0.299999999999999989
1.0 2.0 0.270000000000000018
1.0 3.0 0.380000000000000004
1.0 4.0 0.200000000000000011
2.0 0.0 0.390000000000000013
2.0 1.0 0.390000000000000013
2.0 2.0 0.320000000000000007
2.0 3.0 0.390000000000000013
2.0 4.0 0.369999999999999996
3.0 0.0 0.390000000000000013
3.0 1.0 0.390000000000000013
3.0 2.0 0.260000000000000009
3.0 3.0 0.280000000000000027
3.0 4.0 0.270000000000000018
4.0 0.0 0.340000000000000024
4.0 1.0 0.369999999999999996
4.0 2.0 0.330000000000000016
4.0 3.0 0.340000000000000024
4.0 4.0 0.380000000000000004
5.0 0.0 0.220000000000000001
5.0 1.0 0.270000000000000018
5.0 2.0 0.309999999999999998
5.0 3.0 0.400000000000000022
5.0 4.0 0.280000000000000027
6.0 0.0 0.330000000000000016
6.0 1.0 0.239999999999999991
6.0 2.0 0.340000000000000024
6.0 3.0 0.250000000000000000
6.0 4.0 0.270000000000000018
7.0 0.0 0.299999999999999989
7.0 1.0 0.349999999999999978
7.0 2.0 0.299999999999999989
7.0 3.0 0.330000000000000016
7.0 4.0 0.299999999999999989
8.0 0.0 0.220000000000000001
8.0 1.0 0.230000000000000010
8.0 2.0 0.349999999999999978
8.0 3.0 0.340000000000000024
8.0 4.0 0.340000000000000024
9.0 0.0 0.359999999999999987
9.0 1.0 0.349999999999999978
9.0 2.0 0.320000000000000007
9.0 3.0 0.270000000000000018
9.0 4.0 0.400000000000000022
10.0 0.0 0.320000000000000007
10.0 1.0 0.340000000000000024
10.0 2.0 0.170000000000000012
10.0 3.0 0.380000000000000004
10.0 4.0 0.250000000000000000
11.0 0.0 0.299999999999999989
11.0 1.0 0.309999999999999998
11.0 2.0 0.170000000000000012
11.0 3.0 0.359999999999999987
11.0 4.0 0.320000000000000007
12.0 0.0 0.220000000000000001
12.0 1.0 0.320000000000000007
12.0 2.0 0.250000000000000000
12.0 3.0 0.260000000000000009
12.0 4.0 0.320000000000000007
13.0 0.0 0.320000000000000007
13.0 1.0 0.299999999999999989
13.0 2.0 0.289999999999999980
13.0 3.0 0.209999999999999992
13.0 4.0 0.369999999999999996
14.0 0.0 0.349999999999999978
14.0 1.0 0.330000000000000016
14.0 2.0 0.320000000000000007
14.0 3.0 0.239999999999999991
14.0 4.0 0.260000000000000009
15.0 0.0 0.309999999999999998
15.0 1.0 0.330000000000000016
15.0 2.0 0.289999999999999980
15.0 3.0 0.390000000000000013
15.0 4.0 0.309999999999999998
16.0 0.0 0.330000000000000016
16.0 1.0 0.239999999999999991
16.0 2.0 0.369999999999999996
16.0 3.0 0.260000000000000009
16.0 4.0 0.289999999999999980
17.0 0.0 0.380000000000000004
17.0 1.0 0.309999999999999998
17.0 2.0 0.309999999999999998
17.0 3.0 0.250000000000000000
17.0 4.0 0.299999999999999989
18.0 0.0 0.369999999999999996
18.0 1.0 0.359999999999999987
18.0 2.0 0.280000000000000027
18.0 3.0 0.409999999999999976
18.0 4.0 0.299999999999999989
19.0 0.0 0.369999999999999996
19.0 1.0 0.369999999999999996
19.0 2.0 0.270000000000000018
19.0 3.0 0.380000000000000004
19.0 4.0 0.349999999999999978
20.0 0.0 0.250000000000000000
20.0 1.0 0.250000000000000000
20.0 2.0 0.239999999999999991
20.0 3.0 0.369999999999999996
20.0 4.0 0.320000000000000007
21.0 0.0 0.320000000000000007
21.0 1.0 0.239999999999999991
21.0 2.0 0.309999999999999998
21.0 3.0 0.380000000000000004
21.0 4.0 0.239999999999999991
22.0 0.0 0.340000000000000024
22.0 1.0 0.239999999999999991
22.0 2.0 0.320000000000000007
22.0 3.0 0.230000000000000010
22.0 4.0 0.349999999999999978
23.0 0.0 0.380000000000000004
23.0 1.0 0.250000000000000000
23.0 2.0 0.230000000000000010
23.0 3.0 0.359999999999999987
23.0 4.0 0.419999999999999984
24.0 0.0 0.220000000000000001
24.0 1.0 0.349999999999999978
24.0 2.0 0.239999999999999991
24.0 3.0 0.320000000000000007
24.0 4.0 0.340000000000000024
25.0 0.0 0.330000000000000016
25.0 1.0 0.289999999999999980
25.0 2.0 0.330000000000000016
25.0 3.0 0.320000000000000007
25.0 4.0 0.359999999999999987
26.0 0.0 0.369999999999999996
26.0 1.0 0.340000000000000024
26.0 2.0 0.270000000000000018
26.0 3.0 0.280000000000000027
26.0 4.0 0.309999999999999998
27.0 0.0 0.320000000000000007
27.0 1.0 0.239999999999999991
27.0 2.0 0.340000000000000024
27.0 3.0 0.340000000000000024
27.0 4.0 0.400000000000000022
28.0 0.0 0.289999999999999980
28.0 1.0 0.359999999999999987
28.0 2.0 0.359999999999999987
28.0 3.0 0.349999999999999978
28.0 4.0 0.340000000000000024
29.0 0.0 0.390000000000000013
29.0 1.0 0.250000000000000000
29.0 2.0 0.270000000000000018
29.0 3.0 0.320000000000000007
29.0 4.0 0.390000000000000013
30.0 0.0 0.340000000000000024
30.0 1.0 0.230000000000000010
30.0 2.0 0.390000000000000013
30.0 3.0 0.400000000000000022
30.0 4.0 0.320000000000000007
31.0 0.0 0.359999999999999987
31.0 1.0 0.200000000000000011
31.0 2.0 0.380000000000000004
31.0 3.0 0.359999999999999987
31.0 4.0 0.400000000000000022
32.0 0.0 0.380000000000000004
32.0 1.0 0.400000000000000022
32.0 2.0 0.280000000000000027
32.0 3.0 0.340000000000000024
32.0 4.0 0.320000000000000007
33.0 0.0 0.340000000000000024
33.0 1.0 0.260000000000000009
33.0 2.0 0.340000000000000024
33.0 3.0 0.340000000000000024
33.0 4.0 0.330000000000000016
34.0 0.0 0.270000000000000018
34.0 1.0 0.340000000000000024
34.0 2.0 0.239999999999999991
34.0 3.0 0.289999999999999980
34.0 4.0 0.390000000000000013
35.0 0.0 0.260000000000000009
35.0 1.0 0.309999999999999998
35.0 2.0 0.309999999999999998
35.0 3.0 0.349999999999999978
35.0 4.0 0.320000000000000007
36.0 0.0 0.280000000000000027
36.0 1.0 0.330000000000000016
36.0 2.0 0.309999999999999998
36.0 3.0 0.409999999999999976
36.0 4.0 0.309999999999999998
37.0 0.0 0.280000000000000027
37.0 1.0 0.349999999999999978
37.0 2.0 0.190000000000000002
37.0 3.0 0.380000000000000004
37.0 4.0 0.390000000000000013
38.0 0.0 0.359999999999999987
38.0 1.0 0.289999999999999980
38.0 2.0 0.400000000000000022
38.0 3.0 0.359999999999999987
38.0 4.0 0.239999999999999991
39.0 0.0 0.330000000000000016
39.0 1.0 0.280000000000000027
39.0 2.0 0.440000000000000002
39.0 3.0 0.409999999999999976
39.0 4.0 0.309999999999999998
40.0 0.0 0.369999999999999996
40.0 1.0 0.380000000000000004
40.0 2.0 0.260000000000000009
40.0 3.0 0.320000000000000007
40.0 4.0 0.369999999999999996
41.0 0.0 0.299999999999999989
41.0 1.0 0.190000000000000002
41.0 2.0 0.369999999999999996
41.0 3.0 0.349999999999999978
41.0 4.0 0.380000000000000004
42.0 0.0 0.320000000000000007
42.0 1.0 0.250000000000000000
42.0 2.0 0.280000000000000027
42.0 3.0 0.409999999999999976
42.0 4.0 0.400000000000000022
43.0 0.0 0.359999999999999987
43.0 1.0 0.320000000000000007
43.0 2.0 0.340000000000000024
43.0 3.0 0.289999999999999980
43.0 4.0 0.340000000000000024
44.0 0.0 0.190000000000000002
44.0 1.0 0.369999999999999996
44.0 2.0 0.380000000000000004
44.0 3.0 0.320000000000000007
44.0 4.0 0.289999999999999980
45.0 0.0 0.359999999999999987
45.0 1.0 0.369999999999999996
45.0 2.0 0.390000000000000013
45.0 3.0 0.359999999999999987
45.0 4.0 0.380000000000000004
46.0 0.0 0.349999999999999978
46.0 1.0 0.320000000000000007
46.0 2.0 0.349999999999999978
46.0 3.0 0.380000000000000004
46.0 4.0 0.380000000000000004
47.0 0.0 0.280000000000000027
47.0 1.0 0.209999999999999992
47.0 2.0 0.390000000000000013
47.0 3.0 0.359999999999999987
47.0 4.0 0.390000000000000013
48.0 0.0 0.250000000000000000
48.0 1.0 0.209999999999999992
48.0 2.0 0.320000000000000007
48.0 3.0 0.289999999999999980
48.0 4.0 0.390000000000000013
49.0 0.0 0.359999999999999987
49.0 1.0 0.220000000000000001
49.0 2.0 0.340000000000000024
49.0 3.0 0.299999999999999989
49.0 4.0 0.390000000000000013
50.0 0.0 0.330000000000000016
50.0 1.0 0.230000000000000010
50.0 2.0 0.349999999999999978
50.0 3.0 0.220000000000000001
50.0 4.0 0.349999999999999978
51.0 0.0 0.220000000000000001
51.0 1.0 0.230000000000000010
51.0 2.0 0.320000000000000007
51.0 3.0 0.390000000000000013
51.0 4.0 0.320000000000000007
52.0 0.0 0.260000000000000009
52.0 1.0 0.380000000000000004
52.0 2.0 0.320000000000000007
52.0 3.0 0.330000000000000016
52.0 4.0 0.270000000000000018
53.0 0.0 0.309999999999999998
53.0 1.0 0.349999999999999978
53.0 2.0 0.289999999999999980
53.0 3.0 0.320000000000000007
53.0 4.0 0.309999999999999998
54.0 0.0 0.400000000000000022
54.0 1.0 0.239999999999999991
54.0 2.0 0.270000000000000018
54.0 3.0 0.250000000000000000
54.0 4.0 0.289999999999999980
55.0 0.0 0.340000000000000024
55.0 1.0 0.380000000000000004
55.0 2.0 0.220000000000000001
55.0 3.0 0.270000000000000018
55.0 4.0 0.359999999999999987
56.0 0.0 0.320000000000000007
56.0 1.0 0.280000000000000027
56.0 2.0 0.250000000000000000
56.0 3.0 0.320000000000000007
56.0 4.0 0.349999999999999978
57.0 0.0 0.349999999999999978
57.0 1.0 0.359999999999999987
57.0 2.0 0.299999999999999989
57.0 3.0 0.429999999999999993
57.0 4.0 0.230000000000000010
58.0 0.0 0.419999999999999984
58.0 1.0 0.209999999999999992
58.0 2.0 0.299999999999999989
58.0 3.0 0.390000000000000013
58.0 4.0 0.359999999999999987
59.0 0.0 0.289999999999999980
59.0 1.0 0.239999999999999991
59.0 2.0 0.359999999999999987
59.0 3.0 0.369999999999999996
59.0 4.0 0.380000000000000004
60.0 0.0 0.359999999999999987
60.0 1.0 0.380000000000000004
60.0 2.0 0.280000000000000027
60.0 3.0 0.320000000000000007
60.0 4.0 0.320000000000000007
61.0 0.0 0.270000000000000018
61.0 1.0 0.390000000000000013
61.0 2.0 0.239999999999999991
61.0 3.0 0.380000000000000004
61.0 4.0 0.299999999999999989
62.0 0.0 0.250000000000000000
62.0 1.0 0.330000000000000016
62.0 2.0 0.330000000000000016
62.0 3.0 0.359999999999999987
62.0 4.0 0.390000000000000013
63.0 0.0 0.359999999999999987
63.0 1.0 0.349999999999999978
63.0 2.0 0.349999999999999978
63.0 3.0 0.369999999999999996
63.0 4.0 0.390000000000000013
64.0 0.0 0.340000000000000024
64.0 1.0 0.359999999999999987
64.0 2.0 0.230000000000000010
64.0 3.0 0.390000000000000013
64.0 4.0 0.349999999999999978
65.0 0.0 0.239999999999999991
65.0 1.0 0.390000000000000013
65.0 2.0 0.280000000000000027
65.0 3.0 0.340000000000000024
65.0 4.0 0.250000000000000000
66.0 0.0 0.260000000000000009
66.0 1.0 0.190000000000000002
66.0 2.0 0.349999999999999978
66.0 3.0 0.409999999999999976
66.0 4.0 0.330000000000000016
67.0 0.0 0.209999999999999992
67.0 1.0 0.340000000000000024
67.0 2.0 0.260000000000000009
67.0 3.0 0.270000000000000018
67.0 4.0 0.380000000000000004
68.0 0.0 0.309999999999999998
68.0 1.0 0.320000000000000007
68.0 2.0 0.250000000000000000
68.0 3.0 0.230000000000000010
68.0 4.0 0.330000000000000016
69.0 0.0 0.349999999999999978
69.0 1.0 0.209999999999999992
69.0 2.0 0.309999999999999998
69.0 3.0 0.309999999999999998
69.0 4.0 0.230000000000000010
70.0 0.0 0.170000000000000012
70.0 1.0 0.299999999999999989
70.0 2.0 0.289999999999999980
70.0 3.0 0.400000000000000022
70.0 4.0 0.309999999999999998
71.0 0.0 0.320000000000000007
71.0 1.0 0.230000000000000010
71.0 2.0 0.270000000000000018
71.0 3.0 0.309999999999999998
71.0 4.0 0.390000000000000013
72.0 0.0 0.380000000000000004
72.0 1.0 0.369999999999999996
72.0 2.0 0.250000000000000000
72.0 3.0 0.369999999999999996
72.0 4.0 0.299999999999999989
73.0 0.0 0.250000000000000000
73.0 1.0 0.340000000000000024
73.0 2.0 0.280000000000000027
73.0 3.0 0.340000000000000024
73.0 4.0 0.409999999999999976
74.0 0.0 0.369999999999999996
74.0 1.0 0.380000000000000004
74.0 2.0 0.320000000000000007
74.0 3.0 0.239999999999999991
74.0 4.0 0.320000000000000007
75.0 0.0 0.270000000000000018
75.0 1.0 0.330000000000000016
75.0 2.0 0.230000000000000010
75.0 3.0 0.250000000000000000
75.0 4.0 0.250000000000000000
76.0 0.0 0.250000000000000000
76.0 1.0 0.369999999999999996
76.0 2.0 0.330000000000000016
76.0 3.0 0.299999999999999989
76.0 4.0 0.239999999999999991
77.0 0.0 0.390000000000000013
77.0 1.0 0.220000000000000001
77.0 2.0 0.330000000000000016
77.0 3.0 0.330000000000000016
77.0 4.0 0.260000000000000009
78.0 0.0 0.220000000000000001
78.0 1.0 0.320000000000000007
78.0 2.0 0.380000000000000004
78.0 3.0 0.349999999999999978
78.0 4.0 0.349999999999999978
79.0 0.0 0.349999999999999978
79.0 1.0 0.340000000000000024
79.0 2.0 0.330000000000000016
79.0 3.0 0.349999999999999978
79.0 4.0 0.359999999999999987
80.0 0.0 0.369999999999999996
80.0 1.0 0.429999999999999993
80.0 2.0 0.340000000000000024
80.0 3.0 0.179999999999999993
80.0 4.0 0.349999999999999978
81.0 0.0 0.340000000000000024
81.0 1.0 0.239999999999999991
81.0 2.0 0.359999999999999987
81.0 3.0 0.359999999999999987
81.0 4.0 0.359999999999999987
82.0 0.0 0.380000000000000004
82.0 1.0 0.250000000000000000
82.0 2.0 0.260000000000000009
82.0 3.0 0.359999999999999987
82.0 4.0 0.270000000000000018
83.0 0.0 0.250000000000000000
83.0 1.0 0.400000000000000022
83.0 2.0 0.349999999999999978
83.0 3.0 0.270000000000000018
83.0 4.0 0.270000000000000018
84.0 0.0 0.369999999999999996
84.0 1.0 0.380000000000000004
84.0 2.0 0.299999999999999989
84.0 3.0 0.270000000000000018
84.0 4.0 0.359999999999999987
85.0 0.0 0.359999999999999987
85.0 1.0 0.260000000000000009
85.0 2.0 0.340000000000000024
85.0 3.0 0.309999999999999998
85.0 4.0 0.369999999999999996
86.0 0.0 0.309999999999999998
86.0 1.0 0.359999999999999987
86.0 2.0 0.359999999999999987
86.0 3.0 0.220000000000000001
86.0 4.0 0.250000000000000000
87.0 0.0 0.340000000000000024
87.0 1.0 0.330000000000000016
87.0 2.0 0.390000000000000013
87.0 3.0 0.349999999999999978
87.0 4.0 0.230000000000000010
88.0 0.0 0.299999999999999989
88.0 1.0 0.280000000000000027
88.0 2.0 0.340000000000000024
88.0 3.0 0.270000000000000018
88.0 4.0 0.320000000000000007
89.0 0.0 0.369999999999999996
89.0 1.0 0.280000000000000027
89.0 2.0 0.239999999999999991
89.0 3.0 0.380000000000000004
89.0 4.0 0.309999999999999998
90.0 0.0 0.320000000000000007
90.0 1.0 0.299999999999999989
90.0 2.0 0.299999999999999989
90.0 3.0 0.349999999999999978
90.0 4.0 0.369999999999999996
91.0 0.0 0.359999999999999987
91.0 1.0 0.409999999999999976
91.0 2.0 0.349999999999999978
91.0 3.0 0.320000000000000007
91.0 4.0 0.340000000000000024
92.0 0.0 0.230000000000000010
92.0 1.0 0.330000000000000016
92.0 2.0 0.330000000000000016
92.0 3.0 0.419999999999999984
92.0 4.0 0.299999999999999989
93.0 0.0 0.330000000000000016
93.0 1.0 0.359999999999999987
93.0 2.0 0.330000000000000016
93.0 3.0 0.349999999999999978
93.0 4.0 0.349999999999999978
94.0 0.0 0.340000000000000024
94.0 1.0 0.359999999999999987
94.0 2.0 0.200000000000000011
94.0 3.0 0.369999999999999996
94.0 4.0 0.359999999999999987
95.0 0.0 0.390000000000000013
95.0 1.0 0.220000000000000001
95.0 2.0 0.320000000000000007
95.0 3.0 0.309999999999999998
95.0 4.0 0.429999999999999993
96.0 0.0 0.390000000000000013
96.0 1.0 0.359999999999999987
96.0 2.0 0.239999999999999991
96.0 3.0 0.349999999999999978
96.0 4.0 0.230000000000000010
97.0 0.0 0.309999999999999998
97.0 1.0 0.390000000000000013
97.0 2.0 0.239999999999999991
97.0 3.0 0.409999999999999976
97.0 4.0 0.369999999999999996
98.0 0.0 0.230000000000000010
98.0 1.0 0.390000000000000013
98.0 2.0 0.390000000000000013
98.0 3.0 0.380000000000000004
98.0 4.0 0.250000000000000000
99.0 0.0 0.270000000000000018
99.0 1.0 0.320000000000000007
99.0 2.0 0.369999999999999996
99.0 3.0 0.220000000000000001
99.0 4.0 0.369999999999999996
