2.254350010888396261e-01 3.037514325945094851e-01
4.837569958800889275e-02 4.973626065466923984e-01
1.407050813973175218e-01 3.441916987083553092e-01
1.214953420784111865e-01 3.242301695926242400e-01
1.730397314865494418e-01 2.887079127886221230e-01
8.483141709905453465e-02 1.213322777499671878e-01
8.797279495935915461e-02 3.109440508418577220e-01
1.907311241694819859e-01 2.839514666467671256e-01
1.698039105975049645e-01 3.536505799763549063e-01
1.243284902412986198e-01 2.430980566531150688e-01
1.400425674486069083e-01 3.548798284736872644e-01
6.433096998337019257e-02 5.532384757081308946e-01
1.337303573419105218e-01 3.163987588244213112e-01
8.175805413436547375e-02 1.180006017756339981e-01
1.594159381268442366e-01 2.821139444560152865e-01
1.684760293727587677e-01 3.495096623645195799e-01
1.570006242934369467e-01 3.347184915640829539e-01
1.399660347966645846e-01 2.475896084501202632e-01
1.220669457450210410e-01 3.105958144881625360e-01
1.457459443327553672e-01 2.812126953346163472e-01
1.776591151826368842e-01 3.225283170217578821e-01
1.451582676970717412e-01 3.493924659344765371e-01
1.663537286110905455e-01 2.602205945251144237e-01
8.134928785421223496e-02 9.761246085148411744e-02
-5.139578420433552758e-02 5.738069113372348262e-01
1.610917592448582736e-01 3.057187428827794484e-01
1.482536560608620491e-01 3.087641516067391456e-01
1.946013843209893623e-01 3.207919218522190530e-01
9.303473763888066295e-02 3.110516574013261204e-01
8.356038366808311857e-02 1.263496098787189048e-01
1.365693267440836745e-01 3.473171375818233098e-01
8.588337769577699884e-03 4.928074192765219408e-01
1.628996271221052894e-01 2.846581127217962526e-01
1.411106672618196445e-01 4.410296254481226308e-01
1.869504328086211975e-01 2.636697182952921770e-01
1.158809150776487357e-01 3.043558498957356639e-01
3.242898195197798511e-02 4.732051940133347734e-01
2.102908311272070618e-01 3.102515901243381724e-01
1.563849386237715633e-01 4.363162242679774483e-01
1.108752354605412604e-01 4.109564649854068330e-01
3.227842266735128640e-03 4.955562844099266062e-01
1.898774939714656385e-01 3.223417554333153356e-01
8.146613378612832523e-02 5.042469655129149242e-01
7.978226213227283814e-02 1.162413000306011107e-01
1.656922065936653476e-01 2.635846777753531600e-01
1.514236159256415470e-01 3.134312151347220521e-01
9.520200673596841690e-02 2.984351495495924378e-01
1.521572477933322565e-01 2.781490837081594392e-01
1.718181449126439664e-01 2.675254175094172737e-01
1.601547122365472864e-01 3.660140826780147738e-01
1.386228164125730133e-01 3.107576088527841396e-01
2.057518382797284273e-01 3.952394355350418165e-01
1.462048847138371632e-01 2.907191193092184545e-01
1.287737999377340237e-01 3.693351302210977072e-01
1.234105172483142138e-01 2.648794488189832319e-01
1.782400174630848766e-01 3.401701423562096260e-01
1.319303354062040246e-01 3.786887025825012021e-01
1.337788330974709339e-01 2.486861902674264713e-01
9.750132441117713433e-02 4.506476278402091196e-01
8.295391934116524979e-02 5.569247171798653584e-01
1.713243857121561631e-02 6.007991925991852389e-01
2.076091335228279766e-01 3.534574801253953513e-01
1.762533727417607554e-01 2.579083137888376065e-01
1.112485696845850747e-01 3.505158857613469570e-01
1.396889518651021900e-01 2.878542974398287657e-01
1.601949171217372514e-01 4.584121105324678314e-01
1.582002015234514336e-01 3.207606686207434832e-01
-1.153189180882429991e-02 6.068010281988642785e-01
7.177051184691017605e-02 3.601002689071945984e-01
9.166335466302742707e-02 1.121288384000771188e-01
9.359882940531039086e-02 4.178978924349456281e-01
1.220814971025082907e-01 2.935531577908206957e-01
1.756376799191405880e-01 2.827988687629392484e-01
7.365109673984610028e-02 1.151883972117090926e-01
1.927218726896220424e-01 3.329247772195376154e-01
9.142745253646232528e-02 2.924589262702392833e-01
1.934768522481019326e-01 2.930896352254825921e-01
1.250329270133318238e-01 4.916329699166780975e-01
1.651175992419672556e-01 3.097184715568980229e-01
1.244692217676933721e-01 3.031643099945648401e-01
1.720366575003125786e-01 4.538749827221182365e-01
8.387401755670421954e-02 4.602366166419489257e-01
1.348914018516608748e-01 3.134588491430256307e-01
1.797606283839874863e-01 3.080390484878273161e-01
4.773708426024930035e-02 4.419636064237904560e-01
8.453123642494787815e-02 3.404362581124403264e-01
1.631520041439348812e-01 2.985140787315395672e-01
8.800635787003657784e-02 4.750236054249475370e-01
1.725238019489584440e-01 2.902172854866719720e-01
1.781910668149481458e-01 2.736753611261493191e-01
1.721970513425344351e-01 2.790602864502849667e-01
2.045669485797047688e-02 5.308589883958996225e-01
1.593156274254612093e-01 3.243254736003324812e-01
7.115451331594048467e-02 1.130763059362892287e-01
1.706985070468145516e-01 2.822549508794187645e-01
1.817651839174517503e-01 3.331719142831485181e-01
7.646322705914708473e-02 2.907584705926397062e-01
1.895210060782160089e-01 2.906394529930264592e-01
1.611291247114075287e-01 3.956450121528002906e-01
1.210802239591762391e-01 3.419086130686452285e-01
1.768478080590122070e-01 2.687853285154099825e-01
1.253513046829714817e-01 2.985051237492453713e-01
1.410242671146881011e-01 2.928769021346688817e-01
1.541482742397120020e-01 4.704225736278199177e-01
3.624390613527704672e-03 5.957071057093150657e-01
1.813565949814850697e-01 2.792754806421769431e-01
7.631167864779740684e-02 4.605547290448003261e-01
1.586463069489213451e-01 2.469629576782431390e-01
1.441969316956862868e-01 3.356740269629011064e-01
6.947353475486241214e-02 5.222113148613473088e-01
1.596509878720875908e-01 2.700479930706185527e-01
5.786191710104512942e-02 5.246082411885111263e-01
1.078567828993164390e-01 4.398999282824636592e-01
1.490296028826019192e-01 2.991070745950960563e-01
9.977808583404558507e-02 5.094518524649790381e-01
1.231063697167558146e-01 4.203753536170352079e-01
1.664278937019330606e-01 2.609388820840565226e-01
-1.970149292884536274e-02 5.035339038556693181e-01
1.454765371206650781e-01 3.563024404645503407e-01
1.958706970311820117e-01 3.169330016211143186e-01
1.368771927992005200e-01 2.900456327165037429e-01
1.464291718799591024e-01 3.256751452441540295e-01
1.139205115601948787e-01 3.051587477781713686e-01
7.969348262939367211e-02 1.176432383194635084e-01
1.871828068633222542e-01 4.926809558282143620e-01
1.098794649418010638e-01 3.478569982807068750e-01
1.450846063180008805e-01 2.882785263117329522e-01
1.338907791895077581e-01 2.950573419872203895e-01
1.996147230243738024e-01 3.130756838093029515e-01
1.222246378221941709e-01 3.978950142595979456e-01
6.606231459440056741e-02 5.130811537620710849e-01
9.828862089459577955e-02 3.574238832802296151e-01
9.598062441311369652e-02 5.058421284539758034e-01
1.837058326454028834e-01 1.969498111052572220e-01
1.725591943163249098e-01 3.216788139285695070e-01
8.500064884927233111e-02 4.286814747060667674e-01
1.322450209466365378e-01 2.805033262894173207e-01
1.686406166671058360e-01 3.309948702416200539e-01
1.370770677172663266e-01 3.047788189266074643e-01
1.688714834050424884e-01 3.099923430786907241e-01
1.249408450587006503e-01 3.461745230012058805e-01
1.486275487111082816e-01 3.129365501128738569e-01
1.226838761467306110e-01 4.805012283564453757e-01
1.343266414728056524e-01 4.178465591422333980e-01
1.492835858334379817e-01 2.526535722972884090e-01
1.896399392634619957e-02 5.060531796575058472e-01
8.978522056020556141e-02 4.388859206430879567e-01
1.889661810407690379e-01 3.106707860221692430e-01
1.426562491571997382e-01 3.104074231504668213e-01
1.597699183175757542e-01 2.920544097059544209e-01
1.161133647879588060e-01 3.484929333497231441e-01
1.818829592946323015e-01 2.918821723026995274e-01
1.819964145811810707e-01 3.110267777300044223e-01
1.425550994958386664e-01 3.138541266753782644e-01
7.133498748182144633e-02 3.925233968377850879e-01
1.127463713281281893e-01 3.587082089273251895e-01
1.607874899053602369e-01 2.722835089016183985e-01
9.588265366940934564e-02 2.766489892174500143e-01
1.272381406234913970e-01 4.729230857717463543e-01
1.883647078105161743e-01 3.112224630329408215e-01
1.539444140291005569e-01 2.355219880438159663e-01
5.613848863632538155e-02 3.332771867933581045e-01
1.452974858262173208e-01 5.296182066444643510e-01
1.004750622884595379e-01 1.212562423335892536e-01
1.258822075296434917e-01 2.979563305533609596e-01
8.887967227553406069e-02 4.881241777610655919e-01
1.295885905644393044e-01 3.245741052866901177e-01
2.090915346284872300e-01 2.986210560543603454e-01
1.234776686906659399e-01 2.516368998183470262e-01
5.987268052933739093e-02 5.309416083576651291e-01
1.604839462108647308e-01 2.837990029520038870e-01
1.480429454092392627e-01 4.590048689070700960e-01
1.492382162052652561e-01 2.802685657614447656e-01
1.382167116776268911e-01 3.429478288438658207e-01
1.234965497719363453e-01 2.913611149953044821e-01
1.447557667576901408e-01 3.008187626022101879e-01
1.663159719397194480e-01 3.145534039739812382e-01
1.712849019673171602e-01 2.997345897540321658e-01
5.739420341703019290e-02 4.639136706564231938e-01
9.961741610451528561e-02 4.355105258517033007e-01
1.769186830246823328e-01 3.336563764776337981e-01
1.354969690252395276e-01 3.042168084387459337e-01
1.145254315481419594e-01 4.919651516596194041e-01
1.212378735964647070e-01 2.971888053173100674e-01
1.542636768636307665e-01 2.517384237494711963e-01
1.477584677495362708e-01 2.809591227935476776e-01
9.794069209271950849e-02 3.166078747725672993e-01
1.764627248039102314e-01 2.815999518119940981e-01
1.153945101439327048e-01 4.389147909797018743e-01
1.647940350233297602e-01 3.384166882050453351e-01
1.410941902309410523e-01 3.015616637499501373e-01
1.285596171713812019e-01 2.942718042636107145e-01
1.107777491722004432e-01 4.561889710489783201e-01
1.796931075614005835e-01 2.764616800952814368e-01
8.234451585726165757e-02 1.267152209024507148e-01
1.397775161993927984e-01 3.067489565892894121e-01
1.406448034602684749e-01 2.740532406748832916e-01
1.502473077070800855e-01 2.986120508341663649e-01
1.932283431326566325e-01 3.307452262275729638e-01
2.396552748071715394e-02 5.102994397416281691e-01
1.422343499310706472e-01 3.153398599150782911e-01
6.461774551386781362e-02 4.337582039729114269e-01
1.606745927191459977e-01 4.240839019410392319e-01
1.288726799654118516e-01 3.197914106340719598e-01
8.783928317463904345e-02 1.123941946628178867e-01
1.048721955496672853e-01 4.380790398478562886e-01
5.348248182499407144e-02 4.099527366980914023e-01
1.393858024913692539e-01 3.558051947673114834e-01
1.998023596571215088e-01 2.446122951050060945e-01
1.493770560886445165e-01 3.362354939295018608e-01
2.187121661143661966e-01 2.953118549950710658e-01
2.381696832892743129e-02 4.983801747775625235e-01
1.290286198058564759e-01 2.918180954572741626e-01
1.720333137793041145e-01 3.342456321782522610e-01
1.163451767348176596e-01 2.974959946193958538e-01
1.817463322137158610e-01 3.356885270072970662e-01
1.843836464185931723e-01 3.426948378567039599e-01
1.528756710929923823e-01 4.236395107682095484e-01
7.459893475351567216e-02 3.047045842101931967e-01
1.191163138745013478e-01 2.567975435286433128e-01
9.620061541384340720e-02 4.646704883434994438e-01
1.247567413049501944e-01 3.450562562921531962e-01
1.623752105642055077e-01 2.860089660259879096e-01
1.622635139832400430e-01 3.070656768323042352e-01
1.384370797087823290e-01 2.879953157962836796e-01
1.387048058890057722e-01 2.769109886333545600e-01
1.415523771707273559e-01 2.740299820592363989e-01
1.236723509710172947e-01 4.849249369420405853e-01
1.437941024253802935e-01 2.777615745180216922e-01
1.169035236034629138e-01 5.235557154760369647e-01
1.519649329794669212e-01 2.857897265848492463e-01
1.717759300639956632e-01 2.442454964379242310e-01
1.590121855338667289e-01 3.240392345355135872e-01
-2.266632044903648877e-02 5.602702355621930197e-01
1.669256054106842135e-01 4.661016991335459880e-01
1.863245774606946126e-01 3.079159643924846423e-01
1.128341218818219027e-01 2.688697592915598733e-01
6.953182812015772096e-02 5.362692509726538770e-01
7.315309612932735517e-02 5.070659252440656850e-01
1.667259152038655101e-01 2.666925024646173426e-01
1.751399245703536833e-01 3.141911930917445916e-01
1.474214792085196402e-01 2.903576749652086453e-01
1.649026563644630239e-01 2.850245588292129040e-01
1.660380498213375466e-01 3.107302179078641480e-01
6.152657432104496893e-02 1.112472177443431937e-01
-4.615299736322400629e-04 5.095998133246019135e-01
4.665934387809772543e-02 5.233008516979086311e-01
1.524578652238756660e-01 3.349644330989688390e-01
1.821518833961137118e-01 2.699031332216310086e-01
1.840193976707958368e-01 3.937750398398053298e-01
1.696495052552273453e-01 2.808497051636987818e-01
3.638294764339573134e-02 5.181546450845311291e-01
1.945168991531323333e-01 2.927068113778755198e-01
6.363805913651240931e-02 4.417539559969359542e-01
9.904057021584751486e-02 4.819101504108311840e-01
2.544316003948147165e-01 2.856410053204052057e-01
4.230222799038522302e-02 5.142506684858177968e-01
1.132791994204778996e-01 3.832545571371434590e-01
1.048948030604440473e-01 3.457785572686670750e-01
1.228332901174163938e-01 3.003107537612111355e-01
1.744515176465975467e-02 4.603578693464552840e-01
8.456571980645090358e-02 3.326347743314881367e-01
1.572321872807540821e-01 3.155284278447534341e-01
2.016837909903644033e-01 2.844129092223852129e-01
2.118415770413449029e-01 2.834512591588443930e-01
1.363407158814507192e-01 3.203844277558233755e-01
1.557632676012691564e-01 2.978543444712612454e-01
9.144836033955425214e-02 3.848091696167046938e-01
1.407571233877857042e-01 3.149485165529147257e-01
1.650992181796361868e-01 4.776578564195312904e-01
1.904486816290210105e-01 2.839197527164468160e-01
1.554106517115622366e-01 2.465376417446695778e-01
1.424236287704366000e-01 3.231218670468676835e-01
5.065189953608489892e-02 4.629059116039011545e-01
8.258582488882129646e-02 1.273456571129654435e-01
1.082613097631885679e-01 2.901073381067316714e-01
1.645808430037846992e-01 3.197502762162940382e-01
7.002218231508042234e-02 5.057231003257831592e-01
1.499644272886611063e-01 3.357748413056769188e-01
1.694854861380026001e-01 3.214239768870773561e-01
1.606324970883163394e-01 2.530633827461301610e-01
1.748056063792923420e-03 5.234941569078915835e-01
1.707891689164613147e-01 3.275059633591101416e-01
8.180796784365934604e-02 4.750828751543443307e-01
8.742825848662327815e-02 1.120581247248184087e-01
1.310078574013956720e-01 2.478227626477262635e-01
1.405802095604305468e-01 3.670717030905911171e-01
1.559373933596036876e-01 3.251647208832841862e-01
1.659930830431025628e-01 3.039669108350893101e-01
1.393273191800204480e-01 2.788434105162475030e-01
1.015981223532332195e-01 2.565260545053456576e-01
1.325784092394156344e-01 3.247204862229185474e-01
1.679640583587846125e-01 2.807675578221714430e-01
1.507301513510409807e-01 3.695416579372028387e-01
1.836883092799514727e-01 2.871202496408946647e-01
1.209456607906787828e-01 2.470263827506553878e-01
1.471780926185645433e-01 3.216810775471544703e-01
1.495598095035866326e-01 3.053533128135172969e-01
1.132210221953656587e-01 5.294209003170374794e-01
1.588911270203122728e-01 2.893041788877807052e-01
1.311784962027399415e-01 3.094609921151609822e-01
1.370551044769920401e-01 2.729089390174413432e-01
1.508091400813079408e-01 3.326989142886316309e-01
1.649250475269305183e-01 3.187988106637997254e-01
1.525129730338882772e-01 2.847326952708340020e-01
9.228133199823539135e-02 1.240969931708654078e-01
1.224362004820926941e-01 3.027900585977548742e-01
1.569789041312810163e-01 2.812451351429199331e-01
1.026532275933042387e-01 3.892902350351090668e-01
9.514686106983599734e-02 4.927579545292359864e-01
3.900050638555088711e-02 4.934059266124272702e-01
1.025805460648138989e-01 1.185655850043503962e-01
1.606741140667191092e-01 3.331900393741801247e-01
1.183666017163885059e-01 3.045225513600663958e-01
9.756482958383572157e-02 3.672566049363784058e-01
1.297554998679772420e-01 3.899240508017693951e-01
1.645561256296600161e-01 3.172149183031814368e-01
1.245701132421706964e-01 3.059880838063944730e-01
1.255389018833941439e-01 4.586736167758612148e-01
7.934895770145516947e-02 1.120270236449186635e-01
1.296407882621568586e-01 2.861169532346757305e-01
2.090419229132629009e-01 3.197332478011115642e-01
1.227145053486552867e-01 3.095161067275361000e-01
1.307505050352961440e-01 2.856698290816543362e-01
1.017450309807362285e-01 4.936982704183270898e-01
1.527299403821591739e-01 2.733109688780108737e-01
1.483769139423549155e-01 4.673857623583236864e-01
1.229037497721571365e-01 3.286762876416308710e-01
1.614064939156379941e-01 2.745476662060173378e-01
4.287614618305873870e-02 5.199070259592314391e-01
6.660467631529938537e-02 4.447125661451082346e-01
1.796607160811500292e-01 2.991188865846694522e-01
1.778757478879731124e-01 3.090605747161655481e-01
1.721042713696326609e-01 4.297654095152864118e-01
7.695734933910265696e-02 3.085393588142985588e-01
1.242894918152755712e-01 2.634803043666828493e-01
1.417420618037991131e-01 4.280300347502480340e-01
1.747907380510217712e-01 3.751276863487405522e-01
1.709078964058701744e-01 4.072129057739630742e-01
4.489642651037481502e-02 4.621613240686499591e-01
5.819684624938692430e-02 4.993462437790118225e-01
1.462798581420463040e-01 2.501380631084265671e-01
7.473117550975637291e-02 5.175664190769139195e-01
1.250632029161784509e-01 2.719148597679950652e-01
9.831433736274482194e-02 1.277904715615437448e-01
1.232780162211687403e-01 4.154549667864899654e-01
1.441046765306313038e-01 2.920845295908848782e-01
1.233912568086244915e-01 4.696235572552701076e-01
1.326208922852864791e-01 3.150280769230117683e-01
8.056833044374395181e-02 1.167005290159001396e-01
4.511297113828091100e-03 3.953068647345398534e-01
1.826181495783131825e-01 3.008385119777507999e-01
1.503170436577290769e-01 4.546478821801222536e-01
1.425270309075023778e-01 3.571067466534809109e-01
1.696519512340836644e-01 2.967745743357134702e-01
8.040485668179780943e-02 3.540117077578876503e-01
1.328304830592658969e-01 2.861026955042726971e-01
2.530872946893642506e-01 3.306161219899153569e-01
1.201739051852538098e-01 4.057135831438076767e-01
1.649208814962616065e-01 3.480441502351753202e-01
1.154907551819168432e-01 3.404489408466547240e-01
1.951316777436720440e-01 3.228567528698726430e-01
1.061429278007353094e-01 3.028018138386065483e-01
1.315769523705043187e-01 2.508725789393078665e-01
1.848591845257397670e-01 3.032821611586967170e-01
1.522581361788305221e-01 3.090592798537916686e-01
1.233148469870667258e-01 3.034286261330429446e-01
1.679498858275002837e-01 3.156398223428665828e-01
1.423797812243607908e-01 4.196737342971820217e-01
9.864855918586072636e-02 4.250015993445043772e-01
9.047176769277201491e-02 1.197984612056740977e-01
1.670839746477754961e-01 3.286901289235539814e-01
1.544897930454545432e-01 2.768482980293587303e-01
4.148111073982879010e-02 5.111908463147138981e-01
1.114988805109905778e-01 2.630088511548291930e-01
1.481886520617082259e-01 2.967039777672835776e-01
-5.500163511275589327e-03 4.226554500515638524e-01
2.495748595324254748e-01 3.199895933832387351e-01
1.193561949509231584e-01 3.309046359758509026e-01
1.151066774397120906e-01 4.584010175947555998e-01
1.492812223166869179e-01 3.001695343273745320e-01
-4.778989812721748387e-02 6.360010558340252196e-01
9.512912456336368450e-02 4.810557962651844099e-01
2.108611143055550974e-01 2.665745821772645963e-01
1.357984545869741211e-01 2.766526718602468904e-01
9.396536199111810150e-02 4.364773325400619353e-01
1.149774369952690639e-01 4.293245768232507587e-01
1.346018425763162163e-01 3.400047033345059422e-01
1.637463146384340040e-01 4.133790125100186286e-01
1.479950639627193310e-01 3.046743710579550291e-01
1.344028381003290473e-01 3.370427415587379794e-01
1.632296168874761422e-01 3.277600329973082705e-01
9.885293619253543440e-02 2.987950433042196319e-01
8.001847665976084822e-02 9.912195628948444748e-02
1.677982186127915110e-01 2.993085200518076361e-01
1.444700566363312233e-01 2.546679315754339368e-01
1.798590221180517978e-01 3.535249250348024286e-01
8.679104269178808395e-02 3.189745464309309830e-01
1.372426701241331523e-02 5.113994573924641740e-01
2.298849257366824550e-01 3.962892241148765482e-01
1.251247373742939151e-01 3.296248519191576909e-01
1.533105373049723219e-01 3.065024919253912516e-01
1.763204436032011768e-01 3.344332892571588722e-01
1.613922452459211065e-01 3.261139838274211278e-01
1.207763105772718393e-01 3.110839956363785075e-01
1.313378465501068570e-01 2.810642744857139719e-01
1.243569837332781786e-01 3.331254928781322011e-01
1.456252656338920815e-01 3.281400903133882552e-01
9.039040543877346900e-02 4.550852450554007111e-01
1.988067971777693066e-01 2.695845343875862277e-01
1.087201739596221767e-01 3.283270679631571376e-01
1.612927278469788173e-01 3.263999914248678080e-01
1.755013146920395284e-01 2.885434340813247678e-01
9.288651411175322115e-02 4.479398989694545197e-01
1.277212318546166736e-01 4.143934989867681384e-01
1.892146831358860748e-01 2.835679375796819612e-01
1.336838628908632587e-01 2.664019456964821231e-01
8.487266260353110159e-02 5.524565212390131208e-01
1.486241322846567625e-01 3.048042010449708017e-01
1.279913516760333159e-01 2.964278848056826621e-01
1.271816873208541643e-01 4.455043915973093127e-01
2.087792734586202958e-01 2.894924576080151191e-01
1.433144209997627427e-01 2.784717126241479379e-01
-2.739389460464632803e-02 6.112933812301296621e-01
7.059961396710964787e-02 1.046044806165890434e-01
1.962855819637803478e-01 3.334941294900384268e-01
7.132984065816391772e-02 1.220660950779043907e-01
1.144152520287669839e-01 2.384210243439085775e-01
1.684569031181208099e-01 2.873072911076297031e-01
1.471091512642122845e-01 3.188963601253168578e-01
3.226187424345088040e-02 4.755028745993239436e-01
1.700561986854658703e-01 3.312071861408498741e-01
1.001311205176909774e-01 4.642868599230069449e-01
1.636822498672638182e-01 3.191541392463528859e-01
7.702905475145220560e-02 1.002102450983825832e-01
1.251045850302210383e-01 3.365403442102619658e-01
1.356644777759027365e-01 2.646480317299840790e-01
1.389812864594529296e-01 2.802510867026637431e-01
1.557821575318849849e-01 3.520883593097191011e-01
1.781255954035166900e-01 2.890185485130500331e-01
6.256005092732837281e-02 4.561030253392873157e-01
1.870219791526409603e-01 2.870641419358705426e-01
1.497838977057417698e-01 3.086208598894261690e-01
8.089252655389675417e-02 1.131981865916727309e-01
3.566930560967665476e-02 5.499294814368639317e-01
1.298337012667473422e-01 2.805002978139095604e-01
1.381759886801212645e-01 4.480740923606442716e-01
1.543140157073119301e-01 2.778505835562716797e-01
1.474291366540753101e-01 3.212048774095728754e-01
9.117775999946330090e-02 4.840711477517791739e-01
7.586668834354272362e-02 1.231693090307278415e-01
2.007258808860741817e-01 2.940677570625439552e-01
1.834760880833282426e-01 2.817246407186184132e-01
1.009823571286177363e-01 3.225983146769526577e-01
1.195457430766570794e-01 2.760663814686604156e-01
1.609607414709108009e-01 3.761807931222849732e-01
1.544517517656983085e-01 4.887428579679310436e-01
1.711217984173604711e-01 2.956857938701920041e-01
6.546401953876355984e-02 4.778921074527553436e-01
9.046770546276632075e-02 3.247926849934827387e-01
1.932220643347455913e-01 2.478418668895980281e-01
1.040458664022128610e-01 5.027494775824838946e-01
1.128444439349808592e-01 3.135783291088276026e-01
9.768377035884046045e-02 4.863145452883477771e-01
8.382280531835974158e-02 4.692795379359537833e-01
1.006786447433985765e-01 4.019266677372583252e-01
1.740232448634758677e-01 2.589810480819419447e-01
3.925382590477545161e-03 5.479774541994529846e-01
1.698432456702259064e-01 2.958214343559542048e-01
1.079836737675943514e-01 5.264597677380228324e-01
1.304061758394823578e-01 4.405692383857500727e-01
1.547635950032928420e-01 3.065825260395450003e-01
7.206806371796760369e-02 4.699918251099735600e-01
1.923586732363544161e-01 3.000771517416708223e-01
1.127570837898742018e-01 3.055999555252667532e-01
1.447346124544149348e-01 2.925638514348498087e-01
2.015042834236523139e-01 3.151477283531088913e-01
1.118861366191794965e-01 5.109020146077102309e-01
1.302553581675864880e-01 2.886013544529372754e-01
9.786771198355735668e-02 2.730491440212189924e-01
1.705480293467415975e-01 2.941791290040614570e-01
1.010587067557035951e-01 3.678863392664138976e-01
2.176456035708577152e-01 2.922590575295166415e-01
3.998624714030106497e-02 4.293361620901211539e-01
1.450337595095827214e-01 2.941393048156570322e-01
1.070350750035783116e-01 2.493490793573481801e-01
1.425118474221613862e-01 4.373950141417602411e-01
-2.808977949610487078e-04 5.083268788886176059e-01
1.779182449018297529e-01 3.637402187344998539e-01
1.929376814335088397e-01 3.024386577431217860e-01
1.885615433912853078e-01 3.054401489021053573e-01
1.947086815768944157e-01 2.485883450015729246e-01
9.951621242236613485e-02 4.933722940266014878e-01
1.400545855498066816e-01 3.098522544363164211e-01
6.716582281157709722e-02 3.398891711913925584e-01
2.292960588950243572e-02 5.677858269262611168e-01
1.750836951970721755e-01 3.766503387353780097e-01
1.517710881594980521e-01 3.767523392376560532e-01
1.382058438259971822e-01 2.784822236163369547e-01
1.580986786182094206e-01 3.401543889642577034e-01
