-5.400651724645021134e-02 -2.103331617130570208e-02 1.766520337714257149e-01 2.115660778895515903e-01
-1.372434010767587531e-01 4.981473171461655441e-02 1.034307477414721788e-01 3.195276052233493869e-01
-2.065087217735998015e-01 1.774944904883869745e-02 1.085176895129970065e-01 3.070599961645474885e-01
-1.920393011326199662e-01 2.017442950107537977e-02 9.269259702014175095e-02 2.916787989949180537e-01
-1.364768576041655024e-01 1.001588458694430486e-02 1.506676210638853430e-01 2.631797648019468250e-01
-3.600860884446316357e-01 3.421191436284293230e-01 1.531060469054191242e-01 5.376076723410605496e-01
-9.542933177525320110e-02 -3.204163359481753542e-02 6.839825442874283845e-02 2.829725233781713589e-01
-2.500994254952108031e-01 3.334113688716978940e-02 1.563898411906680941e-01 2.347701540418539179e-01
-1.524320671831614071e-01 2.118134036507008169e-02 1.500993556038432708e-01 3.295551567414981564e-01
-7.860301676341378829e-02 -1.625613242014377693e-02 1.044265093093342811e-01 2.234974359220882612e-01
-1.958401929009779829e-01 5.156459936184945581e-02 1.221453858750669724e-01 2.343872490835226530e-01
-2.124425838361195529e-01 -4.441416772302201471e-03 1.109608389043396925e-01 2.962603622455962649e-01
-4.419553244672436154e-02 -2.825792763793263940e-02 7.049075047069795763e-02 1.067651890562732603e-01
-1.107120989078365092e-01 4.577980615792994444e-03 1.365860812960713322e-01 3.020862999458537312e-01
-1.221378932796553379e-01 -1.583929325226718365e-02 1.325089019080341879e-01 2.560409434971930853e-01
-1.867518067456106767e-01 -1.271909590445083511e-02 1.322193800209448544e-01 3.165056302100984764e-01
-3.347490527624137346e-01 3.478376275509182380e-01 1.606060560835539386e-01 5.518898986456458600e-01
-2.056036589400728753e-01 4.089068591684285464e-02 1.161015761984486305e-01 2.155652363652741377e-01
-5.510796388569490223e-02 -1.405831695374854147e-02 1.099716919450999392e-01 2.945858692369291987e-01
-1.289384182446593474e-01 -1.068262091454335629e-02 1.206247372428841808e-01 2.525978208242865564e-01
-1.422980602078895151e-01 -2.427953284591543442e-02 1.443579223228693420e-01 2.924358988131718906e-01
-2.704133398465107252e-01 9.972581104502765276e-03 9.273884889499298123e-02 3.013905973129444860e-01
-1.714199768207774199e-01 1.756453221182543156e-01 1.864470698523725545e-01 3.732211453471467322e-01
-1.954993049586991605e-01 1.304569032867489153e-01 1.854688362888327613e-01 3.279792556656340730e-01
-1.203723801527386977e-01 5.001356111615903183e-02 6.167090929019107548e-02 3.304472225249268091e-01
-1.929564163855500836e-01 4.043568306378708677e-02 1.370499419971252242e-01 1.977603647611372861e-01
-8.604924815000890292e-02 -1.140530444119975013e-03 1.323104426291896174e-01 2.905716841775328185e-01
-3.929821015218555313e-01 2.917605363817287190e-01 1.968207727558584363e-01 4.651708829316502647e-01
-2.568492451220560913e-01 2.661616744460308936e-01 4.940905328341543140e-02 5.306895387277515974e-01
-2.704535053122913979e-01 1.280000822916516068e-01 1.739376048026581439e-02 5.774657784414541917e-01
-9.524072084184884157e-02 3.196087300662491665e-02 1.308443654009083246e-01 3.369433073058615835e-01
-4.459680419341750524e-01 3.348638137672931281e-01 -7.569733366713227857e-03 5.289450407968800949e-01
-5.949931732588398248e-02 -2.440286825461520162e-02 7.431054404653653078e-02 9.921698507573060988e-02
-1.733374730148884157e-01 -9.049385227836917803e-03 1.279475194038986463e-01 2.799779792343754514e-01
-9.581953899294970434e-02 -8.362251395994617365e-02 1.489289981001710172e-01 2.201071850763800519e-01
-1.489006058713463754e-01 1.815212492007380329e-01 9.114729307385982526e-02 4.756361733889650223e-01
-1.400117746746639136e-01 -8.386804175269034836e-03 6.697553283859550288e-02 2.832142355186013094e-01
-1.040180885976378505e-01 -3.928122998414831230e-02 1.823972257671784558e-01 2.788434889662796401e-01
-2.480575512709229380e-01 3.839252529684100690e-02 1.416657110193490499e-01 2.728239909162686883e-01
-1.693744436511196994e-01 4.592076857037436649e-02 1.232575144513219367e-01 2.654970253821086201e-01
-1.909380077923846786e-01 3.004080157204191623e-03 6.161857781360199210e-02 2.561171074417419868e-01
-1.391692964187567771e-01 -4.868890559222816689e-02 1.544542204451661849e-01 2.859391750869302307e-01
-2.122762618213159258e-01 9.967160200021196736e-02 6.858271235518466347e-02 4.865942051292730386e-01
-2.502544937808768299e-01 3.115107715259676779e-01 1.309257348682068278e-01 5.580727511027491206e-01
-1.678284288828260917e-01 8.542982649318672794e-02 1.619043291506377102e-01 2.536531969856650748e-01
-2.354212141010386117e-01 1.708600660123219261e-01 1.195972200300706306e-01 4.851902229189410387e-01
-4.931342706851735147e-02 -3.321094011476227736e-02 5.542585603474185080e-02 9.653114806050760999e-02
-1.864386015573623878e-01 6.021031548151805496e-02 1.399704757972760616e-01 2.584616549882502445e-01
-5.912392813950808484e-02 -3.486341634010997614e-02 7.351316705729651901e-02 9.370715480155657195e-02
-2.749870667339759933e-01 1.088047481750328838e-01 9.791347141588867264e-02 5.038881582912326795e-01
-5.166384174722593592e-02 -4.347373780305778534e-02 6.898281570497909188e-02 1.028572127205839987e-01
-1.694239249890469035e-01 -2.255048501081526394e-02 1.561641492982272783e-01 2.512055884950538109e-01
-2.076411952071346712e-01 1.813558597119432070e-01 1.465088053892575071e-01 4.175438050839431758e-01
-1.633801974695184567e-01 2.510492298358688729e-02 1.087295502837184041e-01 3.459889435460356544e-01
-1.800079844824481190e-01 5.544457396211626560e-02 1.105450620008857493e-01 2.455833575642300259e-01
-1.933382790397792927e-01 1.742218227602716774e-02 1.517431198145031968e-01 3.074988196748653091e-01
-2.589136707002716031e-01 2.716926103762018485e-01 1.683487367114849809e-01 4.088761099794054887e-01
-7.885187453525974166e-02 -1.858355191921213720e-02 1.148911915114035898e-01 2.304179370182494191e-01
-2.907349457610958199e-01 1.657757374558913588e-01 7.904856964593673374e-02 4.626932052854434430e-01
-1.791405003404641372e-01 4.391318624695514372e-02 1.183496210039573365e-01 3.524963833922451495e-01
-2.982444213583604897e-01 1.610813716214641866e-01 4.447374320331540232e-02 5.289870932043649887e-01
-3.272134640542919137e-01 2.570542112481124519e-01 2.228670814984138882e-01 3.781123917458978911e-01
-1.255977286000043713e-01 -1.299837907193666757e-02 1.507872635124572480e-01 2.303442690073433108e-01
-1.422710906618508686e-01 1.468826257227785238e-02 9.256555185795437013e-02 3.228969521712160562e-01
-2.281948390015524908e-01 1.990408692429450344e-01 1.319295184164611390e-01 4.232358754987580740e-01
-1.641287268825955270e-01 3.160484562569252504e-02 1.532848252901180541e-01 2.820665711919545515e-01
-9.199305770473388544e-02 3.590773351810212788e-02 1.538366329330644044e-01 3.103115590235753785e-01
-2.979830531633427815e-01 1.174776462592806020e-01 8.402124487543710663e-03 5.117047811373163224e-01
-1.133181715969452802e-01 2.245608520917018874e-02 8.915437404815744482e-02 2.332243729052716485e-01
-1.796927656321624378e-01 -7.226848800102157614e-04 1.622193348407071078e-01 2.597805223792833962e-01
-2.547789607685808644e-01 1.854178290247017469e-01 1.058280735344837298e-01 4.038653302525638256e-01
-1.440287924215723214e-01 1.493464879554455282e-01 8.414446638197926875e-02 4.736811585734671537e-01
-1.502292338599260646e-01 3.905633811456189070e-02 1.580817801418233359e-01 2.673496894453123995e-01
-1.744435417360571117e-01 -1.487686072515921653e-03 9.455792971030478611e-02 2.915574437541900710e-01
-1.826591644615467025e-01 9.399597382502313664e-03 1.679577932727608636e-01 3.007561499195308685e-01
-2.162361261920318634e-01 2.785094203082987274e-01 4.304894182850233647e-02 5.215016856050033178e-01
-2.490976667811634071e-01 2.286646241690790116e-01 2.039154217241515576e-01 4.503159739143610119e-01
-2.292271655782064099e-01 -5.000841097398828899e-02 1.170884789435045759e-01 2.643645879364281415e-01
-1.445033266549780038e-01 1.233790757608074599e-03 1.403816679220358521e-01 2.844327520209202209e-01
-1.426950158496773091e-01 4.047693611499941779e-02 1.104555931178975992e-01 2.831279083596202617e-01
-9.733631315423242614e-02 -1.931477556972158866e-02 1.640149870891542960e-01 2.811177355121037835e-01
-5.688057899372093995e-02 -3.391942434074328439e-02 6.544266097647075120e-02 9.878731178101725352e-02
-3.796871516179640138e-01 3.308053863266633421e-01 1.342972970544809852e-01 4.648529166377365351e-01
-2.018100210720559784e-01 1.244825079658049005e-02 1.516288651322422187e-01 2.710672469739791590e-01
-1.005261173039190548e-01 -4.056318846351500418e-02 7.283774436368321836e-02 2.675060545965628478e-01
-1.309550877006573633e-01 1.412321531506899666e-02 7.023750640437664838e-02 3.173354582548413294e-01
-2.079564729516723831e-01 2.370466876609214901e-01 1.912110401821960071e-01 4.430158536165486605e-01
-1.559401507548459076e-01 -1.183748324896378643e-02 1.077768597583812077e-01 2.844427255721000414e-01
-1.700857080051317860e-01 -5.063156242594811507e-03 1.411431488297285319e-01 2.571060561611906436e-01
-1.589214428226676523e-01 9.875439039982338366e-03 1.471123959749945365e-01 2.456376449480779933e-01
-3.101077105632132347e-01 2.693568851848612278e-01 1.811870517854244633e-01 4.306102050379218560e-01
-9.234179466359968003e-02 3.667751656789932507e-02 1.073187606047056181e-01 3.094462435148594426e-01
-1.299684324550340886e-01 -7.145230239454848642e-02 1.231690262271816355e-01 2.778825294297071480e-01
-1.954818645226274743e-01 6.628433507645313527e-02 1.067373943977544953e-01 2.949681025222795627e-01
-1.658429835474434233e-01 1.569481772229743000e-03 1.369000350006299715e-01 2.548026903836408397e-01
-3.498615560526202595e-01 2.149450586908511485e-01 1.784110262494258692e-01 4.468138963387348617e-01
-1.518143979133667887e-01 5.306935066928886169e-02 6.300423629393037128e-02 2.721211443594011015e-01
-1.633026448612757420e-01 -1.898631641427550587e-02 1.584609964589660525e-01 2.517315877698824145e-01
-1.522471934567710128e-01 3.422558966035821326e-02 1.492364262074823145e-01 2.552434032208958370e-01
-6.319710302521015788e-02 -2.896459825637589386e-02 1.024655060966954273e-01 3.215502324105339316e-01
-5.489230649426759395e-02 -4.305760000537626336e-02 7.441202088472612108e-02 9.413689161636461245e-02
-1.677525921050035118e-01 6.197843314793305761e-03 9.475098281022494018e-02 2.695990017755279800e-01
-1.316045310307366600e-01 -2.057537590450870396e-03 1.188529631730163849e-01 2.617816326908123381e-01
-5.862601767084912874e-02 -3.910300622619296285e-02 8.084498933298300827e-02 1.076602315385180031e-01
-1.720686354444190824e-01 5.361445712707759575e-02 1.028521058206298966e-01 3.349407095377543997e-01
-1.428286134412153630e-01 -3.059944196727060542e-02 1.507878849626594908e-01 2.423936176327410597e-01
-1.932572604922372650e-01 4.502091709729309082e-02 1.005662593893242029e-01 2.855329122276695775e-01
-2.871078033581642153e-01 2.186147875492312764e-01 1.574596964680659017e-01 3.657334114159163097e-01
-1.335085689813034493e-01 5.205114083011129489e-02 1.384480460413572700e-01 3.239906876035700822e-01
-1.244157369290032206e-01 -1.726465399994748379e-02 9.849666640147394792e-02 3.234778123016759377e-01
-2.547509736482027609e-01 1.712708540785344846e-01 1.423651774366327116e-01 4.021160793501123432e-01
-1.588026037759844855e-01 8.444031593156686374e-03 1.045921978218437159e-01 2.961451246858889941e-01
-1.638937831333323603e-01 -7.086979750251890323e-03 1.135395665718731822e-01 2.687505071607508844e-01
-2.874904881569573800e-01 1.984078773643811189e-01 1.351366549605300948e-01 4.177821865814754787e-01
-4.991050164429356589e-02 -3.136662278074513893e-02 7.451920426262205466e-02 1.104482590679795595e-01
-1.871599939694517656e-01 3.416090871467603735e-02 1.245647338550387867e-01 2.537543281365051140e-01
-1.858952311421015469e-01 -6.116056204052046016e-03 1.375515376898496234e-01 2.228610580677503894e-01
-1.156006610700174714e-01 9.875560776368480509e-02 8.429290835722905162e-02 3.057121808325036216e-01
-8.278702873081772440e-02 -2.842898391793041366e-02 1.246628015185363009e-01 3.335651449009366387e-01
-1.558884328225146054e-01 -2.375592261098026861e-02 1.606937570383747405e-01 2.813189620068687891e-01
-2.259346388334179945e-01 1.703631218175865325e-01 1.322341963087482475e-01 3.231893718009709593e-01
-2.312287031208330457e-01 9.597055009342510268e-02 9.508595731564759013e-02 4.436404039686029366e-01
-4.435486418112920270e-02 -1.786396299920134378e-02 6.359051577765807706e-02 1.024860482069871459e-01
-1.588875158611449401e-01 -2.547210417105334399e-02 1.110156006876973772e-01 2.859452695616631068e-01
-2.150189261039690825e-01 2.198341321444244670e-02 1.694024778534488074e-01 3.145122985206364463e-01
-1.358608653816542888e-01 8.997338974976133372e-04 8.697536630365516885e-02 3.209924284394744531e-01
-1.899134326789115590e-01 -1.438853076248657568e-02 1.074804775529716871e-01 2.423071206325203286e-01
-1.940306751926673401e-01 1.500929548165225447e-01 1.131019844678154140e-01 4.216127997837716412e-01
-6.853405208151315542e-02 -4.987897448874704237e-02 8.525349183116197327e-02 1.088090130071937139e-01
-1.338925451713010584e-01 7.646062926622980427e-02 1.403758176759452025e-01 2.776821954073967480e-01
-1.501818885002558224e-01 1.143310963000449855e-02 1.127259730688778272e-01 2.922710338258871499e-01
-1.352531372734643578e-01 2.617086634762973759e-03 7.795625282916848753e-02 3.292889823380706349e-01
-1.830264797552353662e-01 2.385647139091538402e-02 1.240409116811837520e-01 2.947870933067160970e-01
-1.292727423696843903e-01 7.038094037801087555e-02 1.804700278752650600e-01 1.899212824263846744e-01
-2.462796972273884055e-01 1.361270536083711014e-01 1.328140571477286758e-01 4.779896913416347703e-01
-1.450021706650193587e-01 1.418943563117697759e-01 1.033920732229050149e-01 4.362794666454470338e-01
-1.868854342890889919e-01 2.138226738390169510e-02 1.080554776881908485e-01 2.509365362649335629e-01
-4.872946521202620174e-02 -2.783245854975449976e-02 8.175568975502701952e-02 1.152006089351395868e-01
-1.647375360251957521e-01 1.352997785758688204e-02 1.136988895607051325e-01 2.745952595772330196e-01
-1.885883600668872284e-01 -3.247477573598771955e-02 1.251153259512557681e-01 2.610118274777062375e-01
-2.550634138435183829e-01 8.302889982723393736e-02 4.882779689218087749e-02 4.686220235591248562e-01
-1.717288715395720311e-01 6.570702566705059755e-02 1.395632902467789094e-01 2.955591362203809358e-01
-1.323057880721818236e-01 6.906224027006102086e-03 1.338140147635487609e-01 2.940805356517480762e-01
-1.274982140223608063e-01 -1.641554912498558241e-02 1.234628556142460115e-01 2.661485302284886112e-01
-2.465117840158480012e-01 2.010041826497662443e-01 1.585965583644794175e-01 3.518546597621393102e-01
-2.729442399505800365e-01 1.663779510533182626e-01 4.463465144239976701e-02 4.615684098006885838e-01
-7.944783701242720542e-02 -5.216702975290740674e-02 1.060456618717078581e-01 2.683634274255312091e-01
-1.471029506513999441e-01 -1.191198950516388078e-02 1.626599731262237114e-01 2.761414590580837936e-01
-1.824987891423639763e-01 3.769769920340582808e-02 1.164246610137275317e-01 2.849939468791922170e-01
-1.658303634721474684e-01 8.059939898153184457e-02 1.520038776386418156e-01 2.796036056334511022e-01
-3.533576076270245059e-01 2.089271580987938914e-01 1.884716747793393349e-02 5.613286575901060838e-01
-1.903220638379051477e-01 4.513764919053013525e-02 1.628220472878610936e-01 2.641587298828979580e-01
-1.504917035167259443e-01 1.519603597449403418e-02 1.596698941093221413e-01 2.832268446148502594e-01
-1.197855664510890095e-01 -3.069036723163625149e-02 1.131916857882176303e-01 2.805241739633912434e-01
-8.855036115454707757e-02 3.672697318461883020e-02 1.103950756855098941e-01 2.476070837228495636e-01
-1.385325279678260024e-01 5.085678520290254356e-02 1.056742562282599052e-01 3.436467870911188438e-01
-1.265173285773969203e-01 4.334475617785723579e-03 1.417559792665550600e-01 2.473145526588854670e-01
-3.778081370555028684e-01 3.270956627150897744e-01 7.122370329409419276e-02 4.448084454645467312e-01
-1.354865217595452032e-01 1.167110292491647591e-02 1.203550405074617080e-01 4.051180096820603538e-01
-7.466397796423031308e-02 -4.699524438622705580e-02 8.069365264434580354e-02 1.067218864422572328e-01
-4.554431853899113675e-02 -2.806628758864754269e-02 6.720961267907159253e-02 8.412448567689004286e-02
-2.845661017617528432e-01 2.173332277194343631e-01 -7.230933140239076407e-02 5.763376601488083839e-01
-1.634496795338450104e-01 -1.671183088222155319e-02 1.483597216561225174e-01 3.047412714445997817e-01
-1.401827167518893691e-01 4.019370868619218107e-02 2.054520565057616210e-01 2.980650667742462123e-01
-1.866474695550056351e-01 3.654145407648094236e-03 9.590520236889679695e-02 2.648292247119787834e-01
-1.120272308029725966e-01 -2.178429894882022780e-02 1.210551969256481869e-01 2.824928049536946650e-01
-1.221890354780498927e-01 -1.695891581897424278e-03 1.116682583914272581e-01 2.954051145732929928e-01
-2.923790962532735183e-01 2.499687382021811843e-01 2.409181630851624234e-01 4.182716307281720280e-01
-1.981586901859869188e-01 1.318593609319222149e-01 9.765759358272162183e-02 3.732856860140490451e-01
-2.257618533371633651e-01 4.626236777633847830e-02 9.707358111683479784e-02 3.077357859853041555e-01
-1.453903729715510795e-01 1.739798365177002218e-02 1.416904568704524248e-01 2.599228863520551824e-01
-2.584850114363574369e-01 2.130725796397312244e-01 1.633358773134075959e-01 4.627032625123154164e-01
-1.045726035623053413e-01 -3.078528857200074978e-02 1.198938093486180551e-01 2.552107036785041805e-01
-1.629676593704235676e-01 2.009153385131171379e-02 1.215426186109620499e-01 3.153370816291316547e-01
-1.864121958929884082e-01 3.168879854808673291e-02 9.683508479863323082e-02 2.566684828964156395e-01
-1.475348067727670909e-01 -2.633585547822982903e-02 1.099405320704296279e-01 2.682116982684364936e-01
-1.668930453502276146e-01 3.973575120588311582e-02 1.461248765926289883e-01 2.951188410125955008e-01
-2.290109738442914211e-01 2.027346646085848303e-01 1.746714966287288007e-01 4.348115774655628707e-01
-1.617248559645793615e-01 1.644517686772033194e-01 5.572833010413692778e-02 5.203448661123277752e-01
-2.048561951590567864e-01 1.712241298011776477e-02 1.068843578188913152e-01 2.601136654101907641e-01
-1.480906710468242737e-01 1.302659874566820288e-02 1.571603218306005800e-01 3.022529460254560485e-01
-2.930389338407558553e-01 2.392350613722347419e-01 1.120698002361968232e-01 4.798911224186148683e-01
-2.155661582368202100e-01 9.200943798498097126e-03 1.166700860048421051e-01 2.987395725114893597e-01
-1.105077129873201641e-01 -7.262866098273673470e-04 1.031630934889804091e-01 2.734818228828964082e-01
-1.177662972356287724e-01 1.997555306284984344e-02 1.383671960499501252e-01 2.351264503323595434e-01
-1.444936282322669130e-01 -4.129207666392532838e-02 6.353715473052126694e-02 3.803307832864909477e-01
-1.645955309926445675e-01 6.604065595157704305e-02 8.696912290077019048e-02 3.008872921108231013e-01
-1.942736483724766261e-01 3.703160685581705774e-02 1.562306359293475777e-01 2.511104951986758982e-01
-9.436920098329946993e-02 -3.745479072110404796e-03 1.275986995324311923e-01 2.865048854678451384e-01
-6.693278532749047383e-02 -3.262884534600771214e-02 7.916067846589565360e-02 1.142402031546542601e-01
-2.226365560126934429e-01 1.623265637515710069e-01 1.089122616017187406e-01 4.421314131932370661e-01
-6.130632003517385437e-02 -4.235359973261069999e-02 6.338490796749121636e-02 9.696024169893681377e-02
-5.318819129683923647e-02 -2.985281236666713356e-02 7.088555748759740871e-02 1.019934308634264097e-01
-1.798974529673464384e-01 9.824607610857741258e-02 1.777738614930732819e-01 2.698178544204035689e-01
-1.591163566866771739e-01 -7.901485122008637674e-02 9.469924395754683588e-02 2.990250386848593567e-01
-2.419194421989574739e-01 1.610772723053462141e-01 9.851134713317694080e-02 4.708219016415533531e-01
-1.304510177477050392e-01 -2.882316480587261004e-02 1.102913200633990759e-01 2.417419444613356505e-01
-1.168063067655172316e-01 1.466574743905905802e-02 1.349187531779796057e-01 2.806347102570221907e-01
-2.967089195345402608e-01 1.798615678371180693e-01 1.758184858790339533e-01 4.547121059960678169e-01
-1.835615297680808777e-01 8.209091604556269239e-02 9.653212345353981427e-02 2.943198480323825361e-01
-1.086999233245495439e-01 -2.377450578984778573e-02 1.134351240351021695e-01 2.906769950813840597e-01
-2.294301651246198614e-01 7.418918095091804610e-02 5.038666519017002271e-02 4.024645668881913219e-01
-3.252574526409616751e-01 3.100841617114246107e-01 1.843924779966193694e-01 4.816462999702017522e-01
-1.307069454010289788e-01 1.008110486853083972e-02 1.095108730433459049e-01 2.951492788665746048e-01
-1.963500427474468846e-01 6.801963407216411739e-02 1.668126502568636760e-01 2.678176015459380888e-01
-1.178653700975639401e-01 -2.321346302841646031e-03 1.222033620410035576e-01 2.783216283491010135e-01
-6.099291342928179344e-02 6.123802479744337376e-03 9.124449171877034581e-02 2.694616455413199607e-01
-1.571733201305243466e-01 -8.565173908942741096e-03 1.090184508543052683e-01 3.223790780540380374e-01
-1.774733681689312781e-01 5.996556929793312590e-02 1.842656715909296861e-01 2.240545471712868664e-01
-2.225147807828582736e-01 2.490419465773151958e-02 1.168922128984818398e-01 2.968147100678696915e-01
-2.787104848988274930e-01 3.035755270685667195e-01 2.897142702219006050e-01 4.188241344812506650e-01
-2.105955668091556154e-01 1.760413582875111904e-01 4.124416194641459393e-02 5.052199743769993923e-01
-1.690398602643015114e-01 -2.980636401394853863e-02 9.721778518931256663e-02 2.487859634395244157e-01
-6.985541219294214010e-02 -4.224362879864772269e-02 7.840916876656038592e-02 1.130362897849708503e-01
-1.414517784753261398e-01 2.268818427073236721e-03 9.254267307111012364e-02 2.676436456019282706e-01
-1.557311382949435608e-01 1.448437610181640793e-02 1.591202051768859094e-01 3.106116300961013210e-01
-1.344654428169076710e-01 -5.018243711052258055e-02 1.461377158704953161e-01 3.000715564017859549e-01
-3.108282967567029820e-01 2.839934508826713055e-01 1.781672204911626811e-01 4.480834022683735096e-01
-1.458976132198706865e-01 2.241643000951349871e-02 5.417693355070252181e-02 2.837456022360241858e-01
-1.440507928461651765e-01 4.979263317293745883e-02 1.102014164897382742e-01 2.410634088455476387e-01
-2.512741457600563555e-01 2.514663157170372587e-01 1.474793550884379301e-01 4.793563901674860461e-01
-1.421403045207653981e-01 2.754077466989729613e-03 1.033390407915953657e-01 3.198301861035266480e-01
-4.477013556383375725e-01 2.737291522723980242e-01 1.564862044944777819e-01 3.600261015309621504e-01
-2.309768825499860234e-01 2.257602928306619294e-01 1.584351814869781605e-01 4.812088778029908753e-01
-1.127429980477779453e-01 -5.140062364681001472e-02 1.030002875379057159e-01 2.507266162648714158e-01
-1.185744164823946817e-01 -6.519950729192896220e-03 1.211359696108341710e-01 2.461004886792461654e-01
-3.122545997081535019e-01 2.580222810584068549e-01 1.424642662124864234e-01 3.979590908017849316e-01
-1.092982976621031943e-01 -2.696468526256928441e-02 1.305149344574370041e-01 3.060910184357449881e-01
-1.804050109860013129e-01 1.955795925278184244e-01 1.310150521755439890e-01 4.481092613157020010e-01
-2.468935011391098222e-01 1.486314130697990663e-02 1.206909594843889877e-01 3.190947193390217262e-01
-1.913032148009786437e-01 2.180933138586584052e-01 1.711991865750482622e-01 4.220276622773982966e-01
-3.612777965363804522e-02 -4.080888209299803754e-02 7.413328049360662364e-02 8.876482665117235715e-02
-2.076208239973728886e-01 4.664499008435991911e-02 1.395468211975984529e-01 2.967303236746348660e-01
-2.435139640411897177e-01 -3.033123697691578885e-02 1.737420667908329969e-02 3.011110795369814075e-01
-2.020676518727700655e-01 1.717247728943686047e-01 1.918176721176322874e-01 4.374042682483842981e-01
-1.827314089078192205e-01 4.534309157464359516e-03 1.510117160739117281e-01 2.800569687903221583e-01
-1.427571015459403458e-01 4.151160526402478124e-03 9.155819251766952882e-02 2.368446893980435675e-01
-3.201765095835566455e-01 2.861542623492942528e-01 1.026533161811563621e-01 5.525586526266045295e-01
-1.992877350653172730e-01 2.278551399634664576e-01 1.060706709707474188e-01 5.276412299152323238e-01
-1.390298207435414213e-01 -3.185873191724523934e-02 1.348330031597554102e-01 2.348809123567134893e-01
-1.190744708876580876e-01 -4.118651424287634449e-02 1.439475408919315136e-01 2.816281603294075175e-01
-2.590902367846967813e-01 2.340835432895406465e-01 1.520290700974224474e-01 4.172598995440576219e-01
-1.571696538287815081e-01 2.784390233318114957e-02 1.445206980479708248e-01 2.644753616194725487e-01
-1.908723817067649875e-01 -1.040383762974688847e-01 1.147206843667184922e-01 2.365727333981316183e-01
-3.367829903386738155e-01 4.651060097837976803e-01 4.706014515719644797e-02 6.336008752145315670e-01
-2.681397831488420147e-01 1.288391246385985622e-01 -1.881258031326983127e-03 4.762119313089133166e-01
-2.825530006015825601e-01 1.628075980092518193e-01 5.394645106361233705e-02 4.948979924903102456e-01
-2.040285769196623356e-01 5.837651857830883362e-02 1.265423250015622336e-01 3.140608609448458655e-01
-1.108527951559105940e-01 3.198012838932213359e-02 1.732052078515369242e-01 2.570502721306962557e-01
-2.022772456326179802e-01 1.672481382596927302e-01 1.961611130595578845e-01 3.999381661377666153e-01
-1.790212366344018646e-01 8.095705581613375779e-02 1.573110047274102752e-01 2.676360292631051463e-01
-1.594051565924803904e-01 -3.222272423484780907e-02 9.706730858167679499e-02 2.750397476594130808e-01
-8.434632560158515646e-02 3.908062341523831779e-02 1.893129651537594216e-01 2.849645518853355375e-01
-1.628595899076012710e-01 2.869465415364240435e-02 8.893804267350265136e-02 2.761900621224852026e-01
-2.733516886432777460e-01 1.059241971806688942e-01 6.075510254731223553e-02 4.902999221458348988e-01
-5.998323402929736647e-02 -2.686773135795638909e-02 1.018480642243121820e-01 1.090649898663026973e-01
-2.021250446085310348e-01 -6.706355109440788331e-02 3.757894875133247024e-03 3.975535914278736649e-01
-1.870218790878084847e-01 1.775911211765871245e-01 1.212584177494507726e-01 4.232336151267171998e-01
-1.734666708802731772e-01 1.607796595065223710e-02 8.115300941180271510e-02 3.107539576020518779e-01
-1.550206018272695108e-01 5.781957703848060459e-02 1.134054506785214522e-01 2.849184042232650871e-01
-1.879772060122655575e-01 3.973951487583378406e-02 5.809913185376264222e-02 2.788941859703884529e-01
-1.823057529451617975e-01 1.406144669716206386e-01 2.078989853116948797e-02 5.020601359062571989e-01
-1.395177414773945690e-01 -6.600101546950960796e-02 1.198208747419977349e-01 2.665930343995916441e-01
-1.867594408830491881e-01 8.871897865865638333e-02 1.949795787074546094e-01 2.704726932188754041e-01
-2.090909963648189263e-01 1.413872392401365752e-01 2.342052056941967553e-01 3.964107651115738040e-01
-1.025258341459468203e-01 -1.406936589763113470e-02 1.184972598163287621e-01 2.933359241948239604e-01
-1.831203376030696994e-01 4.264726376301282429e-02 1.326266707800514977e-01 2.768012116602494577e-01
-1.017197523412863708e-01 -2.856214706019180594e-02 9.617010804737030627e-02 2.402820909637017055e-01
-2.970504815501734952e-01 1.371444091050059710e-01 8.263336619043107345e-02 4.293033635298622586e-01
-6.379648084746633585e-02 -2.521340424199659813e-02 8.476779510412342511e-02 1.109004160221726543e-01
-1.517476214493444497e-01 6.777411628615057082e-02 1.843491596317781422e-01 2.736396583683649575e-01
-1.742320898813557728e-01 -1.749046713780542245e-02 1.196525038926895129e-01 2.093167975648965173e-01
-1.489021506714648113e-01 -1.595680741283785065e-02 1.058295157302824030e-01 2.918551467980707859e-01
-1.148135495900425435e-01 2.578051151199609384e-02 9.590273706238131024e-02 2.927507176784091558e-01
-6.333845778276793459e-02 -4.162838530466713566e-02 7.403400691743373951e-02 1.169409423233036260e-01
-5.295809501630489163e-02 -3.108840077323725762e-02 5.256996676042872269e-02 7.193317972219634426e-02
-1.211400304272038236e-01 -6.852220724593513675e-03 1.430312996796260505e-01 2.973638315615705907e-01
-2.858566053468193924e-01 1.604294037855256150e-01 6.729628689683041232e-02 4.900865504417358243e-01
-1.788998241520211308e-01 -1.221003259509523958e-02 1.145659078130593089e-01 3.014688496864050271e-01
-1.290694467119556377e-01 8.787153927286033006e-02 1.705331731932410722e-01 3.147925301350050775e-01
-1.689554123132638586e-01 3.812416280506007726e-02 1.393276960325007807e-01 2.344167098918633618e-01
-1.418295957549529362e-01 1.472216971019976901e-02 6.814973564194226618e-02 3.121135029111677950e-01
-2.100295031326959716e-01 1.680619816946838652e-01 1.419566590870064704e-01 4.900015472069748079e-01
-1.426843181056386689e-01 1.939222320116782555e-02 1.178100257052944189e-01 2.821782883566474887e-01
-2.747875269926753350e-01 1.481274983383647770e-01 1.640598937887945141e-01 4.026045229039166284e-01
-5.659811530467385998e-02 -2.172549195690045079e-02 6.102873158302362516e-02 8.562061258622885584e-02
-2.842663772920656640e-01 2.632623877356878306e-01 9.262201486049595478e-02 6.087808251039930063e-01
-1.132689349175955151e-01 -7.290591321115226509e-02 1.206479802719386957e-01 2.822521159378588163e-01
-1.088756774457459581e-01 -5.902534650895152959e-04 1.463016470243042044e-01 2.852817929955887566e-01
-2.196804169559248288e-01 4.510154123362930534e-02 1.160360959673037845e-01 2.426787020343083023e-01
-1.107481192828365241e-01 2.005394230416809587e-01 1.028632663565427069e-01 4.147459433711634946e-01
-1.597229951011957805e-01 -3.175581967386608556e-02 9.814649570305002124e-02 2.855032636204997698e-01
-2.554764741234337166e-01 8.498652854129486178e-02 1.414181559729040805e-01 3.519273648429334100e-01
-3.567293323653801806e-01 2.575704482405863915e-01 1.226668254438023631e-01 5.307668282254157655e-01
-6.347003896008697466e-02 -4.161161220036144193e-02 7.827642411402353784e-02 1.000405110989667640e-01
-2.843278842342725765e-01 2.555332000746278753e-01 1.045545642073535952e-01 3.942572524033359227e-01
-2.329015823877060576e-01 5.325924579059074931e-02 7.677044321438673824e-02 4.210484886852278730e-01
-5.274451304854023415e-02 -3.454771113546854788e-02 7.273169567038684225e-02 1.037506680762420169e-01
-1.952911393565352483e-01 2.320178385625615985e-02 1.345078117231945647e-01 3.291724424008793948e-01
-1.280125604730898980e-01 2.422952681876316267e-02 1.438115167272639716e-01 2.719828492437319500e-01
-1.810357533075291347e-01 1.242083689738299329e-01 9.138081261679294187e-02 4.484671769343442915e-01
-3.970411244001258999e-01 2.345054966940591235e-01 9.700499297995544834e-02 4.108474569626264783e-01
-1.645067256687034185e-01 -9.151629977907539334e-03 1.187208304431986161e-01 2.928308680160815469e-01
-1.922620720387311632e-01 2.048352501584937285e-02 1.365885040730807076e-01 2.918301514614269343e-01
-1.314700822717780604e-01 1.957199997383519130e-01 1.748886925010225135e-01 4.300623619521012908e-01
-1.861904231655900355e-01 -5.640515629168423722e-02 1.334246269022633935e-01 2.886250392643297524e-01
-1.553162577812702283e-01 8.144271330586674851e-02 1.135226541158344121e-01 2.941277758142915588e-01
-2.844940720868457396e-01 1.752472531406764067e-01 1.482537266076452143e-01 3.807602020109370211e-01
-1.706235343945411154e-01 8.147792131635778201e-02 1.255408949490590675e-01 2.596751511711400395e-01
-5.122878305717883107e-02 -5.987636022569957361e-02 1.168528070229092608e-01 3.079542437925371079e-01
-2.838202177789774794e-01 1.134155379980319733e-01 1.497494441461158510e-02 4.551484805324392258e-01
-1.677441067335561642e-01 3.138946269088044045e-03 1.953181615321888109e-01 2.652137248657341351e-01
-1.664728340650587224e-01 2.579414966992134642e-02 1.380056208677245266e-01 3.134018613363237504e-01
-1.186270214579941557e-01 1.443370144436926031e-02 1.025337547079485240e-01 2.839057555345319006e-01
-2.043931162621064890e-01 2.130919534273054416e-01 1.335382047648327186e-01 3.819293185934228840e-01
-2.516224257535374376e-01 2.089167099120111393e-01 1.491724138209939154e-01 4.169549328072650884e-01
-1.539332551502713697e-01 -2.175657251108407617e-03 1.366450493119615583e-01 2.813934421543946018e-01
-1.933548691584407453e-01 1.220750446020684443e-01 5.545841920916268902e-02 4.836761218665862061e-01
-1.429356103997779792e-01 6.394761104990795419e-02 1.444266985024784122e-01 3.066271601404497726e-01
-2.060869805308651048e-01 9.959777721438895989e-03 1.157944681496707595e-01 2.690550333596546939e-01
-1.575398252982687375e-01 1.651353067770205407e-01 1.024478987774509048e-01 4.640018502387631139e-01
-2.673905454231842449e-01 2.141678093939656524e-01 2.417087224799947531e-01 4.636563516675597518e-01
-6.320876770454415816e-02 -4.247061151316047084e-02 6.333176928651922111e-02 1.008393707842542841e-01
-1.886979392729107585e-01 1.255192169312118258e-02 9.796957732011196684e-02 2.524706929760176521e-01
-7.153028374937374367e-02 -3.638944562569895042e-02 7.062083000495460172e-02 1.052971432395279211e-01
-1.086306210154974472e-01 -1.437627895365402655e-02 1.309254497819040131e-01 2.464684981272543263e-01
-2.227093938334882561e-01 6.687227573563811478e-02 1.510417982636423073e-01 3.071052252471794808e-01
-1.181657518179321659e-01 5.227820592506626438e-03 1.020171534148109627e-01 3.069316701056183927e-01
-2.061407435786991593e-01 1.316400226152772135e-01 1.463458131567230980e-01 3.740021365277423349e-01
-2.724545488144217709e-01 1.620231164667636503e-01 7.892772934491686099e-02 4.565863968942732720e-01
-1.331505171062180026e-01 1.033781930880444191e-02 9.344346886578179523e-02 2.807028384215928818e-01
-1.864720853989994542e-01 1.925093158550402264e-02 1.503261754344416279e-01 2.706803889166714550e-01
-1.837143320849046746e-01 3.573468634111049563e-02 1.567207631356315745e-01 2.792337463801238817e-01
-1.128540717567090984e-01 -3.351965036842122214e-02 1.531260767018718105e-01 2.722001653891980566e-01
-4.590500324925764208e-02 -2.386143163167239734e-02 5.306439790332406065e-02 9.986466346558252327e-02
-5.102080999592745886e-02 -4.023860117383413343e-02 5.925216990703018743e-02 8.718884513971851546e-02
-1.720712263988324053e-01 2.447438666777465924e-02 1.407195132250194658e-01 2.565961258847331838e-01
-3.597438836241576010e-01 3.270409420594516114e-01 1.662292441144601063e-01 5.984884508934641412e-01
-1.882741702396478201e-01 3.889530448484584263e-02 1.481354301673997453e-01 2.677041624047735158e-01
-9.399970357314271774e-02 -2.740010026953887748e-02 8.337262733727837660e-02 2.875432652042901882e-01
-1.410616200067918435e-01 2.428860133417976019e-02 1.049452303022085364e-01 3.115224846526576941e-01
-3.270139823877771246e-01 2.281232189336353799e-01 1.287722993072200062e-01 3.671026663333893936e-01
-2.961342675028647009e-01 1.942181331874891781e-01 9.014670003165095591e-02 5.020762068552512281e-01
-2.561191963591590848e-01 1.854920293602002335e-01 9.956684606051220687e-02 3.931867078410322680e-01
-1.232205490164931805e-01 -5.669284730004452849e-03 1.767486112593986969e-01 3.139305467789463289e-01
-3.189943139117323856e-01 1.421399781458898559e-01 9.363471298071264493e-02 4.122875372899458823e-01
-1.592529267179941255e-01 -1.904038324480343200e-02 1.063974991609948073e-01 2.560342243662605544e-01
-6.287536220247297303e-02 -2.349058543901238940e-03 1.483590435210530301e-01 2.929104003582553850e-01
-1.658424264163942397e-01 1.005800696624669643e-01 1.316680873446342548e-01 3.102187942906011187e-01
-2.989370840816155672e-01 1.815500579342494425e-01 1.275262039521806723e-01 4.402402599792729077e-01
-4.825944191431617153e-02 -2.354740793563242854e-02 4.285155469059810651e-02 7.975479787239857232e-02
-1.090621386344789029e-01 -5.642456799829364752e-03 1.618009011313027989e-01 2.789341542741471391e-01
-1.511631074894274895e-01 3.100108695429605946e-02 1.550979968576641777e-01 2.982272891456728692e-01
-3.076214116235564400e-01 2.203568987009120461e-01 8.885659642979464035e-02 5.559834597555165514e-01
-1.869990251544231818e-01 -3.598772200195473128e-03 1.404465637814060752e-01 2.544043085045216701e-01
-5.494842268389721340e-02 -2.500575082355453727e-02 5.694520403384210200e-02 1.123965836925469447e-01
-2.358980479785356688e-01 1.808627379458346285e-01 1.070325011087947115e-01 4.199554041591648246e-01
-1.113400126169056814e-01 -1.541821666638345210e-02 1.916172567026037388e-01 2.205300027214675274e-01
-2.156896114275331788e-01 4.040646202538075021e-02 1.150735543183655507e-01 2.533658948824652479e-01
-1.398400202507903978e-01 -3.816948971712627592e-02 1.297600043976618878e-01 3.108621640302077216e-01
-1.178388362100577097e-01 2.208817524364479340e-02 1.009471989836767114e-01 3.219588592154088991e-01
-1.258211563367905572e-01 -8.661014854328470680e-03 1.684358346446077348e-01 2.982245636618893192e-01
-1.325253645654946022e-01 4.177858028422481995e-02 9.554193679988827459e-02 2.874306836780003427e-01
-1.638307774895040592e-01 2.341302829542621713e-02 1.106401401417188707e-01 2.238745206307182767e-01
-1.921469082438319598e-01 3.256916069940593572e-03 1.571921995439318487e-01 2.652778567884573890e-01
-1.185117144487655150e-01 -4.749959831057787990e-02 1.184671152965596913e-01 2.755175946346152815e-01
-1.574441543200567617e-01 4.031376654560871187e-02 1.085034860549928815e-01 2.811896967232245248e-01
-1.537582361312493651e-01 3.325282037666357077e-02 1.464281595579956796e-01 3.014666533156253325e-01
-5.787976934499657750e-02 -2.944077646482592958e-02 7.466218291418874609e-02 1.015645487225876886e-01
-1.639016218276567460e-01 -9.203254029485238158e-03 1.055575966737580251e-01 2.577251620768348794e-01
-5.833938452313518208e-02 -3.135723627748063930e-02 8.216002041371175957e-02 1.110890837352735833e-01
-2.452686489694813621e-01 9.318930711863082639e-02 1.151105407047437607e-01 4.434664175517019635e-01
-5.978979131305921929e-02 -4.503993406369129204e-02 6.849574292174948065e-02 9.384101968584679376e-02
-1.489629504628670331e-01 -6.065675741771037362e-03 9.149819278656608212e-02 3.043527618282537706e-01
-1.433505461201920184e-01 6.641282096530264079e-02 1.037139691955033666e-01 2.501338535327291557e-01
-1.280929433509460369e-01 -4.626052860683555965e-03 1.238376877942302667e-01 2.697674817498130206e-01
-1.210638037297090547e-01 1.334348614488790885e-01 7.671826714030474670e-02 2.886744970296890589e-01
-1.508861748066419040e-01 -1.645153722426261067e-02 2.211143614380099154e-01 2.903614153821856836e-01
-1.515275169962258250e-01 -4.667623112825827064e-02 7.961037167415191407e-02 2.831789081327593105e-01
-1.817063794523428311e-01 2.278063540353791536e-02 1.244795230863618984e-01 2.769987491180905814e-01
-1.323951519001314026e-01 -2.617877935009920581e-02 1.220070678601399561e-01 2.633600794502914400e-01
-1.551261827792642933e-01 1.831799527508536779e-02 6.673040623959060336e-02 3.441887100700809499e-01
-1.826062438667010734e-01 7.619688599276443208e-02 1.346397700776106043e-01 2.961363892314755053e-01
-5.892071301636742087e-02 -4.439162742380600712e-02 8.450922785285837346e-02 9.602451540843956468e-02
-2.620113203559050197e-01 1.829923317809227234e-01 1.160570220353352583e-01 4.112486121483056034e-01
-1.339051843066402236e-01 -3.643182322535730346e-03 1.116366226091046604e-01 2.595057319658717887e-01
-1.316485129766720164e-01 -1.799730730803154183e-02 1.120423391544295988e-01 2.671407051265641264e-01
-1.852640494733559240e-01 1.786608228877848564e-02 1.115538640915343660e-01 3.089551931954818698e-01
-1.495864579434236508e-01 1.033281288233085515e-01 1.766069334257430457e-01 2.913648475151676687e-01
-2.116119810331988371e-01 8.490100055716796879e-02 1.024242561022029180e-01 4.174895761645822101e-01
-1.766960216800337047e-01 1.818784998060413854e-02 1.070355328199852074e-01 3.046117716478719539e-01
-1.578912905858405324e-01 9.215637795900660095e-03 1.309462309634149280e-01 2.987372306168761815e-01
-1.218987743401061530e-01 4.510704630245803565e-02 9.361380629736228143e-02 2.867968375333437292e-01
-4.732046010737503416e-02 -4.403489934519615873e-02 7.162047329194372314e-02 8.996799940291295983e-02
-1.811074198665543755e-01 2.391330041135856371e-02 1.495245836447389176e-01 2.706204628108698218e-01
-2.421978138247271872e-01 1.382459549649012742e-01 1.149905101706859417e-01 3.718924006905203750e-01
-1.454511760871934345e-01 -2.730621731306278471e-02 1.509735214785630220e-01 3.218610243102503765e-01
-5.292493351385878925e-02 -2.996777189292848878e-02 5.434361933987515159e-02 1.015326801716016636e-01
-1.421036198297151998e-01 6.315196270668979595e-02 1.004864200317079487e-01 2.948662718766477675e-01
-2.050115042019905465e-01 2.560437929697391077e-02 1.876410355519879947e-01 2.647016423914236305e-01
-1.629142897897257192e-01 -4.503685584852456375e-02 8.601566817162505096e-02 2.897409203463086058e-01
-1.542331685200443447e-01 -2.557969478684055803e-02 1.244490883594494141e-01 2.659930219098249338e-01
-1.443328828194831437e-01 -5.118688858320263185e-02 1.395353356385712063e-01 2.919241665257773510e-01
-4.985085662894252201e-02 -2.185693335940896986e-02 6.938251971021321129e-02 8.713874672452398551e-02
-2.722976373295649122e-01 3.752970076475765637e-01 1.431568513428956857e-01 5.045777367919220824e-01
-9.875762660862105746e-02 6.819622092001058344e-02 1.311526882154562534e-01 2.809326462571132832e-01
-1.744009520213099795e-01 -2.465373323127383748e-02 8.692307000866009159e-02 2.948880310714830921e-01
-2.091251206455282952e-01 1.271552836536478902e-02 7.868964025774242976e-02 4.266902632194932710e-01
-2.165610997116037550e-01 5.141683105034621643e-02 1.100352086788450173e-01 2.809338698699235803e-01
-1.009768831914063802e-01 4.776847008584226423e-02 1.950514929856669022e-01 2.610100858684590297e-01
-2.065955485082043019e-01 1.626295898896705228e-01 5.715973034345676190e-02 4.974387978230899177e-01
-1.622361848855334021e-01 2.826253988659178928e-02 1.404912242596488281e-01 3.034493832092029497e-01
-1.966735913844783190e-01 2.870260431463186532e-02 1.509191511543001851e-01 2.524054437257834405e-01
-2.011104573499879755e-01 1.603474302091265347e-01 1.279523253996859844e-01 4.158403187384807076e-01
-2.202920262742089352e-01 8.235306752947546549e-02 9.777069461637856451e-02 3.937801579972811661e-01
-6.266080878346669270e-02 -4.626481188548250273e-02 7.987049024493914073e-02 9.831219638036113595e-02
-5.986579835710299086e-02 -3.376562068768033942e-02 6.093768302990606317e-02 8.956501288071055944e-02
-1.258048334060008766e-01 6.873672574869678364e-02 1.394279981694627468e-01 3.676198930137885013e-01
-2.007083730602896299e-01 6.122719316326302383e-03 1.149223892979373551e-01 2.696900906577210932e-01
-1.237566739968037760e-01 -6.593409252911303607e-03 1.057211178594885531e-01 2.699952952169477061e-01
-1.751560401737682071e-01 -8.822512851362719274e-03 1.224954913197154049e-01 2.773563198532233431e-01
-1.775705627135052145e-01 3.009362862182058188e-02 1.872307242058225407e-01 2.624849565683794461e-01
-1.226955130817223155e-01 6.104485230909238030e-02 1.414019515514086112e-01 2.685340904594698541e-01
-1.839319216634937304e-01 -2.380404669210883090e-02 5.717040348011093176e-02 3.169600725270684261e-01
-4.138450856927215066e-02 -2.967737823943276607e-02 6.370889128096302034e-02 9.749077858371518746e-02
-2.024559025002124479e-01 -5.552825258296990169e-02 1.449126509805684915e-01 2.869555666423854179e-01
-1.433127663619629677e-01 -3.277430524543192836e-02 7.956846144639756480e-02 3.072396552277223969e-01
-4.294955874282323921e-02 -2.782704957775073221e-02 5.550823446807359035e-02 8.139202609947274181e-02
-3.242163527820270397e-01 3.411070869267530670e-01 1.819753731019588816e-01 4.835804637294027764e-01
-1.479782362048869260e-01 7.696147004622090615e-02 1.424259854475264098e-01 3.068458608239905683e-01
-1.496889222607502290e-01 7.301208208761386653e-02 1.024058357872460884e-01 2.828268771151876693e-01
-1.109049932836490004e-01 -2.095316979930463355e-02 1.456442936771730201e-01 3.041652917689283697e-01
-1.956808535826904394e-01 8.245430234535673641e-03 1.076161490897692558e-01 2.838683978903325245e-01
-1.103305513913128699e-01 -3.769036229992148851e-02 1.335520367140191067e-01 2.891414774812683941e-01
-6.262672867565773072e-02 -2.788292803944380713e-02 6.871140023798355534e-02 9.126567707822151598e-02
-1.984367881396412736e-01 -2.262112553529223476e-03 9.016225514439724087e-02 3.022883724209275424e-01
-4.329705065469775793e-02 -2.250453192593894827e-02 6.618940827631496215e-02 9.241099113768720674e-02
-2.922025305021531683e-01 2.855303198216011529e-01 1.338223909981453852e-01 4.613606575676393873e-01
-7.171820533894926464e-02 -4.652923595445755678e-02 7.691657821651382010e-02 1.142223951597261672e-01
-1.339950359034892957e-01 -2.652980527327620380e-02 1.422886205542961136e-01 2.601248536054343030e-01
-1.591275185444724349e-01 6.570734145590279018e-02 1.063153853326991166e-01 2.772870270399614978e-01
-1.395092221214201123e-01 -1.876777247627915007e-02 1.540171067405793626e-01 2.547416731088589792e-01
-1.150157792482052327e-01 1.117625794257268851e-01 1.337343070552672875e-01 4.490566719304323606e-01
-3.010405234761278082e-01 1.589712397281758394e-01 1.286898365550842027e-01 4.127037792371256453e-01
-1.898613026154142291e-01 1.130099298186470688e-02 1.013919568408434696e-01 3.001249488536392729e-01
-1.726464756196427475e-01 3.509143096978993570e-02 1.112178277085606598e-01 2.535499183444411830e-01
-9.052517041892488292e-02 -2.886399155894229379e-02 1.375559649213591862e-01 2.890051079593085048e-01
-2.091759645111348487e-01 8.702940623295297995e-02 1.397592201581313864e-01 2.645481386788225975e-01
-7.402355769207905056e-02 -6.212082565934771289e-02 6.786300317241482360e-02 1.037284871330874103e-01
-1.827114118345753158e-01 2.598769043397357592e-01 1.272582554317415460e-01 5.566255252528939934e-01
-2.043367428026994503e-01 3.056417451470983537e-01 1.032120172764279808e-01 6.072062436684995124e-01
-2.671842989076628205e-01 1.525326927839531777e-01 2.028687946735069081e-01 3.953175176921792100e-01
-1.047990000984240361e-01 2.696816274799290064e-02 1.733369152655619694e-01 2.671224343693962555e-01
-1.659347118369919882e-01 -7.106571185026365478e-02 5.747942408018614363e-02 2.689252894629106660e-01
-2.145507966576989667e-01 4.554050855904322875e-02 9.560521626100040860e-02 2.452905718274863422e-01
-5.148800888696210970e-02 -2.773331127235114865e-02 7.186896467533566979e-02 9.235957413871705157e-02
-2.212321988602109213e-01 -1.358068523645017053e-02 1.436229020665928391e-01 2.903093942511677517e-01
-1.450338075542854099e-01 -6.175731929310469132e-03 1.413502175865817001e-01 2.676454339003906391e-01
-2.025648256367314215e-01 1.565919718732568522e-01 9.768743467960934457e-02 4.472471830785978431e-01
-1.370402782242910733e-01 3.102874149893343481e-02 7.790069661443728422e-02 3.030328690845010553e-01
-3.578423216716866001e-02 -3.940860259002865879e-02 8.069223738352873654e-02 9.198867722626392907e-02
-1.659573762301211897e-01 2.601115063374154560e-02 1.311141756674175374e-01 2.972948896163018495e-01
-2.231451866678669793e-01 1.568223555942035441e-01 7.068640435058649862e-02 4.587802117756010767e-01
-1.646215255158689494e-01 3.330866599997443778e-02 1.278415034685844442e-01 2.876133790536251067e-01
-2.148178122939225498e-01 7.714705234698335939e-03 9.427976059967671518e-02 2.800975881007344293e-01
-1.791096103401688955e-01 8.405869502514427480e-03 9.806861576377426393e-02 2.500092262962461120e-01
-1.661965263294851447e-01 6.049782044088897193e-02 1.652791745250470901e-01 2.404422612901659095e-01
-1.270991550259358838e-01 1.391398229733092351e-01 2.724179923348690052e-02 5.554801029273859214e-01
-1.513161796980623808e-01 -1.644628382039120540e-02 1.383189055698051950e-01 2.641259521807690636e-01
-1.711507285912249599e-01 2.492529455188414664e-02 1.389254578272106633e-01 3.250585236640993192e-01
-1.003432983355849878e-01 2.165992949503463966e-03 1.399412757263799600e-01 2.882853614582259749e-01
-2.712603004491221936e-01 1.425529376988379227e-01 1.264286007462216699e-01 4.037421126335205002e-01
-1.578766881896544738e-01 -1.322755501556999690e-02 9.108492624093572632e-02 2.686183862660155852e-01
-1.404525261258014468e-01 4.646443796512357560e-02 1.803515541348598705e-01 2.884129817416141717e-01
-1.673547857233223801e-01 3.223353496702167920e-02 9.462327849602336638e-02 2.828799262522436742e-01
-1.306134652214514524e-01 3.430745095569429776e-02 1.290373605825803349e-01 2.743413951612633794e-01
-2.498226198543831711e-01 1.097897514445695250e-01 1.928639599255660142e-01 4.135182808672702159e-01
-1.737769107859759854e-01 1.537334464500329512e-01 9.926039532267583176e-02 5.706758312587363324e-01
-1.664248153198558122e-01 3.916494696498119821e-02 1.198901938756494895e-01 2.660456089272272284e-01
-1.904030040236348587e-01 4.272252914647364785e-02 7.450654930096987927e-02 2.461906451627013381e-01
-1.752592611164731640e-01 6.015064405713202444e-02 1.603900504009991013e-01 2.742155623528521047e-01
-2.545202363664628153e-01 2.408924297691185032e-02 6.277753997738767799e-02 3.307846571579864947e-01
-1.193894245466930459e-01 2.233116132799035924e-02 2.027365338616084478e-01 2.763600617551346672e-01
-9.134800119367891824e-02 1.617368334549529330e-02 8.917054372324621780e-02 2.553131302229392774e-01
-9.503087762401950245e-02 -4.810082037686218281e-02 1.171316411684515529e-01 2.600137781542977145e-01
-3.979019008425666026e-02 -2.131769535355408640e-02 5.618033894168588532e-02 8.542265720527481010e-02
-1.415466406501184049e-01 -3.126957169109464280e-02 1.247375835750334505e-01 2.708693821599220120e-01
-1.495950882559159145e-01 3.031900183261901360e-02 7.726697249324637751e-02 2.864921272194617674e-01
-1.879234890526100543e-01 2.402044618535861299e-04 1.424734359972786579e-01 3.257774186183833298e-01
-1.618210747461880650e-01 4.514477600827469100e-02 1.829304923563354057e-01 2.816329774756360371e-01
-2.100718438408164246e-01 2.738162826221491875e-01 2.337770754803695228e-01 4.552676900535588267e-01
-1.112885118914306304e-01 -7.067427293913688957e-02 1.571520995202591864e-01 2.126801993514378930e-01
-2.368425210607230935e-01 1.512544426633160438e-02 1.166353256877671191e-01 2.810317953208900654e-01
-1.438800156919062823e-01 2.553282958041078188e-02 1.202681678718445502e-01 2.862092300963077762e-01
-1.189714435157717271e-01 2.083609695844912402e-02 5.280968389299054572e-02 3.211683738476642791e-01
-1.665402948494690838e-01 -4.515957561075586990e-02 6.777111391804810370e-02 3.251824028436610114e-01
-1.152014945800125117e-01 4.576195932002122962e-02 1.644648859454852785e-01 2.643497158746414555e-01
-3.266864595303970581e-02 -3.515603606887255511e-02 7.380625326013089127e-02 9.147969903616856580e-02
-2.032735005338476286e-01 3.793970981737937453e-02 1.118122699702588929e-01 2.480452013669271483e-01
-1.910636781824601726e-01 3.317735348494232905e-02 1.331811225891708361e-01 3.129529345182703315e-01
