0.0 0.0 0.623839009287925794
0.0 1.0 0.634158926728586203
0.0 2.0 0.633642930856553210
0.0 3.0 0.620543001976114783
0.0 4.0 0.602843886931866968
1.0 0.0 0.626934984520123861
1.0 1.0 0.615067079463364363
1.0 2.0 0.595459236326109420
1.0 3.0 0.621402182318068541
1.0 4.0 0.624538190566199858
2.0 0.0 0.608617131062951455
2.0 1.0 0.647316821465428349
2.0 2.0 0.575593395252838036
2.0 3.0 0.634246928430277523
2.0 4.0 0.620972592147091662
3.0 0.0 0.633126934984520107
3.0 1.0 0.611713106295149633
3.0 2.0 0.617389060887512886
3.0 3.0 0.629822149669215570
3.0 4.0 0.629822149669215570
4.0 0.0 0.657636738906088758
4.0 1.0 0.641898864809081537
4.0 2.0 0.597523219814241502
4.0 3.0 0.612123034624967755
4.0 4.0 0.608127846034882680
5.0 0.0 0.593395252837977338
5.0 1.0 0.642414860681114530
5.0 2.0 0.621001031991744057
5.0 3.0 0.599707878683735762
5.0 4.0 0.644814846636308947
6.0 0.0 0.660990712074303488
6.0 1.0 0.606295149638802933
6.0 2.0 0.591847265221878249
6.0 3.0 0.625826961079130495
6.0 4.0 0.621402182318068541
7.0 0.0 0.606295149638802933
7.0 1.0 0.614035087719298267
7.0 2.0 0.619453044375644968
7.0 3.0 0.635106108772231281
7.0 4.0 0.624967780737176737
8.0 0.0 0.608617131062951455
8.0 1.0 0.652734778121774939
8.0 2.0 0.643962848297213619
8.0 3.0 0.621831772489045420
8.0 4.0 0.621831772489045420
9.0 0.0 0.598039215686274495
9.0 1.0 0.602941176470588314
9.0 2.0 0.617905056759545879
9.0 3.0 0.579560099664919615
9.0 4.0 0.655382764842340371
10.0 0.0 0.605521155830753388
10.0 1.0 0.610681114551083537
10.0 2.0 0.606295149638802933
10.0 3.0 0.645244436807285826
10.0 4.0 0.610834264112037117
11.0 0.0 0.642414860681114530
11.0 1.0 0.592621259029927794
11.0 2.0 0.600361197110423128
11.0 3.0 0.625397370908153616
11.0 4.0 0.654093994329409734
12.0 0.0 0.624355005159958676
12.0 1.0 0.587719298245614086
12.0 2.0 0.609649122807017552
12.0 3.0 0.635106108772231281
12.0 4.0 0.618695764240914103
13.0 0.0 0.615067079463364363
13.0 1.0 0.634674922600619196
13.0 2.0 0.656604747162022662
13.0 3.0 0.592275968725835544
13.0 4.0 0.611693444453990876
14.0 0.0 0.597523219814241502
14.0 1.0 0.578947368421052655
14.0 2.0 0.619453044375644968
14.0 3.0 0.610834264112037117
14.0 4.0 0.649669215568347780
15.0 0.0 0.607327141382868918
15.0 1.0 0.611713106295149633
15.0 2.0 0.628740970072239502
15.0 3.0 0.635106108772231281
15.0 4.0 0.625826961079130495
16.0 0.0 0.619453044375644968
16.0 1.0 0.581527347781217729
16.0 2.0 0.615583075335397245
16.0 3.0 0.625826961079130495
16.0 4.0 0.630251739840192449
17.0 0.0 0.629256965944272384
17.0 1.0 0.612745098039215730
17.0 2.0 0.609649122807017552
17.0 3.0 0.629392559498238691
17.0 4.0 0.610834264112037117
18.0 0.0 0.601393188854489225
18.0 1.0 0.641898864809081537
18.0 2.0 0.621001031991744057
18.0 3.0 0.611693444453990876
18.0 4.0 0.638671707191339477
19.0 0.0 0.634674922600619196
19.0 1.0 0.593911248710010331
19.0 2.0 0.623839009287925794
19.0 3.0 0.607268665692928922
19.0 4.0 0.643955666294355189
20.0 0.0 0.573271413828689402
20.0 1.0 0.623839009287925794
20.0 2.0 0.594427244582043324
20.0 3.0 0.604261534496090658
20.0 4.0 0.653664404158432855
21.0 0.0 0.628740970072239502
21.0 1.0 0.617905056759545879
21.0 2.0 0.577915376676986559
21.0 3.0 0.639960477704270114
21.0 4.0 0.639960477704270114
22.0 0.0 0.584365325077399467
22.0 1.0 0.623323013415892691
22.0 2.0 0.623839009287925794
22.0 3.0 0.607698255863905801
22.0 4.0 0.590128017870951149
23.0 0.0 0.614035087719298267
23.0 1.0 0.600361197110423128
23.0 2.0 0.599845201238390136
23.0 3.0 0.654093994329409734
23.0 4.0 0.625826961079130495
24.0 0.0 0.563209494324045434
24.0 1.0 0.610165118679050544
24.0 2.0 0.575593395252838036
24.0 3.0 0.639960477704270114
24.0 4.0 0.644814846636308947
25.0 0.0 0.639060887512899911
25.0 1.0 0.609133126934984559
25.0 2.0 0.579463364293085648
25.0 3.0 0.614399862531145313
25.0 4.0 0.606839075521952043
26.0 0.0 0.614551083591331260
26.0 1.0 0.633642930856553210
26.0 2.0 0.628224974200206399
26.0 3.0 0.601984706589913210
26.0 4.0 0.621402182318068541
27.0 0.0 0.592105263157894690
27.0 1.0 0.608617131062951455
27.0 2.0 0.613777089783281715
27.0 3.0 0.616547813386029708
27.0 4.0 0.653664404158432855
28.0 0.0 0.638028895768833815
28.0 1.0 0.618937048503611975
28.0 2.0 0.633642930856553210
28.0 3.0 0.611693444453990876
28.0 4.0 0.597989517999828135
29.0 0.0 0.623839009287925794
29.0 1.0 0.628740970072239502
29.0 2.0 0.620485036119710953
29.0 3.0 0.639101297362316356
29.0 4.0 0.607268665692928922
30.0 0.0 0.633642930856553210
30.0 1.0 0.624355005159958676
30.0 2.0 0.624355005159958676
30.0 3.0 0.635965289114185039
30.0 4.0 0.620543001976114783
31.0 0.0 0.630288957688338480
31.0 1.0 0.609649122807017552
31.0 2.0 0.582301341589267274
31.0 3.0 0.635965289114185039
31.0 4.0 0.623249420053269221
32.0 0.0 0.589783281733746056
32.0 1.0 0.591073271413828705
32.0 2.0 0.646800825593395246
32.0 3.0 0.635106108772231281
32.0 4.0 0.639101297362316356
33.0 0.0 0.619969040247678072
33.0 1.0 0.629256965944272384
33.0 2.0 0.621001031991744057
33.0 3.0 0.561302517398401868
33.0 4.0 0.624538190566199858
34.0 0.0 0.599845201238390136
34.0 1.0 0.593137254901960786
34.0 2.0 0.634158926728586203
34.0 3.0 0.631110920182146207
34.0 4.0 0.624967780737176737
35.0 0.0 0.619969040247678072
35.0 1.0 0.628224974200206399
35.0 2.0 0.593137254901960786
35.0 3.0 0.617836583898960345
35.0 4.0 0.615259042873099071
36.0 0.0 0.605263157894736836
36.0 1.0 0.602941176470588203
36.0 2.0 0.646800825593395246
36.0 3.0 0.612123034624967755
36.0 4.0 0.629822149669215570
37.0 0.0 0.624871001031991780
37.0 1.0 0.600361197110423128
37.0 2.0 0.610681114551083537
37.0 3.0 0.620972592147091662
37.0 4.0 0.608256723086175732
38.0 0.0 0.587719298245614086
38.0 1.0 0.599587203302373584
38.0 2.0 0.600103199174406576
38.0 3.0 0.630251739840192449
38.0 4.0 0.639530887533293235
39.0 0.0 0.607843137254902022
39.0 1.0 0.604747162022703844
39.0 2.0 0.632610939112487114
39.0 3.0 0.635965289114185039
39.0 4.0 0.606839075521952043
40.0 0.0 0.623839009287925794
40.0 1.0 0.651702786377708954
40.0 2.0 0.601393188854489225
40.0 3.0 0.635965289114185039
40.0 4.0 0.602414296760890089
41.0 0.0 0.615583075335397245
41.0 1.0 0.608617131062951455
41.0 2.0 0.646284829721362253
41.0 3.0 0.606409485350975164
41.0 4.0 0.629822149669215570
42.0 0.0 0.634674922600619196
42.0 1.0 0.597523219814241502
42.0 2.0 0.623839009287925794
42.0 3.0 0.623249420053269221
42.0 4.0 0.596700747486897498
43.0 0.0 0.618937048503611975
43.0 1.0 0.653766769865841146
43.0 2.0 0.602941176470588203
43.0 3.0 0.615688633044075950
43.0 4.0 0.592275968725835544
44.0 0.0 0.612229102167182626
44.0 1.0 0.638544891640866918
44.0 2.0 0.611197110423116641
44.0 3.0 0.599278288512758772
44.0 4.0 0.630681330011169328
45.0 0.0 0.600361197110423128
45.0 1.0 0.605779153766769829
45.0 2.0 0.646800825593395246
45.0 3.0 0.608127846034882680
45.0 4.0 0.634676518601254402
46.0 0.0 0.601393188854489225
46.0 1.0 0.598555211558307487
46.0 2.0 0.638028895768833815
46.0 3.0 0.625397370908153616
46.0 4.0 0.598848698341782004
47.0 0.0 0.614551083591331260
47.0 1.0 0.595459236326109420
47.0 2.0 0.611713106295149633
47.0 3.0 0.621831772489045420
47.0 4.0 0.620972592147091662
48.0 0.0 0.638544891640866918
48.0 1.0 0.607327141382868918
48.0 2.0 0.632094943240454121
48.0 3.0 0.629822149669215570
48.0 4.0 0.597989517999828135
49.0 0.0 0.610681114551083537
49.0 1.0 0.619453044375644968
49.0 2.0 0.635964912280701733
49.0 3.0 0.616547813386029708
49.0 4.0 0.608987026376836438
50.0 0.0 0.605263157894736836
50.0 1.0 0.618937048503611975
50.0 2.0 0.638544891640866918
50.0 3.0 0.609975083770083359
50.0 4.0 0.640819658046223872
51.0 0.0 0.620227038183694512
51.0 1.0 0.628740970072239502
51.0 2.0 0.592621259029927794
51.0 3.0 0.626686141421084253
51.0 4.0 0.624967780737176737
52.0 0.0 0.613519091847265163
52.0 1.0 0.610681114551083537
52.0 2.0 0.638544891640866918
52.0 3.0 0.629822149669215570
52.0 4.0 0.622690952830999178
53.0 0.0 0.619453044375644968
53.0 1.0 0.624871001031991780
53.0 2.0 0.623839009287925794
53.0 3.0 0.630251739840192449
53.0 4.0 0.600266345906005694
54.0 0.0 0.638544891640866918
54.0 1.0 0.604747162022703844
54.0 2.0 0.618937048503611975
54.0 3.0 0.592275968725835544
54.0 4.0 0.636523756336454971
55.0 0.0 0.577915376676986559
55.0 1.0 0.622807017543859587
55.0 2.0 0.643962848297213619
55.0 3.0 0.648810035226394022
55.0 4.0 0.645244436807285826
56.0 0.0 0.613519091847265163
56.0 1.0 0.604231166150670851
56.0 2.0 0.626934984520123861
56.0 3.0 0.606409485350975164
56.0 4.0 0.616547813386029708
57.0 0.0 0.583333333333333370
57.0 1.0 0.631836945304437569
57.0 2.0 0.652734778121774939
57.0 3.0 0.633817338259300644
57.0 4.0 0.639101297362316356
58.0 0.0 0.598039215686274495
58.0 1.0 0.642414860681114530
58.0 2.0 0.615067079463364363
58.0 3.0 0.635106108772231281
58.0 4.0 0.575564911074834651
59.0 0.0 0.572497420020639858
59.0 1.0 0.610165118679050544
59.0 2.0 0.606037151702786381
59.0 3.0 0.625826961079130495
59.0 4.0 0.639530887533293235
60.0 0.0 0.606295149638802933
60.0 1.0 0.591589267285861697
60.0 2.0 0.634158926728586203
60.0 3.0 0.625397370908153616
60.0 4.0 0.622690952830999178
61.0 0.0 0.644478844169246612
61.0 1.0 0.623839009287925794
61.0 2.0 0.620485036119710953
61.0 3.0 0.615688633044075950
61.0 4.0 0.616118223215052829
62.0 0.0 0.632610939112487114
62.0 1.0 0.628740970072239502
62.0 2.0 0.629256965944272384
62.0 3.0 0.635535698943208160
62.0 4.0 0.579431222613626673
63.0 0.0 0.584365325077399467
63.0 1.0 0.628224974200206399
63.0 2.0 0.605779153766769829
63.0 3.0 0.644814846636308947
63.0 4.0 0.611693444453990876
64.0 0.0 0.597007223942208398
64.0 1.0 0.627966976264189958
64.0 2.0 0.601651186790505665
64.0 3.0 0.605979895179998285
64.0 4.0 0.588839247358020401
65.0 0.0 0.604747162022703844
65.0 1.0 0.624355005159958676
65.0 2.0 0.623839009287925794
65.0 3.0 0.598419108170805014
65.0 4.0 0.612123034624967755
66.0 0.0 0.604231166150670851
66.0 1.0 0.610165118679050544
66.0 2.0 0.624871001031991780
66.0 3.0 0.616118223215052829
66.0 4.0 0.584414468596958447
67.0 0.0 0.575593395252838036
67.0 1.0 0.614551083591331260
67.0 2.0 0.631836945304437569
67.0 3.0 0.620972592147091662
67.0 4.0 0.630681330011169328
68.0 0.0 0.638028895768833815
68.0 1.0 0.601909184726522217
68.0 2.0 0.635706914344685292
68.0 3.0 0.579860812784603441
68.0 4.0 0.643955666294355189
69.0 0.0 0.614551083591331260
69.0 1.0 0.599845201238390136
69.0 2.0 0.618937048503611975
69.0 3.0 0.630251739840192449
69.0 4.0 0.621831772489045420
70.0 0.0 0.577399380804953566
70.0 1.0 0.615067079463364363
70.0 2.0 0.638028895768833815
70.0 3.0 0.631540510353123086
70.0 4.0 0.611263854283013996
71.0 0.0 0.595201238390092868
71.0 1.0 0.601393188854489225
71.0 2.0 0.614551083591331260
71.0 3.0 0.624108600395222979
71.0 4.0 0.664232322364464278
72.0 0.0 0.610681114551083537
72.0 1.0 0.634158926728586203
72.0 2.0 0.614035087719298267
72.0 3.0 0.596700747486897498
72.0 4.0 0.630251739840192449
73.0 0.0 0.609649122807017552
73.0 1.0 0.595459236326109420
73.0 2.0 0.647832817337461231
73.0 3.0 0.584844058767935326
73.0 4.0 0.606409485350975164
74.0 0.0 0.620227038183694512
74.0 1.0 0.611713106295149633
74.0 2.0 0.578173374613003110
74.0 3.0 0.644814846636308947
74.0 4.0 0.596271157315920619
75.0 0.0 0.609649122807017552
75.0 1.0 0.571981424148606865
75.0 2.0 0.633126934984520107
75.0 3.0 0.644385256465332068
75.0 4.0 0.615688633044075950
76.0 0.0 0.615583075335397245
76.0 1.0 0.633642930856553210
76.0 2.0 0.628224974200206399
76.0 3.0 0.581278460348827242
76.0 4.0 0.579431222613626673
77.0 0.0 0.590557275541795601
77.0 1.0 0.628740970072239502
77.0 2.0 0.656604747162022662
77.0 3.0 0.640390067875246993
77.0 4.0 0.617406993727983466
78.0 0.0 0.599845201238390136
78.0 1.0 0.628740970072239502
78.0 2.0 0.622807017543859587
78.0 3.0 0.590128017870951149
78.0 4.0 0.620972592147091662
79.0 0.0 0.611197110423116641
79.0 1.0 0.634158926728586203
79.0 2.0 0.580495356037151744
79.0 3.0 0.635965289114185039
79.0 4.0 0.610834264112037117
80.0 0.0 0.615067079463364363
80.0 1.0 0.618421052631578982
80.0 2.0 0.662538699690402466
80.0 3.0 0.584414468596958447
80.0 4.0 0.616547813386029708
81.0 0.0 0.618937048503611975
81.0 1.0 0.642930856553147523
81.0 2.0 0.653766769865841146
81.0 3.0 0.601125526247959452
81.0 4.0 0.620543001976114783
82.0 0.0 0.601393188854489225
82.0 1.0 0.643446852425180627
82.0 2.0 0.623323013415892691
82.0 3.0 0.604132657444797605
82.0 4.0 0.631110920182146207
83.0 0.0 0.602683178534571762
83.0 1.0 0.580495356037151744
83.0 2.0 0.642930856553147523
83.0 3.0 0.639530887533293235
83.0 4.0 0.620543001976114783
84.0 0.0 0.638544891640866918
84.0 1.0 0.629256965944272384
84.0 2.0 0.637512899896800822
84.0 3.0 0.638671707191339477
84.0 4.0 0.584414468596958447
85.0 0.0 0.647832817337461231
85.0 1.0 0.638028895768833815
85.0 2.0 0.601909184726522217
85.0 3.0 0.613841395308875271
85.0 4.0 0.631540510353123086
86.0 0.0 0.586171310629514997
86.0 1.0 0.648348813209494335
86.0 2.0 0.622807017543859587
86.0 3.0 0.648810035226394022
86.0 4.0 0.566285763381733864
87.0 0.0 0.646284829721362253
87.0 1.0 0.579463364293085648
87.0 2.0 0.592105263157894690
87.0 3.0 0.628103788985308054
87.0 4.0 0.644385256465332068
88.0 0.0 0.599329205366357032
88.0 1.0 0.618937048503611975
88.0 2.0 0.616615067079463453
88.0 3.0 0.625826961079130495
88.0 4.0 0.621831772489045420
89.0 0.0 0.613519091847265163
89.0 1.0 0.633642930856553210
89.0 2.0 0.618937048503611975
89.0 3.0 0.613970272360168323
89.0 4.0 0.604132657444797605
90.0 0.0 0.621517027863777161
90.0 1.0 0.625902992776057765
90.0 2.0 0.609649122807017552
90.0 3.0 0.643955666294355189
90.0 4.0 0.628533379156284822
91.0 0.0 0.585913312693498445
91.0 1.0 0.624355005159958676
91.0 2.0 0.624355005159958676
91.0 3.0 0.612552624795944634
91.0 4.0 0.606409485350975164
92.0 0.0 0.584881320949432348
92.0 1.0 0.619453044375644968
92.0 2.0 0.605779153766769829
92.0 3.0 0.621402182318068541
92.0 4.0 0.635106108772231281
93.0 0.0 0.619453044375644968
93.0 1.0 0.604747162022703844
93.0 2.0 0.611197110423116641
93.0 3.0 0.634246928430277523
93.0 4.0 0.626256551250107374
94.0 0.0 0.632610939112487114
94.0 1.0 0.624355005159958676
94.0 2.0 0.618421052631578982
94.0 3.0 0.620972592147091662
94.0 4.0 0.635535698943208160
95.0 0.0 0.618421052631578982
95.0 1.0 0.644994840041279716
95.0 2.0 0.640092879256966008
95.0 3.0 0.602414296760890089
95.0 4.0 0.586562419451842953
96.0 0.0 0.628740970072239502
96.0 1.0 0.651186790505675961
96.0 2.0 0.633642930856553210
96.0 3.0 0.597559927828851256
96.0 4.0 0.621402182318068541
97.0 0.0 0.587203302373580982
97.0 1.0 0.637512899896800822
97.0 2.0 0.599329205366357032
97.0 3.0 0.649669215568347780
97.0 4.0 0.630251739840192449
98.0 0.0 0.616615067079463453
98.0 1.0 0.619453044375644968
98.0 2.0 0.629256965944272384
98.0 3.0 0.624967780737176737
98.0 4.0 0.615688633044075950
99.0 0.0 0.633126934984520107
99.0 1.0 0.641382868937048545
99.0 2.0 0.580495356037151744
99.0 3.0 0.601125526247959452
99.0 4.0 0.644814846636308947
