-8.548095929741300614e-02 -1.604474985921457708e-01
-1.712399898246359797e-01 -8.896925694295469700e-02
-2.537616507639128827e-01 -1.216621285071450981e-01
-2.376914457029412620e-01 -9.834057516645476615e-02
-2.560341718105631492e-01 -1.182226293036800768e-01
-2.028895058293143372e-01 -8.316521369290721943e-02
-1.300437743519230471e-01 -1.407709449391183754e-01
-4.787394468314862817e-01 1.522481205516579023e-03
-1.999563058464996490e-01 -1.376259439402205687e-01
-1.088898251723735833e-01 -1.451265546952035523e-01
-2.326560796891663785e-01 -6.655332216598995598e-02
-3.590679013403526576e-01 -1.235748627637476421e-01
-1.958419011850250913e-01 -1.011136089497762791e-01
-1.510257374337239666e-01 -1.405403391874295027e-01
-1.568827213152582944e-01 -1.489164071938511580e-01
-2.254072356811987199e-01 -1.531875937422375600e-01
-2.044924791526006314e-01 -8.616514450012949244e-02
-3.657210989910826826e-01 -2.036556678745251106e-02
-8.832406942806748928e-02 -2.100830694238468299e-01
-1.727188942200365840e-01 -1.277226903076975062e-01
-2.152114737629226837e-01 -2.234378551596675200e-01
-4.962198505040434360e-01 -3.167571058139623252e-02
-1.961023301454280499e-01 -1.048070476516804322e-01
-1.564653886641192149e-01 -1.143368266972439318e-01
-2.357901164588763476e-01 -5.366414125821256792e-02
-3.383176735938122071e-01 -1.933220132032464553e-02
-1.519449099951061810e-01 -1.844358513657614329e-01
-3.945768235771449639e-01 -6.591094072919659319e-02
-1.469165795334128333e-01 -7.954412128840727958e-02
-1.911532206859922478e-01 -1.712397532338681416e-01
-1.887590358797930634e-01 -1.283572370257518025e-01
-2.608979481380569454e-01 -5.409656785930385542e-02
-2.047250105364476214e-01 -6.675264407137132538e-02
-2.835871558850260321e-01 -1.428972896186483654e-01
-1.282715730427348155e-01 -2.154852482508155531e-01
-1.191118667049895774e-01 -9.303643354930436760e-02
-2.871644273741085218e-01 -9.441891738925919930e-02
-1.489226707583196918e-01 -1.940838802506256733e-01
-4.229150457955255793e-01 -5.198781238997873116e-02
-2.083390659828791847e-01 -7.909137528803464323e-02
-2.376709283409138285e-01 -1.012797330025359821e-01
-2.199193254667101693e-01 -2.355786153252943105e-01
-1.616078715177570457e-01 -1.622325852548906211e-01
-1.584948318968032177e-01 -8.846428003119911898e-02
-3.389670279994659863e-01 1.688533191123513591e-02
-2.022627592625273751e-01 -1.893912322550326821e-01
-1.537231576971393732e-01 -1.021458710283425914e-01
-2.210126838102360602e-01 -7.226820670991600248e-02
-1.890810370669791796e-01 -1.047758462199002566e-01
-2.137065841932471733e-01 -1.598751016673730652e-01
-1.825414029559276341e-01 -1.790772986516812604e-01
-2.191490410416138956e-01 -1.500802896824979249e-01
-1.579761095271718097e-01 -1.047760733797861860e-01
-2.939327683134084768e-01 -1.222599128003340474e-01
-7.370297035257621088e-02 -4.364784516987780388e-02
-2.361714543567269009e-01 -1.324323279194969949e-01
-2.397647792678266887e-01 -7.498935509331125515e-02
-1.225961235303976993e-01 -1.691898243836680304e-01
-2.664702768259272214e-01 -1.380280616752745104e-01
-3.737989266787591913e-01 -4.104015261272764975e-02
-3.034628354621641266e-01 -1.063653531262076096e-01
-3.136769577972803869e-01 -6.189814986310884781e-02
-2.072610321807926148e-01 -1.591555496076200449e-01
-1.933438797935232156e-01 -1.221432630093884780e-01
-1.690263728840543656e-01 -1.090602570917633407e-01
-3.156410078861852653e-01 -7.057964507839523116e-02
-1.411127143656284444e-01 -1.143561455905087731e-01
-2.213402087667048213e-01 -1.529884120154700322e-01
-1.500897856422518106e-01 -8.613410631241816273e-02
-2.120583522633406603e-01 -1.420235279065132916e-01
-2.861175237736643395e-01 -5.685934934784369482e-02
-1.283711205255084475e-01 -1.329655259908160414e-01
-2.683290392644978595e-01 -7.682110601678517059e-02
-2.048770500847900689e-01 -1.298340445841092428e-01
-2.246011871513545477e-01 -1.441377089596524719e-01
-1.472835978527362866e-01 -5.574473505363672365e-02
-2.299614623703909178e-01 -1.498366326296562412e-01
-3.532371725654084305e-01 -1.812095120813534410e-01
-2.318785783150215662e-01 -1.575092577205541577e-01
-2.817021704733080889e-01 -5.096119910453966728e-02
-1.531616761423699458e-01 -2.314653982254050446e-01
-2.521702718332517468e-01 -9.217192654987942102e-02
-4.364042633191145826e-01 8.068618876310176824e-02
-2.449688544673477575e-01 -1.201838361022356111e-01
-1.371919503886055436e-01 -1.558003479953004033e-01
-1.684927597034523716e-01 -1.085299793460879902e-01
-2.116565591525710888e-01 -7.332734655474305863e-02
-2.821976283419627696e-01 -1.524832401793507763e-01
-2.892708841741771786e-01 -1.253881933611341870e-01
-2.898691817603825105e-01 -1.098311643399831339e-01
-1.810227406108582682e-01 -9.584269851875726332e-02
-1.882585530326770229e-01 -1.237491330690245611e-01
-1.716878691934503320e-01 -1.978885066525828129e-01
-2.374718377482970544e-01 -5.660996457305782908e-02
-2.039563550301968231e-01 -1.345095157440586164e-01
-2.531307489453376025e-01 -1.131889025914908781e-01
-1.981795694124684759e-01 -6.167655245501284245e-02
-2.634751489519866485e-01 -1.788066636728481706e-01
-2.609175374941519743e-01 -7.213648036878578251e-02
-1.071973780494165085e-01 -1.682553225401723640e-01
-2.060265891718200126e-01 -1.528446124725017230e-01
-2.066184067004887825e-01 -1.112145107185351089e-01
-2.355139202918097030e-01 -1.427985654081132538e-01
-1.780197677755409047e-01 -1.293799083325702648e-01
-3.472163398506726839e-01 -3.713258683663069742e-02
-1.783137134635259524e-01 -1.645424491780657084e-01
-4.053810608037711205e-01 1.012226267766365775e-02
-2.632425673963383339e-01 -8.361934619671781976e-02
-1.668544415286940252e-01 -1.099079302595801499e-01
-1.717920321509918136e-01 -1.496958114008224150e-01
-2.328906252906634000e-01 -1.262374574184503273e-01
-2.029231085228114517e-01 -1.238633005288056754e-01
-2.043126719928763935e-01 -1.332664969982699232e-01
-2.061404753010640800e-01 -1.034246498038837725e-01
-2.145694044504693476e-01 -1.131303328013582021e-01
-3.321656879591240452e-01 -4.985256514181518606e-02
-2.187763235373329229e-01 -1.237452671027189782e-01
-2.866552282178727595e-01 3.904845852170774761e-02
-1.311717337845592357e-01 -2.347802873677417856e-01
-1.970776603294726037e-01 -1.754442084218699460e-01
-1.761998526035070400e-01 -9.244664573158233034e-02
-1.937398707730696168e-01 -1.531396647589472471e-01
-1.597246939600681648e-01 -6.341037612699144954e-02
-2.858461955028737123e-01 -1.600229130034540037e-01
-4.017679274044433368e-01 -9.286639331397027186e-02
-2.475377764703733108e-01 -1.263262738945143959e-01
-8.942886435462396588e-02 -6.904351691940900648e-02
-1.634508894370579613e-01 -1.144653846916578038e-01
-2.791673465892305361e-01 -1.698215567213484378e-01
-2.420120247621537490e-01 -3.361164291968338907e-02
-2.679993076480677860e-01 -1.076630670379579019e-01
-1.839951062652508407e-01 -1.311106067659618679e-01
-3.268096319172030251e-01 -7.794486193294342113e-02
-2.697475443121176153e-01 -4.043765257153225309e-03
-1.672508373906066714e-01 -1.885334937297348801e-01
-1.276143369461822663e-01 -1.113057380188557238e-01
-2.211518011224985758e-01 -9.507951601271075193e-02
-2.170792877014091904e-01 -1.011603979197961828e-01
-2.068555844249552189e-01 -1.090444786629265056e-01
-2.304355245648817829e-01 -1.683223532836709557e-01
-2.171229703276542355e-01 -1.561149472931024351e-01
-3.186769639762230821e-01 -3.304105128704180189e-02
-2.243230126792859769e-01 -1.514319877792534574e-01
-1.670773303185773273e-01 -1.505537386541516420e-01
-1.769532742179419915e-01 -6.797447287230345969e-02
-2.574860012716170266e-01 -8.350707595552056550e-02
-1.197737818127621034e-01 -1.772382412699792242e-01
-1.903086404188808756e-01 -1.590376400938102730e-01
-2.326309447310545564e-01 -9.409952407182142764e-02
-3.250628333021878258e-01 -8.598205488506168934e-03
-2.280419313363372946e-01 -1.265367218727720677e-01
-2.362888565040991429e-01 -8.915400165858596016e-02
-3.026417100606415556e-01 -1.146363311831303244e-01
-1.638747351938093511e-01 -1.635635961489752821e-01
-1.132282154091963228e-01 -8.761690603813883371e-02
-1.849582924115991400e-01 -9.560746963416448529e-02
-2.265602273539497891e-01 -1.390827192207421126e-01
-3.714849515028760818e-01 6.128883748297894035e-02
-1.401492333742512808e-01 -2.842416811782625397e-01
-2.325843753993575569e-01 -1.303603099152600975e-01
-1.456281064324094487e-01 -9.108350163188777548e-02
-1.747801624523735164e-01 -8.890255612721312262e-02
-3.087258493808294757e-01 -1.743407583618533652e-01
-1.801469283402452881e-01 -1.322123950220035482e-01
-2.185719450424952748e-01 -1.205827961419853323e-01
-1.839957931090000498e-01 -1.935933959550384109e-01
-2.263227818396566504e-01 -1.602503152053286750e-01
-2.128978151430908905e-01 -9.820587148346521245e-02
-1.446740250628180680e-01 -1.189239804493548713e-01
-4.136439666814865634e-01 -5.315464761079307862e-03
-2.539881373567632883e-01 -1.097887015027432939e-01
-1.903768327592817444e-01 -1.029306853323242038e-01
-1.524555889244151308e-01 -2.188993542070049314e-01
-2.907544746049207651e-01 -1.249118086395106658e-01
-3.715877222087287102e-01 -9.651655150383124659e-03
-1.854935555820063364e-01 -1.464656593152559583e-01
-2.102711705862033709e-01 -1.056288922510146278e-01
-2.317636368369653810e-01 -1.024665375481189078e-01
-1.340144158985478173e-01 -1.319121446876039827e-01
-2.482937053236926872e-01 -1.045155942973499258e-01
-2.071021743524122105e-01 -1.356357231536626518e-01
-2.429241441869012252e-01 -8.120515319946614019e-02
-2.575522028789749007e-01 -1.317868966372332806e-01
-1.520426529873171451e-01 -1.225383055995381831e-01
-2.059000455721553824e-01 -1.156896768496663980e-01
-1.356386612933672409e-01 -2.129382736554991384e-01
-2.065392304997020478e-01 -6.478140331641549232e-02
-2.384680620333054224e-01 -8.678334140596993818e-02
-1.364820565764278959e-01 -1.397796574217191057e-01
-2.202996586374808830e-01 -9.533957346922997123e-02
-2.257896022084572296e-01 -1.188430321604899836e-01
-2.533579877157143834e-01 -1.225578245710330499e-01
-2.505019671389747127e-01 -7.755586788609895865e-02
-2.078806608877275253e-01 -5.173351304872656625e-02
-8.848877629190080030e-02 -8.990728099540107321e-02
-2.139926957010324926e-01 -1.734255494105053641e-01
-2.112846559274420555e-01 -1.676223314438592960e-01
-1.541109456089041485e-01 -1.158706457254949224e-01
-2.239172883580143047e-01 -1.318305827770720196e-01
-2.336641014506344594e-01 -5.064166825213868572e-02
-1.709554308062919414e-01 -2.168849402225728751e-01
-2.211605865349947353e-01 -1.633705396176871327e-01
-2.841057482345850649e-01 -6.755019030401902824e-02
-1.784330632084667745e-01 -1.159853575197702102e-01
-3.791261481662246413e-01 -9.160400206782177285e-03
-1.870286198935210420e-01 -1.663065646157738942e-01
-9.664356625222506048e-02 -1.016325815912845903e-01
-2.861131338191926221e-01 -1.591602958006722579e-01
-2.191940006352106896e-01 -8.035863632263656742e-02
-2.716727785089508851e-01 -1.105844554447300288e-01
-2.100373008108135930e-01 -8.726077783108542041e-02
-1.322326234653792842e-01 -1.234886211781820037e-01
-1.988663533364322666e-01 -1.518731388656715531e-01
-2.225710205588959101e-01 -1.171700579423521904e-01
-2.570186420429289575e-01 -1.041578715518380049e-01
-2.001208417396846129e-01 -1.375864628311956328e-01
-1.878388853652468160e-01 -2.012487655857780333e-01
-1.904036178582284300e-01 -9.913047997531922173e-02
-2.737718565107935542e-01 -6.057876436317354008e-02
-2.905339041221079999e-01 -9.895481412818587716e-03
-2.050900929215473956e-01 -1.014204396508139733e-01
-1.790494517398236451e-01 -1.347555637224124303e-01
-5.435262237060531909e-01 7.990805624020987097e-02
-1.679261635520457319e-01 -1.229875501344254857e-01
-1.733236173463676699e-01 -2.181497621422369138e-01
-2.141973809631164682e-01 -1.374738049375160698e-01
-2.037113632180256595e-01 -5.966090311116140771e-02
-1.559344981399766183e-01 -1.704347283655692491e-01
-1.767443439897602997e-01 -1.199075824458134959e-01
-2.821173493519552045e-01 -1.320534694896658146e-01
-1.579163766169748018e-01 -9.533399246812865324e-02
-8.812514801074557147e-02 -1.562454202313025564e-01
-2.472972075989976759e-01 -9.489147506985817770e-02
-4.741345545789983351e-01 -5.912885566093620260e-02
-2.144127141995176289e-01 -1.210547531966063156e-01
-2.257433194227223550e-01 -1.350623312200393000e-01
-2.779052283990199324e-01 -7.759019880237891242e-02
-2.011521326045994651e-01 -8.736452155211704707e-02
-1.665839251200076643e-01 -1.094079038444473045e-01
-1.672110048218097000e-01 -1.582519305895325745e-01
-1.918009598033855179e-01 -2.296852639373133387e-01
-3.101898702622870041e-01 -1.697986528430900713e-02
-1.929124117013673034e-01 -1.061579708681613943e-01
-2.310188665629177573e-01 -2.210141227375689577e-01
-1.759717414870852481e-01 -2.659447502217009499e-02
-2.626974157240323793e-01 -1.283802116459262510e-01
-1.971299729860624961e-01 -1.353823654510255825e-01
-3.825997581709896234e-01 -2.367276987468162897e-02
-1.495469220781787401e-01 -1.078935968452700289e-01
-1.603990693959608527e-01 -1.354701244618774780e-01
-3.498682406484309726e-01 2.838362626762391209e-03
-2.558768388602347676e-01 -1.774198411888571192e-01
-1.849017969814065465e-01 -1.351429477088087472e-01
-2.038876827699622751e-01 -9.142082738959392274e-02
-2.492558815630425972e-01 -1.850389175528291130e-01
-2.017734637520654795e-01 -8.799065819380720577e-02
-1.999323399120893907e-01 -2.874639290555566218e-01
-1.720892166694891201e-01 -1.281781306132344367e-01
-3.264367911804898492e-01 -7.805522222964693391e-02
-1.950590253179004252e-01 -6.552745363811721124e-02
-3.527392001959912538e-01 -6.979625835691251161e-03
-1.490979258981115774e-01 -1.101819798620828073e-01
-2.037027694301747627e-01 -2.568635854474840552e-01
-2.323392181413009294e-01 -6.605262112583942802e-02
-1.913157531053303884e-01 -1.912121733532161638e-01
-1.431099627944311947e-01 -1.625510789344168650e-01
-3.366763932427946360e-01 -3.618660183500117117e-02
-1.542692699851868354e-01 -1.933924978120388494e-01
-2.183205713072937371e-01 -1.336622866489696471e-01
-2.241295976114212329e-01 -6.547464798174014444e-02
-1.850128264046333737e-01 -8.672504725722822438e-02
-2.104283617254840977e-01 -1.231734009979945366e-01
-2.561120486823174613e-01 -1.589174878312611949e-01
-1.605381733683169942e-01 -1.022667271276741646e-01
-1.945574251549086475e-01 -1.316631912641059721e-01
-1.625997576425901314e-01 -8.409154236625242251e-02
-1.637871818886811326e-01 -1.385696744610630526e-01
-2.833032379585807559e-01 -1.461550982344279881e-01
-2.199652602091569653e-01 -1.474271902595013228e-01
-3.210640610066899381e-01 -1.917218188750603042e-02
-2.016062650469546136e-01 -8.589180324604138439e-02
-2.686444109167898664e-01 -9.477491851983760318e-02
-1.662351401713973720e-01 -1.490451224490143556e-01
-1.716952638534970099e-01 -1.128055887315503741e-01
-2.073231397428474676e-01 -1.386095877099710605e-01
-3.485840061068062878e-01 4.600381833193877695e-02
-2.620760486070218831e-01 -1.147019647079341592e-01
-1.640041193122630525e-01 -2.862105090417911279e-01
-1.643880955539233357e-01 -1.869261365187249169e-01
-2.618793330864186975e-01 -7.884219752633417344e-02
-9.196501068262727006e-04 -8.236372846794309636e-04
-1.902503584045245888e-01 -1.663708869507645183e-01
-2.030039116631154050e-01 -1.482957398647252734e-01
-4.219180694170354684e-01 -2.166640371791640762e-02
-1.979546753538010684e-01 -1.231761381059110066e-01
-2.540778744895774155e-01 -2.901845875637690253e-02
-2.703188946637362089e-01 -1.966452688314982711e-01
-2.203471871880186839e-01 -1.188326486178497149e-01
-2.375735832621024002e-01 -1.260318549596537163e-01
-2.221705048324781884e-01 -1.144130490726835425e-01
-2.036178989902968361e-01 -1.429839580108835384e-01
-2.267918238874063741e-01 -1.058072492775724432e-01
-2.204125983612529593e-01 -1.401516999201187497e-01
-2.249390081535753427e-01 -1.247339687946478481e-01
-1.693069641488608168e-01 -9.762632648904978616e-02
-2.976410080666851421e-01 -2.284957147318151249e-01
-2.019337811237210123e-01 -4.719787978101523673e-02
-2.053663149520071063e-01 -1.189582831726389844e-01
-2.049542385009881229e-01 -4.904902885959176034e-02
-1.052900874934009356e-01 -1.940556899959928472e-01
-2.177676852816625430e-01 -1.408204431348680785e-01
-2.231364875172112405e-01 -1.469369208688894313e-01
-2.775708543034989262e-01 -1.129699383066534446e-01
-1.587574574711171360e-01 -1.101897996694420762e-01
-1.379703245736607076e-01 -7.011254314274087407e-02
-2.314457254186450819e-01 -7.529178852481438478e-02
-2.989940222221397770e-01 -1.326703228237946508e-01
-1.451828272505095441e-01 -1.618345783936964433e-01
-2.000001918423466585e-01 -7.469572932567650203e-02
-3.684550295490642280e-01 -8.505316952789024332e-02
-1.346591186004053309e-01 -1.585824765310064888e-01
-1.720644427968154866e-01 -1.477601708918670209e-01
-2.631200609262563939e-01 -1.221829237933465540e-01
-2.283434385509790221e-01 -1.019532587247121980e-01
-2.352911716067738745e-01 -9.408347054493999828e-02
-1.787933309251739100e-01 -1.765723409593991100e-01
-3.876107590502035349e-01 -2.595787204932413147e-02
-2.405163995804192045e-01 -1.196924737404750083e-01
-1.746412268632613063e-01 -1.169122637322616565e-01
-1.939744740106921495e-01 -1.261248148900485921e-01
-2.544087236801463869e-01 -9.613746388880860250e-02
-2.269771206316318624e-01 -1.235618129126510312e-01
-2.330555298376672801e-01 -1.066984984329427538e-01
-1.772966735887080147e-01 -2.469740304471149395e-01
-2.302674967511441628e-01 -4.648520692068331545e-02
-1.502236507289573531e-01 -1.301699547331636453e-01
-3.421895001656815039e-01 -5.466944471636205755e-02
-2.235706869337858171e-01 -1.158291663933297966e-01
-3.475555232336991485e-01 -5.484474432756974299e-02
-1.203060834688794573e-01 -1.468809565651445770e-01
-2.418128917182323645e-01 -1.182581632321407228e-01
-1.996700920892713338e-01 -8.754992297721893302e-02
-2.595669567125531429e-01 -1.628273699633232263e-01
-1.823550477398077074e-01 -7.810873361883223509e-02
-2.398465397917903252e-01 -1.840510270127618253e-01
-2.060021619503462909e-01 -1.426906563870660449e-01
-2.018984022795331790e-01 -1.474818357908953825e-01
-1.296471638235253965e-01 -1.780817121425719851e-01
-2.032571981171020781e-01 -4.884555623990471246e-02
-2.161790065097640989e-01 -1.180451584674749588e-01
-2.346053978612662738e-01 -2.955415016022284319e-02
-1.470853897242345443e-01 -1.654491281829567062e-01
-2.605987151463862728e-01 -1.150519144599204679e-01
-2.095924641016011503e-01 -1.156192111877875628e-01
-3.259903976942989945e-01 -1.181071189186207043e-01
-2.750888249338460101e-01 -3.774048767090097678e-02
-1.662500783676394978e-01 -1.102884109643109400e-01
-1.692816708595593633e-01 -1.805591751957322244e-01
-4.330204867746407227e-01 3.718488737686555766e-03
-1.899047439786036573e-01 -1.802923424638116778e-01
-2.371887343332474418e-01 -1.174459251360545770e-01
-2.213108256372324778e-01 -1.801069187543276329e-01
-2.387182370183910662e-01 -7.970674625859051898e-02
-2.923260899205598062e-01 -4.907221321341787706e-02
-2.312332005207464736e-01 -1.367440166256072287e-01
-1.851337404153877708e-01 -2.150725448035488430e-01
-2.013241295047055457e-01 -8.244452167948038146e-02
-1.897315367346827930e-01 -1.166337728629958936e-01
-1.949364481930503101e-01 -8.932948822712002968e-02
-2.650353244007531139e-01 -1.373177214387641676e-01
-1.935994214998834340e-01 -1.013065448101873461e-01
-2.553453297758812024e-01 -1.862003111601530370e-01
-2.202198346818346197e-01 -1.580295994195189402e-01
-2.458168428890095125e-01 -1.525854101970634258e-01
-3.211404796711192500e-01 3.912684529398621769e-02
-2.376153764371989885e-01 -1.280317454769689944e-01
-1.174587226665303004e-03 -5.199039995489766275e-04
-2.273895324091206593e-01 -2.281724584498379949e-01
-2.485474951680406164e-01 -1.985987215727330613e-01
-2.134448493598559149e-01 -1.107035918006573083e-01
-1.770162043000464147e-01 -1.550548335581858062e-01
-2.690738664416020831e-01 -1.195612137410357045e-01
-3.285767740612389187e-01 -2.397235673682595464e-02
-2.345750168114529577e-01 -1.492516360715996637e-01
-2.587051659240949264e-01 -8.537556753251983321e-02
-2.230251204239727392e-01 -1.399066204693068249e-01
-2.589253531373382766e-01 -1.424269442698881116e-01
-3.175360989560814251e-01 -9.561568393398398036e-02
-2.035705550762084426e-01 -5.722550247588947120e-02
-1.682833933907918467e-01 -1.525004285403176729e-01
-2.294448414016526661e-01 -1.199156029328147244e-01
-2.194416420695428360e-01 -1.272989687458845054e-01
-1.539192265096187839e-01 -7.643868623469192436e-02
-1.272065028236621098e-01 -1.525212186430751071e-01
-3.195992705027477232e-01 -8.750875612398456571e-02
-2.078744446377058519e-01 -1.564664605117851437e-01
-1.762668324700797928e-01 -1.793461166310372501e-01
-1.777076596047715840e-01 -8.511713941830859054e-02
-2.762155648344836179e-01 -4.375271562172016598e-02
-3.726800304110677864e-01 -7.632548497848123947e-02
-1.989316650137417652e-01 -1.648114582160738473e-01
-1.917137120217135005e-01 -1.624596165213031129e-01
-1.841771693944083410e-01 -1.951266147564751086e-01
-1.688954700756556404e-01 -6.457479739217367176e-02
-3.157524601385646723e-01 6.989725984417113902e-02
-1.410719474641649041e-01 -7.552053206001181629e-02
-2.161267368625756635e-01 -1.395369270606776624e-01
-1.748741823938134710e-01 -1.978096370768483436e-01
-4.356800271192796670e-01 1.770520028018369302e-02
-6.052337850712825873e-02 -5.231692067648610611e-02
-1.542652087099537217e-01 -1.258202082356747464e-01
-2.106938062761375685e-01 -1.010423666401115833e-01
-2.445456654253338469e-01 -1.026031744188136974e-01
-1.977832665508406085e-01 -1.253334933566971898e-01
-1.783727393315269472e-01 -1.489175798096010472e-01
-1.905266955494060443e-01 -1.426920400221556307e-01
-2.807967029741925136e-01 -6.169033621946429236e-02
-1.604192468578417574e-01 -1.007703726363655544e-01
-2.370713298420280835e-01 -1.243416386501861176e-01
-1.963301103380297452e-01 -1.605938382086984362e-01
-2.107266114114377809e-01 -1.438041305084703791e-01
-3.298123935475426038e-01 -1.002954515980697126e-01
-2.551774072528623094e-01 -3.024265656936718505e-02
-3.086436884394948010e-01 -1.446570150567644819e-01
-1.316633797771937231e-01 -1.034943161274589213e-01
-2.451749548132936274e-01 -1.861568208038248406e-01
-1.897605887618190046e-01 -1.585896710170408563e-01
-1.329653393241492509e-01 -8.871616637469638411e-02
-1.757903013216312871e-01 -8.345066794322870962e-02
-3.289988008546358977e-01 -2.272700060466281008e-02
-3.229313684062641854e-01 2.449800842875390558e-02
-1.709122786058178967e-01 -2.217303593482224666e-01
-3.551892722347566034e-01 -9.114768991355487460e-02
-1.531404731149156595e-01 -1.776436839687186298e-01
-2.119513150280175617e-01 -7.035842337306906502e-02
-3.601676115982777038e-01 -8.874316651101411824e-02
-1.460389381088224858e-01 -7.233113187325902749e-02
-1.645083396760862737e-01 -9.347306523069072448e-02
-3.114775190929741089e-01 -1.312080809208522325e-01
-1.765604199462487145e-01 -1.619127883538633572e-01
-3.142042989248998719e-01 6.951777608729953727e-03
-2.312655498413859478e-01 -1.866257410377397952e-01
-1.508046497727707491e-01 -1.660778480532432988e-01
-8.143448848432102705e-02 -6.436235129321192516e-02
-2.272988657438062554e-01 -1.271974532809292957e-01
-2.115123356428172119e-01 -8.828508030582066235e-02
-1.281893616467894015e-01 -1.751581670639616173e-01
-2.427978497548946846e-01 -3.607024084881564618e-02
-2.071317915650917885e-01 -1.859707462386655241e-01
-1.492002822722419131e-01 -1.073555424476151376e-01
-2.373014072214574832e-01 -5.326113870805243566e-02
-1.893515965845207483e-01 -1.402254772628541701e-01
-1.975023297268347078e-01 -1.255998434068591740e-01
-2.604091092617136227e-01 -2.216199952230743231e-01
-4.268063557688804299e-01 2.977074599362887486e-02
-1.705047186940685522e-01 -8.902999422242562078e-02
-1.012088813292219835e-01 -7.867561938199121863e-02
-1.929851270480371361e-01 -1.330854984454387380e-01
-1.822429158887780565e-01 -1.434356699970972815e-01
-1.788337054119706060e-01 -9.610214716605583463e-02
-7.983491046231705468e-02 -2.122792463185636525e-01
-2.135189923611570395e-01 -1.126717762036911624e-01
-1.684190050308463360e-01 -1.120505205628499895e-01
-2.106551847380793152e-01 -1.093010397383185756e-01
-2.550069772703589255e-01 -1.168797309202961182e-01
-2.192139295882106764e-01 -9.541129863026603930e-02
-3.004860595306633742e-01 -3.944873344860635317e-02
-1.352661865464523938e-01 -1.696853043354816515e-01
-1.877748771552526508e-01 -1.520538310768106416e-01
-3.310796868285033612e-01 -1.141135780506546404e-01
-1.440176352237694801e-01 -1.406064864029799300e-01
-2.235190628040679139e-01 -1.190255702155414708e-01
-1.924121293212528450e-01 -1.384861793755652881e-01
-2.405758258542929073e-01 -1.127261717464139862e-01
-2.032879052203105108e-01 -8.635982706226286165e-02
-2.630081043171328403e-01 -7.185112080730492179e-02
-1.860449348443113937e-01 -1.797272593457237000e-01
-1.636534982059768273e-01 -2.284884593742331771e-01
-1.919427965361103217e-01 -9.325487112580478632e-02
-2.295497430320762311e-01 -5.173135869802655828e-02
-3.443904520435939753e-01 -3.272185883903547254e-02
-4.954884093996841932e-01 6.987038893827097509e-03
-1.600804544496463033e-01 -1.378473120196836987e-01
-1.367997230262189834e-01 -1.000577829015625309e-01
-1.350081718896986027e-01 -1.776759605024645361e-01
-1.298219937755134001e-01 -6.803240106461568015e-02
-2.521531570209500916e-01 -1.806909841148049978e-01
-2.549162984431299628e-01 -7.549037265609821745e-02
-2.428100558258747821e-01 -1.560885449491847266e-01
-1.974782248865140921e-01 -1.131883782799846389e-01
-1.826301343886191086e-01 -7.923053249269065845e-02
-1.332307617569565839e-01 -2.874672935206133428e-01
-4.253816726579381924e-01 -5.233673822268339326e-02
-1.926619336037870278e-01 -1.071141849186595940e-01
-2.308232719608487582e-01 -9.598302310486585276e-02
-2.113699994985740460e-01 -1.719644822649067095e-01
-2.244295211590916217e-01 -8.759896422702359575e-02
-8.393222956381560240e-02 -1.467884863194914014e-01
-2.419612112220710098e-01 -8.182107872250807268e-02
-3.562465269791345590e-01 -5.273176932089347624e-02
