0.0 0.0 0.320000000000000007
0.0 1.0 0.390000000000000013
0.0 2.0 0.320000000000000007
0.0 3.0 0.419999999999999984
0.0 4.0 0.409999999999999976
1.0 0.0 0.409999999999999976
1.0 1.0 0.369999999999999996
1.0 2.0 0.330000000000000016
1.0 3.0 0.390000000000000013
1.0 4.0 0.299999999999999989
2.0 0.0 0.380000000000000004
2.0 1.0 0.419999999999999984
2.0 2.0 0.250000000000000000
2.0 3.0 0.390000000000000013
2.0 4.0 0.380000000000000004
3.0 0.0 0.419999999999999984
3.0 1.0 0.400000000000000022
3.0 2.0 0.340000000000000024
3.0 3.0 0.320000000000000007
3.0 4.0 0.400000000000000022
4.0 0.0 0.340000000000000024
4.0 1.0 0.390000000000000013
4.0 2.0 0.380000000000000004
4.0 3.0 0.390000000000000013
4.0 4.0 0.409999999999999976
5.0 0.0 0.369999999999999996
5.0 1.0 0.409999999999999976
5.0 2.0 0.440000000000000002
5.0 3.0 0.460000000000000020
5.0 4.0 0.349999999999999978
6.0 0.0 0.359999999999999987
6.0 1.0 0.409999999999999976
6.0 2.0 0.299999999999999989
6.0 3.0 0.400000000000000022
6.0 4.0 0.429999999999999993
7.0 0.0 0.340000000000000024
7.0 1.0 0.330000000000000016
7.0 2.0 0.409999999999999976
7.0 3.0 0.369999999999999996
7.0 4.0 0.340000000000000024
8.0 0.0 0.299999999999999989
8.0 1.0 0.400000000000000022
8.0 2.0 0.340000000000000024
8.0 3.0 0.400000000000000022
8.0 4.0 0.330000000000000016
9.0 0.0 0.419999999999999984
9.0 1.0 0.280000000000000027
9.0 2.0 0.349999999999999978
9.0 3.0 0.299999999999999989
9.0 4.0 0.469999999999999973
10.0 0.0 0.289999999999999980
10.0 1.0 0.369999999999999996
10.0 2.0 0.349999999999999978
10.0 3.0 0.450000000000000011
10.0 4.0 0.359999999999999987
11.0 0.0 0.330000000000000016
11.0 1.0 0.320000000000000007
11.0 2.0 0.270000000000000018
11.0 3.0 0.349999999999999978
11.0 4.0 0.369999999999999996
12.0 0.0 0.380000000000000004
12.0 1.0 0.340000000000000024
12.0 2.0 0.299999999999999989
12.0 3.0 0.400000000000000022
12.0 4.0 0.390000000000000013
13.0 0.0 0.349999999999999978
13.0 1.0 0.340000000000000024
13.0 2.0 0.349999999999999978
13.0 3.0 0.320000000000000007
13.0 4.0 0.409999999999999976
14.0 0.0 0.419999999999999984
14.0 1.0 0.349999999999999978
14.0 2.0 0.359999999999999987
14.0 3.0 0.340000000000000024
14.0 4.0 0.359999999999999987
15.0 0.0 0.419999999999999984
15.0 1.0 0.369999999999999996
15.0 2.0 0.400000000000000022
15.0 3.0 0.359999999999999987
15.0 4.0 0.380000000000000004
16.0 0.0 0.369999999999999996
16.0 1.0 0.320000000000000007
16.0 2.0 0.400000000000000022
16.0 3.0 0.349999999999999978
16.0 4.0 0.330000000000000016
17.0 0.0 0.409999999999999976
17.0 1.0 0.369999999999999996
17.0 2.0 0.299999999999999989
17.0 3.0 0.400000000000000022
17.0 4.0 0.299999999999999989
18.0 0.0 0.429999999999999993
18.0 1.0 0.369999999999999996
18.0 2.0 0.390000000000000013
18.0 3.0 0.409999999999999976
18.0 4.0 0.340000000000000024
19.0 0.0 0.409999999999999976
19.0 1.0 0.340000000000000024
19.0 2.0 0.349999999999999978
19.0 3.0 0.409999999999999976
19.0 4.0 0.359999999999999987
20.0 0.0 0.250000000000000000
20.0 1.0 0.330000000000000016
20.0 2.0 0.289999999999999980
20.0 3.0 0.369999999999999996
20.0 4.0 0.369999999999999996
21.0 0.0 0.340000000000000024
21.0 1.0 0.340000000000000024
21.0 2.0 0.349999999999999978
21.0 3.0 0.380000000000000004
21.0 4.0 0.369999999999999996
22.0 0.0 0.419999999999999984
22.0 1.0 0.280000000000000027
22.0 2.0 0.359999999999999987
22.0 3.0 0.390000000000000013
22.0 4.0 0.289999999999999980
23.0 0.0 0.390000000000000013
23.0 1.0 0.280000000000000027
23.0 2.0 0.390000000000000013
23.0 3.0 0.349999999999999978
23.0 4.0 0.440000000000000002
24.0 0.0 0.400000000000000022
24.0 1.0 0.390000000000000013
24.0 2.0 0.250000000000000000
24.0 3.0 0.349999999999999978
24.0 4.0 0.349999999999999978
25.0 0.0 0.419999999999999984
25.0 1.0 0.380000000000000004
25.0 2.0 0.460000000000000020
25.0 3.0 0.369999999999999996
25.0 4.0 0.359999999999999987
26.0 0.0 0.390000000000000013
26.0 1.0 0.390000000000000013
26.0 2.0 0.419999999999999984
26.0 3.0 0.309999999999999998
26.0 4.0 0.419999999999999984
27.0 0.0 0.419999999999999984
27.0 1.0 0.330000000000000016
27.0 2.0 0.270000000000000018
27.0 3.0 0.369999999999999996
27.0 4.0 0.390000000000000013
28.0 0.0 0.469999999999999973
28.0 1.0 0.359999999999999987
28.0 2.0 0.349999999999999978
28.0 3.0 0.359999999999999987
28.0 4.0 0.390000000000000013
29.0 0.0 0.330000000000000016
29.0 1.0 0.380000000000000004
29.0 2.0 0.359999999999999987
29.0 3.0 0.320000000000000007
29.0 4.0 0.409999999999999976
30.0 0.0 0.390000000000000013
30.0 1.0 0.359999999999999987
30.0 2.0 0.390000000000000013
30.0 3.0 0.400000000000000022
30.0 4.0 0.320000000000000007
31.0 0.0 0.349999999999999978
31.0 1.0 0.349999999999999978
31.0 2.0 0.409999999999999976
31.0 3.0 0.400000000000000022
31.0 4.0 0.349999999999999978
32.0 0.0 0.309999999999999998
32.0 1.0 0.330000000000000016
32.0 2.0 0.349999999999999978
32.0 3.0 0.390000000000000013
32.0 4.0 0.340000000000000024
33.0 0.0 0.380000000000000004
33.0 1.0 0.380000000000000004
33.0 2.0 0.419999999999999984
33.0 3.0 0.390000000000000013
33.0 4.0 0.330000000000000016
34.0 0.0 0.380000000000000004
34.0 1.0 0.340000000000000024
34.0 2.0 0.369999999999999996
34.0 3.0 0.419999999999999984
34.0 4.0 0.429999999999999993
35.0 0.0 0.320000000000000007
35.0 1.0 0.320000000000000007
35.0 2.0 0.409999999999999976
35.0 3.0 0.409999999999999976
35.0 4.0 0.289999999999999980
36.0 0.0 0.349999999999999978
36.0 1.0 0.400000000000000022
36.0 2.0 0.340000000000000024
36.0 3.0 0.429999999999999993
36.0 4.0 0.390000000000000013
37.0 0.0 0.400000000000000022
37.0 1.0 0.380000000000000004
37.0 2.0 0.340000000000000024
37.0 3.0 0.359999999999999987
37.0 4.0 0.270000000000000018
38.0 0.0 0.400000000000000022
38.0 1.0 0.260000000000000009
38.0 2.0 0.309999999999999998
38.0 3.0 0.349999999999999978
38.0 4.0 0.299999999999999989
39.0 0.0 0.359999999999999987
39.0 1.0 0.280000000000000027
39.0 2.0 0.400000000000000022
39.0 3.0 0.460000000000000020
39.0 4.0 0.440000000000000002
40.0 0.0 0.359999999999999987
40.0 1.0 0.400000000000000022
40.0 2.0 0.469999999999999973
40.0 3.0 0.340000000000000024
40.0 4.0 0.349999999999999978
41.0 0.0 0.320000000000000007
41.0 1.0 0.260000000000000009
41.0 2.0 0.359999999999999987
41.0 3.0 0.419999999999999984
41.0 4.0 0.349999999999999978
42.0 0.0 0.400000000000000022
42.0 1.0 0.330000000000000016
42.0 2.0 0.409999999999999976
42.0 3.0 0.369999999999999996
42.0 4.0 0.369999999999999996
43.0 0.0 0.359999999999999987
43.0 1.0 0.419999999999999984
43.0 2.0 0.419999999999999984
43.0 3.0 0.320000000000000007
43.0 4.0 0.369999999999999996
44.0 0.0 0.400000000000000022
44.0 1.0 0.409999999999999976
44.0 2.0 0.369999999999999996
44.0 3.0 0.340000000000000024
44.0 4.0 0.390000000000000013
45.0 0.0 0.369999999999999996
45.0 1.0 0.349999999999999978
45.0 2.0 0.400000000000000022
45.0 3.0 0.390000000000000013
45.0 4.0 0.349999999999999978
46.0 0.0 0.390000000000000013
46.0 1.0 0.260000000000000009
46.0 2.0 0.400000000000000022
46.0 3.0 0.340000000000000024
46.0 4.0 0.460000000000000020
47.0 0.0 0.440000000000000002
47.0 1.0 0.330000000000000016
47.0 2.0 0.390000000000000013
47.0 3.0 0.419999999999999984
47.0 4.0 0.429999999999999993
48.0 0.0 0.309999999999999998
48.0 1.0 0.400000000000000022
48.0 2.0 0.330000000000000016
48.0 3.0 0.369999999999999996
48.0 4.0 0.390000000000000013
49.0 0.0 0.400000000000000022
49.0 1.0 0.330000000000000016
49.0 2.0 0.309999999999999998
49.0 3.0 0.380000000000000004
49.0 4.0 0.429999999999999993
50.0 0.0 0.289999999999999980
50.0 1.0 0.359999999999999987
50.0 2.0 0.340000000000000024
50.0 3.0 0.349999999999999978
50.0 4.0 0.400000000000000022
51.0 0.0 0.320000000000000007
51.0 1.0 0.369999999999999996
51.0 2.0 0.400000000000000022
51.0 3.0 0.440000000000000002
51.0 4.0 0.340000000000000024
52.0 0.0 0.390000000000000013
52.0 1.0 0.369999999999999996
52.0 2.0 0.359999999999999987
52.0 3.0 0.340000000000000024
52.0 4.0 0.369999999999999996
53.0 0.0 0.369999999999999996
53.0 1.0 0.429999999999999993
53.0 2.0 0.289999999999999980
53.0 3.0 0.460000000000000020
53.0 4.0 0.380000000000000004
54.0 0.0 0.380000000000000004
54.0 1.0 0.380000000000000004
54.0 2.0 0.419999999999999984
54.0 3.0 0.340000000000000024
54.0 4.0 0.270000000000000018
55.0 0.0 0.260000000000000009
55.0 1.0 0.400000000000000022
55.0 2.0 0.330000000000000016
55.0 3.0 0.369999999999999996
55.0 4.0 0.390000000000000013
56.0 0.0 0.349999999999999978
56.0 1.0 0.320000000000000007
56.0 2.0 0.340000000000000024
56.0 3.0 0.409999999999999976
56.0 4.0 0.390000000000000013
57.0 0.0 0.220000000000000001
57.0 1.0 0.429999999999999993
57.0 2.0 0.440000000000000002
57.0 3.0 0.400000000000000022
57.0 4.0 0.289999999999999980
58.0 0.0 0.419999999999999984
58.0 1.0 0.340000000000000024
58.0 2.0 0.409999999999999976
58.0 3.0 0.419999999999999984
58.0 4.0 0.280000000000000027
59.0 0.0 0.340000000000000024
59.0 1.0 0.340000000000000024
59.0 2.0 0.330000000000000016
59.0 3.0 0.409999999999999976
59.0 4.0 0.440000000000000002
60.0 0.0 0.440000000000000002
60.0 1.0 0.390000000000000013
60.0 2.0 0.340000000000000024
60.0 3.0 0.429999999999999993
60.0 4.0 0.419999999999999984
61.0 0.0 0.349999999999999978
61.0 1.0 0.369999999999999996
61.0 2.0 0.369999999999999996
61.0 3.0 0.340000000000000024
61.0 4.0 0.330000000000000016
62.0 0.0 0.330000000000000016
62.0 1.0 0.380000000000000004
62.0 2.0 0.419999999999999984
62.0 3.0 0.400000000000000022
62.0 4.0 0.390000000000000013
63.0 0.0 0.359999999999999987
63.0 1.0 0.380000000000000004
63.0 2.0 0.359999999999999987
63.0 3.0 0.390000000000000013
63.0 4.0 0.390000000000000013
64.0 0.0 0.340000000000000024
64.0 1.0 0.440000000000000002
64.0 2.0 0.349999999999999978
64.0 3.0 0.409999999999999976
64.0 4.0 0.270000000000000018
65.0 0.0 0.380000000000000004
65.0 1.0 0.400000000000000022
65.0 2.0 0.400000000000000022
65.0 3.0 0.380000000000000004
65.0 4.0 0.409999999999999976
66.0 0.0 0.349999999999999978
66.0 1.0 0.280000000000000027
66.0 2.0 0.429999999999999993
66.0 3.0 0.380000000000000004
66.0 4.0 0.299999999999999989
67.0 0.0 0.239999999999999991
67.0 1.0 0.400000000000000022
67.0 2.0 0.460000000000000020
67.0 3.0 0.369999999999999996
67.0 4.0 0.419999999999999984
68.0 0.0 0.309999999999999998
68.0 1.0 0.330000000000000016
68.0 2.0 0.429999999999999993
68.0 3.0 0.419999999999999984
68.0 4.0 0.450000000000000011
69.0 0.0 0.330000000000000016
69.0 1.0 0.299999999999999989
69.0 2.0 0.289999999999999980
69.0 3.0 0.390000000000000013
69.0 4.0 0.400000000000000022
70.0 0.0 0.179999999999999993
70.0 1.0 0.369999999999999996
70.0 2.0 0.369999999999999996
70.0 3.0 0.460000000000000020
70.0 4.0 0.429999999999999993
71.0 0.0 0.260000000000000009
71.0 1.0 0.349999999999999978
71.0 2.0 0.409999999999999976
71.0 3.0 0.359999999999999987
71.0 4.0 0.440000000000000002
72.0 0.0 0.369999999999999996
72.0 1.0 0.419999999999999984
72.0 2.0 0.380000000000000004
72.0 3.0 0.349999999999999978
72.0 4.0 0.409999999999999976
73.0 0.0 0.380000000000000004
73.0 1.0 0.309999999999999998
73.0 2.0 0.299999999999999989
73.0 3.0 0.340000000000000024
73.0 4.0 0.400000000000000022
74.0 0.0 0.340000000000000024
74.0 1.0 0.419999999999999984
74.0 2.0 0.299999999999999989
74.0 3.0 0.359999999999999987
74.0 4.0 0.309999999999999998
75.0 0.0 0.409999999999999976
75.0 1.0 0.349999999999999978
75.0 2.0 0.270000000000000018
75.0 3.0 0.390000000000000013
75.0 4.0 0.390000000000000013
76.0 0.0 0.380000000000000004
76.0 1.0 0.359999999999999987
76.0 2.0 0.359999999999999987
76.0 3.0 0.309999999999999998
76.0 4.0 0.380000000000000004
77.0 0.0 0.369999999999999996
77.0 1.0 0.349999999999999978
77.0 2.0 0.349999999999999978
77.0 3.0 0.429999999999999993
77.0 4.0 0.400000000000000022
78.0 0.0 0.320000000000000007
78.0 1.0 0.390000000000000013
78.0 2.0 0.330000000000000016
78.0 3.0 0.289999999999999980
78.0 4.0 0.380000000000000004
79.0 0.0 0.400000000000000022
79.0 1.0 0.369999999999999996
79.0 2.0 0.209999999999999992
79.0 3.0 0.460000000000000020
79.0 4.0 0.369999999999999996
80.0 0.0 0.369999999999999996
80.0 1.0 0.390000000000000013
80.0 2.0 0.390000000000000013
80.0 3.0 0.239999999999999991
80.0 4.0 0.380000000000000004
81.0 0.0 0.429999999999999993
81.0 1.0 0.400000000000000022
81.0 2.0 0.390000000000000013
81.0 3.0 0.349999999999999978
81.0 4.0 0.340000000000000024
82.0 0.0 0.390000000000000013
82.0 1.0 0.390000000000000013
82.0 2.0 0.349999999999999978
82.0 3.0 0.450000000000000011
82.0 4.0 0.390000000000000013
83.0 0.0 0.320000000000000007
83.0 1.0 0.320000000000000007
83.0 2.0 0.409999999999999976
83.0 3.0 0.400000000000000022
83.0 4.0 0.299999999999999989
84.0 0.0 0.289999999999999980
84.0 1.0 0.409999999999999976
84.0 2.0 0.369999999999999996
84.0 3.0 0.330000000000000016
84.0 4.0 0.320000000000000007
85.0 0.0 0.369999999999999996
85.0 1.0 0.349999999999999978
85.0 2.0 0.220000000000000001
85.0 3.0 0.419999999999999984
85.0 4.0 0.390000000000000013
86.0 0.0 0.320000000000000007
86.0 1.0 0.390000000000000013
86.0 2.0 0.340000000000000024
86.0 3.0 0.330000000000000016
86.0 4.0 0.309999999999999998
87.0 0.0 0.299999999999999989
87.0 1.0 0.250000000000000000
87.0 2.0 0.380000000000000004
87.0 3.0 0.320000000000000007
87.0 4.0 0.289999999999999980
88.0 0.0 0.349999999999999978
88.0 1.0 0.359999999999999987
88.0 2.0 0.409999999999999976
88.0 3.0 0.380000000000000004
88.0 4.0 0.460000000000000020
89.0 0.0 0.340000000000000024
89.0 1.0 0.320000000000000007
89.0 2.0 0.359999999999999987
89.0 3.0 0.340000000000000024
89.0 4.0 0.440000000000000002
90.0 0.0 0.400000000000000022
90.0 1.0 0.409999999999999976
90.0 2.0 0.320000000000000007
90.0 3.0 0.419999999999999984
90.0 4.0 0.330000000000000016
91.0 0.0 0.299999999999999989
91.0 1.0 0.440000000000000002
91.0 2.0 0.400000000000000022
91.0 3.0 0.390000000000000013
91.0 4.0 0.299999999999999989
92.0 0.0 0.239999999999999991
92.0 1.0 0.349999999999999978
92.0 2.0 0.369999999999999996
92.0 3.0 0.400000000000000022
92.0 4.0 0.419999999999999984
93.0 0.0 0.340000000000000024
93.0 1.0 0.429999999999999993
93.0 2.0 0.369999999999999996
93.0 3.0 0.330000000000000016
93.0 4.0 0.369999999999999996
94.0 0.0 0.340000000000000024
94.0 1.0 0.429999999999999993
94.0 2.0 0.309999999999999998
94.0 3.0 0.469999999999999973
94.0 4.0 0.359999999999999987
95.0 0.0 0.369999999999999996
95.0 1.0 0.409999999999999976
95.0 2.0 0.400000000000000022
95.0 3.0 0.299999999999999989
95.0 4.0 0.349999999999999978
96.0 0.0 0.369999999999999996
96.0 1.0 0.340000000000000024
96.0 2.0 0.330000000000000016
96.0 3.0 0.409999999999999976
96.0 4.0 0.440000000000000002
97.0 0.0 0.230000000000000010
97.0 1.0 0.369999999999999996
97.0 2.0 0.320000000000000007
97.0 3.0 0.429999999999999993
97.0 4.0 0.489999999999999991
98.0 0.0 0.429999999999999993
98.0 1.0 0.390000000000000013
98.0 2.0 0.419999999999999984
98.0 3.0 0.369999999999999996
98.0 4.0 0.380000000000000004
99.0 0.0 0.349999999999999978
99.0 1.0 0.390000000000000013
99.0 2.0 0.270000000000000018
99.0 3.0 0.330000000000000016
99.0 4.0 0.380000000000000004
