0.0 0.0 0.588493292053663630
0.0 1.0 0.586945304437564541
0.0 2.0 0.598297213622291046
0.0 3.0 0.581278460348827242
0.0 4.0 0.582996821032734758
1.0 0.0 0.592363261093911242
1.0 1.0 0.598297213622291046
1.0 2.0 0.614035087719298267
1.0 3.0 0.605120714838044527
1.0 4.0 0.579989689835896494
2.0 0.0 0.592879256965944235
2.0 1.0 0.595459236326109420
2.0 2.0 0.578173374613003110
2.0 3.0 0.575994501245811530
2.0 4.0 0.609545493599106480
3.0 0.0 0.608617131062951455
3.0 1.0 0.592363261093911242
3.0 2.0 0.593911248710010331
3.0 3.0 0.581278460348827242
3.0 4.0 0.590987198212904907
4.0 0.0 0.604747162022703844
4.0 1.0 0.618421052631578982
4.0 2.0 0.578689370485036103
4.0 3.0 0.580419280006873484
4.0 4.0 0.557865796030586836
5.0 0.0 0.593395252837977338
5.0 1.0 0.589009287925696512
5.0 2.0 0.618421052631578982
5.0 3.0 0.570280951971818828
5.0 4.0 0.586992009622819833
6.0 0.0 0.588493292053663630
6.0 1.0 0.602683178534571762
6.0 2.0 0.581269349845201178
6.0 3.0 0.573288083168657092
6.0 4.0 0.605120714838044527
7.0 0.0 0.567853457172342591
7.0 1.0 0.594427244582043324
7.0 2.0 0.603715170278637747
7.0 3.0 0.620543001976114783
7.0 4.0 0.585273648938912316
8.0 0.0 0.593395252837977338
8.0 1.0 0.608617131062951455
8.0 2.0 0.589009287925696512
8.0 3.0 0.571140132313772697
8.0 4.0 0.610404673941060238
9.0 0.0 0.592879256965944235
9.0 1.0 0.587977296181630527
9.0 2.0 0.596749226006191957
9.0 3.0 0.594982386802989982
9.0 4.0 0.601125526247959452
10.0 0.0 0.611971104231166185
10.0 1.0 0.608617131062951455
10.0 2.0 0.583075335397316818
10.0 3.0 0.591846378554858665
10.0 4.0 0.566414640433026806
11.0 0.0 0.612487100103199178
11.0 1.0 0.578689370485036103
11.0 2.0 0.584623323013415908
11.0 3.0 0.610834264112037117
11.0 4.0 0.582567230861757879
12.0 0.0 0.599329205366357032
12.0 1.0 0.561661506707946345
12.0 2.0 0.594427244582043324
12.0 3.0 0.581708050519804121
12.0 4.0 0.589698427699974159
13.0 0.0 0.603715170278637747
13.0 1.0 0.568369453044375694
13.0 2.0 0.616873065015479893
13.0 3.0 0.575564911074834651
13.0 4.0 0.590557608041928028
14.0 0.0 0.579721362229102199
14.0 1.0 0.569401444788441680
14.0 2.0 0.593911248710010331
14.0 3.0 0.590557608041928028
14.0 4.0 0.600695936076982573
15.0 0.0 0.576109391124871029
15.0 1.0 0.593911248710010331
15.0 2.0 0.613519091847265163
15.0 3.0 0.586992009622819833
15.0 4.0 0.586562419451842953
16.0 0.0 0.585655314757481893
16.0 1.0 0.583591331269349811
16.0 2.0 0.585655314757481893
16.0 3.0 0.601125526247959452
16.0 4.0 0.585273648938912316
17.0 0.0 0.597265221878225061
17.0 1.0 0.582559339525283826
17.0 2.0 0.604231166150670851
17.0 3.0 0.600695936076982573
17.0 4.0 0.568433714236618259
18.0 0.0 0.573787409700722395
18.0 1.0 0.565531475748193957
18.0 2.0 0.617905056759545879
18.0 3.0 0.575994501245811530
18.0 4.0 0.623679010224245989
19.0 0.0 0.583591331269349811
19.0 1.0 0.583075335397316818
19.0 2.0 0.622807017543859587
19.0 3.0 0.586992009622819833
19.0 4.0 0.575994501245811530
20.0 0.0 0.598813209494324039
20.0 1.0 0.588493292053663630
20.0 2.0 0.590041279669762608
20.0 3.0 0.599836755735028815
20.0 4.0 0.595841567144943740
21.0 0.0 0.603715170278637747
21.0 1.0 0.581785345717234281
21.0 2.0 0.574819401444788491
21.0 3.0 0.577712861929719046
21.0 4.0 0.608686313257152722
22.0 0.0 0.580237358101135192
22.0 1.0 0.593395252837977338
22.0 2.0 0.602683178534571762
22.0 3.0 0.580848870177850363
22.0 4.0 0.590987198212904907
23.0 0.0 0.580237358101135192
23.0 1.0 0.598297213622291046
23.0 2.0 0.574819401444788491
23.0 3.0 0.599836755735028815
23.0 4.0 0.596271157315920619
24.0 0.0 0.568885448916408687
24.0 1.0 0.599329205366357032
24.0 2.0 0.576625386996904021
24.0 3.0 0.591416788383881786
24.0 4.0 0.606409485350975164
25.0 0.0 0.593395252837977338
25.0 1.0 0.587719298245613975
25.0 2.0 0.592879256965944235
25.0 3.0 0.605979895179998285
25.0 4.0 0.567144943723687622
26.0 0.0 0.575335397316821484
26.0 1.0 0.598297213622291046
26.0 2.0 0.603715170278637747
26.0 3.0 0.561860984620671911
26.0 4.0 0.610404673941060238
27.0 0.0 0.568885448916408687
27.0 1.0 0.583075335397316818
27.0 2.0 0.579205366357069096
27.0 3.0 0.599836755735028815
27.0 4.0 0.615259042873099071
28.0 0.0 0.599329205366357032
28.0 1.0 0.570949432404540769
28.0 2.0 0.613003095975232171
28.0 3.0 0.599836755735028815
28.0 4.0 0.583984878425981568
29.0 0.0 0.570433436532507776
29.0 1.0 0.612487100103199178
29.0 2.0 0.616873065015479893
29.0 3.0 0.586132829280866074
29.0 4.0 0.581708050519804121
30.0 0.0 0.610939112487100089
30.0 1.0 0.589009287925696512
30.0 2.0 0.590041279669762608
30.0 3.0 0.600695936076982573
30.0 4.0 0.561001804278718152
31.0 0.0 0.592363261093911242
31.0 1.0 0.585139318885448900
31.0 2.0 0.574303405572755388
31.0 3.0 0.605550305009021406
31.0 4.0 0.605120714838044527
32.0 0.0 0.572755417956656299
32.0 1.0 0.573271413828689402
32.0 2.0 0.605779153766769829
32.0 3.0 0.599407165564051825
32.0 4.0 0.586132829280866074
33.0 0.0 0.593911248710010331
33.0 1.0 0.602683178534571762
33.0 2.0 0.579205366357069096
33.0 3.0 0.576424091416788409
33.0 4.0 0.615688633044075950
34.0 0.0 0.593911248710010331
34.0 1.0 0.587977296181630527
34.0 2.0 0.590041279669762608
34.0 3.0 0.582567230861757879
34.0 4.0 0.591416788383881786
35.0 0.0 0.593911248710010331
35.0 1.0 0.597265221878225061
35.0 2.0 0.574819401444788491
35.0 3.0 0.594123206461036113
35.0 4.0 0.605550305009021406
36.0 0.0 0.598813209494324039
36.0 1.0 0.583591331269349811
36.0 2.0 0.585655314757481893
36.0 3.0 0.585703239109889195
36.0 4.0 0.576424091416788409
37.0 0.0 0.613003095975232171
37.0 1.0 0.591331269349845146
37.0 2.0 0.579205366357069096
37.0 3.0 0.590128017870951149
37.0 4.0 0.591416788383881786
38.0 0.0 0.584107327141382804
38.0 1.0 0.580753353973168185
38.0 2.0 0.584107327141382804
38.0 3.0 0.584414468596958447
38.0 4.0 0.625096657788469789
39.0 0.0 0.594427244582043324
39.0 1.0 0.593911248710010331
39.0 2.0 0.587461300309597534
39.0 3.0 0.600695936076982573
39.0 4.0 0.571569722484749576
40.0 0.0 0.593911248710010331
40.0 1.0 0.618421052631578982
40.0 2.0 0.556243550051599644
40.0 3.0 0.586132829280866074
40.0 4.0 0.601125526247959452
41.0 0.0 0.584623323013415908
41.0 1.0 0.553663570691434459
41.0 2.0 0.608101135190918463
41.0 3.0 0.595411976973966861
41.0 4.0 0.586562419451842953
42.0 0.0 0.578689370485036103
42.0 1.0 0.568885448916408687
42.0 2.0 0.608101135190918463
42.0 3.0 0.591416788383881786
42.0 4.0 0.568004124065641380
43.0 0.0 0.589525283797729616
43.0 1.0 0.631578947368421018
43.0 2.0 0.597265221878225061
43.0 3.0 0.576853681587765288
43.0 4.0 0.568004124065641380
44.0 0.0 0.587977296181630527
44.0 1.0 0.593395252837977338
44.0 2.0 0.609649122807017552
44.0 3.0 0.599836755735028815
44.0 4.0 0.604691124667067648
45.0 0.0 0.584107327141382804
45.0 1.0 0.601651186790505665
45.0 2.0 0.607585139318885470
45.0 3.0 0.572428902826703334
45.0 4.0 0.624538190566199858
46.0 0.0 0.582559339525283826
46.0 1.0 0.601135190918472673
46.0 2.0 0.602167182662538769
46.0 3.0 0.620972592147091662
46.0 4.0 0.586562419451842953
47.0 0.0 0.607585139318885470
47.0 1.0 0.565531475748193957
47.0 2.0 0.587977296181630527
47.0 3.0 0.594552796632012992
47.0 4.0 0.600266345906005694
48.0 0.0 0.612487100103199178
48.0 1.0 0.588493292053663630
48.0 2.0 0.579205366357069096
48.0 3.0 0.619683821634161025
48.0 4.0 0.575135320903857661
49.0 0.0 0.594427244582043324
49.0 1.0 0.593395252837977338
49.0 2.0 0.609649122807017552
49.0 3.0 0.594982386802989982
49.0 4.0 0.590128017870951149
50.0 0.0 0.608101135190918463
50.0 1.0 0.603715170278637747
50.0 2.0 0.594427244582043324
50.0 3.0 0.585273648938912316
50.0 4.0 0.572858492997680213
51.0 0.0 0.597265221878225061
51.0 1.0 0.608101135190918463
51.0 2.0 0.583591331269349811
51.0 3.0 0.592705558896812423
51.0 4.0 0.575994501245811530
52.0 0.0 0.581269349845201178
52.0 1.0 0.586945304437564541
52.0 2.0 0.609133126934984559
52.0 3.0 0.575564911074834651
52.0 4.0 0.595411976973966861
53.0 0.0 0.588493292053663630
53.0 1.0 0.603199174406604754
53.0 2.0 0.592363261093911242
53.0 3.0 0.586992009622819833
53.0 4.0 0.590987198212904907
54.0 0.0 0.578689370485036103
54.0 1.0 0.611455108359133082
54.0 2.0 0.589525283797729616
54.0 3.0 0.576424091416788409
54.0 4.0 0.595411976973966861
55.0 0.0 0.572239422084623306
55.0 1.0 0.593911248710010331
55.0 2.0 0.599329205366357032
55.0 3.0 0.605120714838044527
55.0 4.0 0.600266345906005694
56.0 0.0 0.582559339525283826
56.0 1.0 0.590041279669762608
56.0 2.0 0.593911248710010331
56.0 3.0 0.576424091416788409
56.0 4.0 0.604691124667067648
57.0 0.0 0.575335397316821484
57.0 1.0 0.566047471620227061
57.0 2.0 0.617389060887512886
57.0 3.0 0.586562419451842953
57.0 4.0 0.591846378554858665
58.0 0.0 0.500000000000000000
58.0 1.0 0.599329205366357032
58.0 2.0 0.608101135190918463
58.0 3.0 0.593135149067789302
58.0 4.0 0.604261534496090658
59.0 0.0 0.578689370485036103
59.0 1.0 0.617905056759545879
59.0 2.0 0.597781217750257943
59.0 3.0 0.586992009622819833
59.0 4.0 0.581708050519804121
60.0 0.0 0.579721362229102199
60.0 1.0 0.588493292053663630
60.0 2.0 0.612487100103199178
60.0 3.0 0.609975083770083359
60.0 4.0 0.553011427098548003
61.0 0.0 0.617905056759545879
61.0 1.0 0.583075335397316818
61.0 2.0 0.588493292053663630
61.0 3.0 0.584844058767935326
61.0 4.0 0.585273648938912316
62.0 0.0 0.598813209494324039
62.0 1.0 0.611971104231166185
62.0 2.0 0.575851393188854477
62.0 3.0 0.580848870177850363
62.0 4.0 0.574705730732880782
63.0 0.0 0.573787409700722395
63.0 1.0 0.603199174406604754
63.0 2.0 0.603199174406604754
63.0 3.0 0.581278460348827242
63.0 4.0 0.592705558896812423
64.0 0.0 0.575335397316821484
64.0 1.0 0.598297213622291046
64.0 2.0 0.589525283797729616
64.0 3.0 0.586132829280866074
64.0 4.0 0.590557608041928028
65.0 0.0 0.597781217750257943
65.0 1.0 0.594427244582043324
65.0 2.0 0.593395252837977338
65.0 3.0 0.576853681587765288
65.0 4.0 0.600266345906005694
66.0 0.0 0.583591331269349811
66.0 1.0 0.589009287925696512
66.0 2.0 0.602167182662538769
66.0 3.0 0.610404673941060238
66.0 4.0 0.567144943723687622
67.0 0.0 0.593395252837977338
67.0 1.0 0.590041279669762608
67.0 2.0 0.593911248710010331
67.0 3.0 0.586562419451842953
67.0 4.0 0.589698427699974159
68.0 0.0 0.593911248710010331
68.0 1.0 0.583075335397316818
68.0 2.0 0.618421052631578982
68.0 3.0 0.557436205859609957
68.0 4.0 0.587421599793796712
69.0 0.0 0.621259029927760498
69.0 1.0 0.598813209494324039
69.0 2.0 0.584107327141382804
69.0 3.0 0.575135320903857661
69.0 4.0 0.595841567144943740
70.0 0.0 0.569401444788441680
70.0 1.0 0.593395252837977338
70.0 2.0 0.593911248710010331
70.0 3.0 0.581278460348827242
70.0 4.0 0.591846378554858665
71.0 0.0 0.583075335397316818
71.0 1.0 0.591847265221878249
71.0 2.0 0.589525283797729616
71.0 3.0 0.610404673941060238
71.0 4.0 0.601555116418936331
72.0 0.0 0.579205366357069096
72.0 1.0 0.617905056759545879
72.0 2.0 0.583591331269349811
72.0 3.0 0.577283271758742167
72.0 4.0 0.591416788383881786
73.0 0.0 0.598813209494324039
73.0 1.0 0.587977296181630527
73.0 2.0 0.597781217750257943
73.0 3.0 0.589698427699974159
73.0 4.0 0.573717673339633971
74.0 0.0 0.597265221878225061
74.0 1.0 0.617389060887512886
74.0 2.0 0.590041279669762608
74.0 3.0 0.586992009622819833
74.0 4.0 0.572858492997680213
75.0 0.0 0.593911248710010331
75.0 1.0 0.500000000000000000
75.0 2.0 0.589525283797729616
75.0 3.0 0.624967780737176737
75.0 4.0 0.590557608041928028
76.0 0.0 0.602683178534571762
76.0 1.0 0.580237358101135192
76.0 2.0 0.598813209494324039
76.0 3.0 0.609545493599106480
76.0 4.0 0.572428902826703334
77.0 0.0 0.603199174406604754
77.0 1.0 0.608101135190918463
77.0 2.0 0.575335397316821484
77.0 3.0 0.576424091416788409
77.0 4.0 0.600266345906005694
78.0 0.0 0.579205366357069096
78.0 1.0 0.607585139318885470
78.0 2.0 0.576625386996904021
78.0 3.0 0.590557608041928028
78.0 4.0 0.592705558896812423
79.0 0.0 0.593911248710010331
79.0 1.0 0.625644994840041324
79.0 2.0 0.583075335397316818
79.0 3.0 0.572428902826703334
79.0 4.0 0.591846378554858665
80.0 0.0 0.597781217750257943
80.0 1.0 0.598297213622291046
80.0 2.0 0.626676986584107309
80.0 3.0 0.585273648938912316
80.0 4.0 0.573288083168657092
81.0 0.0 0.568369453044375694
81.0 1.0 0.631062951496388025
81.0 2.0 0.617389060887512886
81.0 3.0 0.572858492997680213
81.0 4.0 0.565125869920096280
82.0 0.0 0.579205366357069096
82.0 1.0 0.597265221878225061
82.0 2.0 0.597781217750257943
82.0 3.0 0.572428902826703334
82.0 4.0 0.605550305009021406
83.0 0.0 0.593911248710010331
83.0 1.0 0.579205366357069096
83.0 2.0 0.577657378740970118
83.0 3.0 0.601555116418936331
83.0 4.0 0.591416788383881786
84.0 0.0 0.598813209494324039
84.0 1.0 0.599329205366357032
84.0 2.0 0.560113519091847256
84.0 3.0 0.592275968725835544
84.0 4.0 0.585273648938912316
85.0 0.0 0.608101135190918463
85.0 1.0 0.611455108359133082
85.0 2.0 0.582043343653250722
85.0 3.0 0.571569722484749576
85.0 4.0 0.605550305009021406
86.0 0.0 0.584107327141382804
86.0 1.0 0.598297213622291046
86.0 2.0 0.603715170278637747
86.0 3.0 0.609115903428129490
86.0 4.0 0.571569722484749576
87.0 0.0 0.595459236326109420
87.0 1.0 0.576625386996904021
87.0 2.0 0.577141382868937014
87.0 3.0 0.620543001976114783
87.0 4.0 0.596700747486897498
88.0 0.0 0.583591331269349811
88.0 1.0 0.609649122807017552
88.0 2.0 0.579721362229102199
88.0 3.0 0.595111263854283035
88.0 4.0 0.590987198212904907
89.0 0.0 0.597265221878225061
89.0 1.0 0.611455108359133082
89.0 2.0 0.583075335397316818
89.0 3.0 0.600695936076982573
89.0 4.0 0.567144943723687622
90.0 0.0 0.568885448916408687
90.0 1.0 0.602167182662538769
90.0 2.0 0.589525283797729616
90.0 3.0 0.572858492997680213
90.0 4.0 0.620113411805137904
91.0 0.0 0.583075335397316818
91.0 1.0 0.598555211558307487
91.0 2.0 0.602683178534571762
91.0 3.0 0.586132829280866074
91.0 4.0 0.581278460348827242
92.0 0.0 0.589009287925696512
92.0 1.0 0.589009287925696512
92.0 2.0 0.578689370485036103
92.0 3.0 0.586132829280866074
92.0 4.0 0.615259042873099071
93.0 0.0 0.593395252837977338
93.0 1.0 0.569917440660474783
93.0 2.0 0.593911248710010331
93.0 3.0 0.604261534496090658
93.0 4.0 0.597989517999828135
94.0 0.0 0.602683178534571762
94.0 1.0 0.584107327141382804
94.0 2.0 0.602167182662538769
94.0 3.0 0.582137640690781000
94.0 4.0 0.586562419451842953
95.0 0.0 0.574819401444788491
95.0 1.0 0.608101135190918463
95.0 2.0 0.599329205366357032
95.0 3.0 0.571569722484749576
95.0 4.0 0.575564911074834651
96.0 0.0 0.585139318885448900
96.0 1.0 0.623839009287925794
96.0 2.0 0.598297213622291046
96.0 3.0 0.575564911074834651
96.0 4.0 0.594123206461036113
97.0 0.0 0.561919504643962897
97.0 1.0 0.613003095975232171
97.0 2.0 0.575335397316821484
97.0 3.0 0.615259042873099071
97.0 4.0 0.595411976973966861
98.0 0.0 0.590815273477812153
98.0 1.0 0.599845201238390136
98.0 2.0 0.586171310629514997
98.0 3.0 0.594982386802989982
98.0 4.0 0.572858492997680213
99.0 0.0 0.608101135190918463
99.0 1.0 0.573787409700722395
99.0 2.0 0.596749226006191957
99.0 3.0 0.595411976973966861
99.0 4.0 0.600695936076982573
